0:1048576,1048829,1049400,1049469,1049780,1049810,1050301,1050346,1050521,1050625,1050640,1050738,1050756,1050964,1050973,1051131,1051293,1051504,1051545,1051547
16:1048577,1048615,1048621,1048623,1048638,1048670,1048671,1048679,1048686,1048701,1048719,1048721,1048725,1048751,1048752,1048754,1048755,1048756,1048757,1048779,1048784,1048785,1048799,1048801,1048806,1048811,1048816,1048818,1048821,1048823,1048826,1048829,1048835,1048841,1048847,1048859,1048872,1048878,1048892,1048894,1048895,1048896,1048897,1048902,1048917,1048938,1048942,1048955,1048963,1048989,1049004,1049010,1049011,1049016,1049037,1049039,1049054,1049058,1049072,1049090,1049102,1049106,1049108,1049111,1049118,1049136,1049170,1049191,1049212,1049219,1049229,1049245,1049246,1049252,1049270,1049292,1049296,1049299,1049302,1049399,1049425,1049433,1049436,1049442,1049447,1049465,1049466,1049470,1049487,1049507,1049510,1049515,1049521,1049525,1049526,1049537,1049539,1049547,1049557,1049576,1049578,1049582,1049585,1049587,1049588,1049590,1049592,1049600,1049604,1049606,1049607,1049608,1049618,1049620,1049621,1049622,1049624,1049626,1049627,1049637,1049640,1049641,1049642,1049647,1049653,1049663,1049673,1049674,1049684,1049696,1049697,1049709,1049710,1049718,1049729,1049730,1049733,1049734,1049735,1049739,1049741,1049744,1049745,1049747,1049751,1049754,1049758,1049759,1049760,1049761,1049763,1049769,1049770,1049772,1049779,1049783,1049789,1049790,1049791,1049798,1049805,1049806,1049809,1049810,1049811,1049813,1049818,1049835,1049840,1049846,1049847,1049856,1049857,1049860,1049861,1049865,1049869,1049870,1049873,1049882,1049883,1049890,1049898,1049899,1049900,1049908,1049909,1049921,1049922,1049925,1049929,1049933,1049934,1049937,1049938,1049939,1049942,1049954,1049956,1049958,1049961,1049962,1049965,1049967,1049968,1049972,1049973,1049974,1049979,1049983,1049985,1049986,1049988,1049990,1049998,1050000,1050002,1050005,1050007,1050009,1050015,1050018,1050020,1050034,1050039,1050040,1050043,1050044,1050045,1050048,1050050,1050051,1050058,1050060,1050061,1050062,1050066,1050070,1050072,1050076,1050077,1050079,1050081,1050082,1050091,1050092,1050093,1050100,1050101,1050102,1050103,1050105,1050108,1050110,1050111,1050116,1050117,1050118,1050119,1050123,1050125,1050128,1050139,1050142,1050147,1050151,1050152,1050153,1050164,1050165,1050166,1050167,1050168,1050169,1050173,1050176,1050180,1050184,1050187,1050194,1050196,1050198,1050200,1050203,1050205,1050206,1050207,1050209,1050213,1050215,1050216,1050218,1050221,1050224,1050226,1050227,1050235,1050239,1050240,1050241,1050242,1050246,1050247,1050248,1050249,1050252,1050255,1050256,1050259,1050264,1050266,1050267,1050268,1050270,1050272,1050275,1050278,1050280,1050281,1050285,1050287,1050288,1050294,1050295,1050296,1050297,1050299,1050300,1050301,1050313,1050315,1050316,1050317,1050323,1050327,1050328,1050339,1050343,1050344,1050345,1050346,1050363,1050371,1050374,1050383,1050385,1050386,1050391,1050400,1050402,1050403,1050409,1050410,1050411,1050419,1050421,1050422,1050427,1050430,1050431,1050437,1050442,1050443,1050445,1050446,1050450,1050452,1050453,1050454,1050459,1050461,1050463,1050464,1050465,1050466,1050468,1050477,1050483,1050484,1050487,1050489,1050491,1050499,1050500,1050502,1050505,1050506,1050511,1050514,1050515,1050521,1050526,1050527,1050531,1050537,1050547,1050551,1050552,1050553,1050564,1050572,1050577,1050579,1050593,1050595,1050599,1050605,1050608,1050609,1050610,1050611,1050622,1050626,1050627,1050628,1050634,1050635,1050637,1050639,1050640,1050644,1050648,1050656,1050657,1050666,1050669,1050670,1050676,1050680,1050681,1050683,1050685,1050686,1050687,1050688,1050689,1050700,1050703,1050705,1050709,1050713,1050714,1050715,1050716,1050718,1050720,1050721,1050726,1050727,1050728,1050735,1050751,1050752,1050753,1050754,1050756,1050762,1050763,1050764,1050769,1050771,1050772,1050773,1050777,1050778,1050779,1050783,1050785,1050790,1050791,1050794,1050801,1050808,1050820,1050823,1050828,1050837,1050838,1050840,1050842,1050847,1050848,1050849,1050850,1050852,1050858,1050862,1050864,1050874,1050875,1050876,1050877,1050878,1050880,1050883,1050889,1050892,1050895,1050896,1050898,1050914,1050917,1050918,1050919,1050927,1050929,1050930,1050931,1050933,1050940,1050942,1050947,1050949,1050952,1050953,1050954,1050955,1050958,1050963,1050965,1050976,1050977,1050995,1050996,1050998,1051006,1051013,1051022,1051026,1051030,1051031,1051044,1051045,1051058,1051059,1051061,1051067,1051068,1051069,1051074,1051076,1051090,1051093,1051094,1051098,1051099,1051109,1051110,1051111,1051113,1051118,1051121,1051122,1051129,1051131,1051135,1051136,1051142,1051143,1051144,1051154,1051155,1051157,1051167,1051169,1051170,1051173,1051178,1051179,1051181,1051184,1051195,1051196,1051197,1051198,1051200,1051206,1051220,1051221,1051225,1051227,1051231,1051232,1051239,1051243,1051244,1051257,1051258,1051259,1051261,1051262,1051263,1051267,1051270,1051271,1051276,1051278,1051279,1051280,1051285,1051290,1051291,1051293,1051294,1051295,1051297,1051301,1051303,1051304,1051305,1051307,1051309,1051315,1051316,1051321,1051329,1051340,1051344,1051346,1051352,1051361,1051362,1051363,1051369,1051373,1051374,1051376,1051383,1051386,1051387,1051390,1051391,1051392,1051395,1051397,1051401,1051403,1051410,1051412,1051413,1051414,1051416,1051417,1051422,1051424,1051426,1051427,1051432,1051434,1051437,1051439,1051440,1051441,1051443,1051445,1051446,1051448,1051449,1051451,1051452,1051455,1051457,1051462,1051463,1051465,1051467,1051471,1051472,1051477,1051478,1051480,1051486,1051487,1051488,1051489,1051491,1051495,1051496,1051499,1051500,1051504,1051512,1051513,1051514,1051518,1051519,1051521,1051522,1051534,1051537,1051541,1051546,1051547,1051555,1051556,1051561,1051562,1051564,1051565,1051566,1051574,1051577,1051578,1051579,1051580,1051584,1051585,1051586,1051587,1051589,1051591,1051593,1051595,1051596,1051608,1051611,1051612,1051614,1051615,1051617,1051618,1051621,1051622,1051623,1051624,1051625,1051627,1051630,1051632,1051634,1051639,1051644,1051645,1051646,1051647,1051648,1051649,1051651,1051652,1051653,1051655,1051659,1051662,1051667,1051668,1051669,1051671,1051673,1051675,1051676,1051678,1051680,1051685,1051686,1051687,1051689,1051690,1051692,1051700,1051702,1051704,1051708,1051712,1051713,1051717,1051718,1051719,1051720,1051721,1051724,1051725,1051726,1051727,1051728,1051729,1051735,1051740,1051747,1051766,1051769,1051776,1051778
32:1048578,1048583,1048587,1048617,1048618,1048619,1048632,1048636,1048649,1048651,1048664,1048678,1048680,1048682,1048685,1048716,1048721,1048726,1048740,1048764,1048769,1048772,1048775,1048776,1048780,1048800,1048812,1048813,1048815,1048819,1048821,1048822,1048828,1048829,1048836,1048838,1048867,1048869,1048887,1048896,1048903,1048942,1048953,1048961,1048974,1048985,1048988,1048991,1049001,1049002,1049011,1049026,1049027,1049043,1049049,1049053,1049062,1049065,1049073,1049074,1049075,1049078,1049080,1049093,1049094,1049103,1049104,1049108,1049112,1049113,1049114,1049115,1049123,1049124,1049125,1049126,1049161,1049182,1049208,1049227,1049239,1049250,1049252,1049258,1049271,1049273,1049279,1049282,1049283,1049285,1049286,1049289,1049302,1049303,1049307,1049312,1049323,1049326,1049327,1049330,1049342,1049343,1049347,1049363,1049364,1049366,1049367,1049368,1049393,1049398,1049415,1049425,1049437,1049444,1049457,1049467,1049473,1049477,1049486,1049505,1049527,1049539,1049552,1049554,1049557,1049581,1049582,1049586,1049594,1049603,1049621,1049623,1049648,1049671,1049673,1049674,1049676,1049685,1049706,1049719,1049726,1049728,1049732,1049735,1049743,1049765,1049770,1049772,1049775,1049781,1049790,1049814,1049819,1049831,1049832,1049846,1049855,1049884,1049908,1049913,1049922,1049924,1049941,1049946,1049948,1049953,1049960,1049961,1049966,1049977,1049982,1049995,1050010,1050014,1050020,1050035,1050058,1050059,1050064,1050066,1050073,1050079,1050080,1050081,1050082,1050085,1050091,1050094,1050099,1050106,1050108,1050127,1050139,1050141,1050149,1050150,1050154,1050155,1050156,1050157,1050158,1050159,1050160,1050164,1050165,1050178,1050181,1050184,1050198,1050201,1050210,1050217,1050226,1050229,1050234,1050240,1050246,1050248,1050253,1050254,1050258,1050261,1050266,1050267,1050269,1050270,1050271,1050283,1050287,1050288,1050289,1050292,1050315,1050316,1050345,1050355,1050356,1050358,1050361,1050362,1050366,1050369,1050380,1050382,1050383,1050384,1050385,1050396,1050399,1050419,1050421,1050426,1050432,1050433,1050438,1050441,1050450,1050456,1050466,1050467,1050470,1050485,1050502,1050507,1050519,1050520,1050571,1050577,1050590,1050598,1050614,1050626,1050637,1050645,1050646,1050647,1050657,1050662,1050664,1050668,1050669,1050670,1050674,1050680,1050681,1050689,1050713,1050721,1050725,1050726,1050728,1050734,1050738,1050740,1050744,1050748,1050749,1050751,1050753,1050763,1050769,1050775,1050776,1050792,1050805,1050810,1050811,1050822,1050824,1050835,1050837,1050844,1050847,1050855,1050876,1050881,1050889,1050890,1050899,1050915,1050928,1050931,1050932,1050936,1050946,1050952,1050955,1050963,1050965,1050967,1050972,1050982,1050997,1050998,1051003,1051004,1051006,1051010,1051013,1051021,1051022,1051024,1051041,1051044,1051048,1051058,1051062,1051064,1051075,1051084,1051085,1051090,1051093,1051094,1051095,1051106,1051110,1051117,1051122,1051131,1051132,1051144,1051148,1051151,1051157,1051158,1051167,1051168,1051170,1051175,1051186,1051195,1051204,1051209,1051210,1051217,1051221,1051236,1051237,1051238,1051251,1051265,1051277,1051285,1051290,1051297,1051308,1051311,1051313,1051320,1051324,1051330,1051333,1051341,1051350,1051352,1051356,1051360,1051363,1051377,1051397,1051399,1051405,1051408,1051414,1051415,1051416,1051417,1051424,1051427,1051428,1051430,1051432,1051435,1051436,1051440,1051445,1051469,1051471,1051499,1051503,1051506,1051510,1051512,1051520,1051524,1051531,1051532,1051536,1051537,1051544,1051546,1051548,1051561,1051567,1051568,1051573,1051596,1051606,1051612,1051613,1051619,1051620,1051634,1051640,1051642,1051643,1051645,1051646,1051650,1051662,1051664,1051668,1051676,1051677,1051681,1051697,1051702,1051703,1051705,1051706,1051709,1051712,1051714,1051717,1051722,1051731,1051733,1051735,1051736,1051742,1051743,1051752,1051757,1051764
48:1048581,1048587,1048595,1048614,1048649,1048653,1048666,1048667,1048670,1048679,1048686,1048807,1048857,1048886,1048894,1048895,1048902,1048910,1048975,1048978,1049010,1049016,1049050,1049070,1049072,1049106,1049112,1049133,1049138,1049171,1049194,1049223,1049254,1049328,1049334,1049381,1049399,1049523,1049530,1049539,1049556,1049559,1049578,1049585,1049604,1049605,1049646,1049648,1049710,1049718,1049725,1049728,1049730,1049732,1049742,1049744,1049755,1049758,1049809,1049811,1049812,1049835,1049837,1049840,1049842,1049845,1049847,1049854,1049865,1049890,1049901,1049919,1049924,1049926,1049928,1049934,1049938,1049944,1049962,1049963,1049974,1049978,1049979,1049996,1050010,1050019,1050030,1050032,1050039,1050042,1050051,1050063,1050066,1050089,1050102,1050110,1050111,1050124,1050144,1050148,1050159,1050163,1050165,1050176,1050184,1050197,1050207,1050230,1050231,1050243,1050244,1050250,1050254,1050258,1050259,1050268,1050271,1050280,1050281,1050289,1050292,1050328,1050341,1050343,1050384,1050400,1050410,1050412,1050430,1050461,1050474,1050482,1050486,1050492,1050496,1050497,1050503,1050511,1050579,1050592,1050595,1050637,1050641,1050651,1050667,1050668,1050671,1050687,1050688,1050709,1050712,1050721,1050727,1050739,1050748,1050750,1050761,1050763,1050764,1050769,1050771,1050790,1050793,1050843,1050845,1050850,1050851,1050876,1050882,1050889,1050914,1050917,1050949,1050952,1050971,1050975,1050976,1050978,1050996,1051004,1051013,1051026,1051058,1051089,1051090,1051136,1051144,1051181,1051190,1051196,1051203,1051220,1051267,1051268,1051271,1051293,1051298,1051328,1051347,1051374,1051387,1051410,1051423,1051452,1051464,1051504,1051514,1051520,1051528,1051544,1051545,1051572,1051590,1051595,1051607,1051617,1051618,1051620,1051642,1051644,1051650,1051652,1051676,1051679,1051708,1051713,1051714,1051719,1051774
64:1048586,1048589,1048595,1048614,1048653,1048664,1048670,1048681,1048686,1048687,1048699,1048706,1048750,1048752,1048801,1048860,1048890,1048900,1048904,1048917,1048963,1048984,1049025,1049072,1049111,1049134,1049218,1049222,1049250,1049302,1049305,1049330,1049376,1049414,1049431,1049466,1049468,1049548,1049578,1049584,1049588,1049623,1049624,1049662,1049663,1049685,1049720,1049722,1049761,1049771,1049773,1049813,1049849,1049855,1049865,1049874,1049900,1049939,1049940,1049945,1049954,1049962,1049963,1049973,1049981,1050019,1050048,1050070,1050080,1050085,1050087,1050100,1050104,1050124,1050174,1050176,1050177,1050180,1050185,1050198,1050211,1050226,1050241,1050248,1050255,1050267,1050309,1050314,1050319,1050321,1050341,1050344,1050372,1050384,1050386,1050421,1050437,1050441,1050452,1050455,1050463,1050486,1050500,1050514,1050517,1050530,1050575,1050621,1050648,1050669,1050681,1050709,1050725,1050740,1050746,1050761,1050780,1050781,1050782,1050791,1050792,1050795,1050808,1050811,1050823,1050840,1050859,1050862,1050864,1050898,1050917,1050928,1050984,1051003,1051011,1051024,1051049,1051050,1051057,1051061,1051062,1051082,1051114,1051142,1051143,1051145,1051167,1051173,1051180,1051181,1051185,1051193,1051194,1051202,1051217,1051228,1051236,1051241,1051263,1051272,1051282,1051287,1051325,1051328,1051334,1051347,1051352,1051375,1051377,1051382,1051443,1051446,1051473,1051475,1051481,1051482,1051487,1051500,1051504,1051512,1051528,1051576,1051590,1051593,1051608,1051609,1051615,1051628,1051630,1051632,1051634,1051648,1051653,1051674,1051685,1051695,1051696,1051707,1051728,1051754,1051757,1051775
80:1048587,1048595,1048598,1048603,1048605,1048609,1048629,1048630,1048637,1048648,1048654,1048656,1048664,1048668,1048689,1048692,1048708,1048733,1048734,1048735,1048737,1048739,1048740,1048750,1048752,1048753,1048779,1048791,1048798,1048829,1048831,1048850,1048854,1048862,1048865,1048871,1048873,1048876,1048877,1048895,1048897,1048902,1048904,1048908,1048911,1048912,1048913,1048914,1048933,1048944,1048946,1048956,1048965,1048971,1048974,1048981,1048986,1048988,1048990,1048994,1049009,1049015,1049030,1049033,1049037,1049048,1049053,1049055,1049069,1049070,1049085,1049087,1049090,1049096,1049109,1049130,1049131,1049155,1049158,1049162,1049190,1049195,1049196,1049197,1049198,1049199,1049212,1049217,1049219,1049230,1049232,1049233,1049234,1049241,1049253,1049260,1049262,1049269,1049279,1049305,1049308,1049309,1049310,1049311,1049316,1049317,1049323,1049332,1049342,1049343,1049364,1049368,1049369,1049370,1049373,1049377,1049379,1049382,1049393,1049394,1049398,1049400,1049403,1049406,1049408,1049410,1049411,1049424,1049427,1049438,1049446,1049448,1049451,1049452,1049458,1049460,1049462,1049463,1049469,1049475,1049478,1049488,1049492,1049495,1049497,1049500,1049501,1049516,1049529,1049539,1049543,1049548,1049553,1049582,1049608,1049614,1049615,1049619,1049645,1049662,1049666,1049667,1049672,1049683,1049684,1049686,1049690,1049718,1049720,1049721,1049723,1049755,1049757,1049768,1049772,1049787,1049790,1049795,1049796,1049802,1049809,1049810,1049815,1049838,1049839,1049853,1049862,1049874,1049887,1049893,1049895,1049897,1049900,1049902,1049905,1049911,1049912,1049917,1049926,1049929,1049932,1049939,1049965,1049972,1049976,1050003,1050010,1050012,1050014,1050022,1050023,1050026,1050029,1050052,1050061,1050066,1050067,1050070,1050073,1050080,1050086,1050089,1050092,1050093,1050109,1050116,1050117,1050119,1050124,1050135,1050136,1050151,1050152,1050161,1050163,1050164,1050182,1050188,1050193,1050211,1050213,1050214,1050238,1050239,1050240,1050241,1050256,1050257,1050259,1050262,1050263,1050265,1050266,1050272,1050279,1050284,1050296,1050304,1050309,1050312,1050317,1050319,1050334,1050339,1050341,1050342,1050343,1050351,1050367,1050372,1050378,1050381,1050397,1050404,1050414,1050419,1050426,1050430,1050438,1050447,1050455,1050463,1050474,1050478,1050480,1050484,1050487,1050508,1050512,1050522,1050530,1050534,1050544,1050548,1050554,1050558,1050560,1050569,1050572,1050586,1050587,1050588,1050591,1050598,1050600,1050603,1050606,1050608,1050629,1050631,1050637,1050648,1050657,1050659,1050660,1050663,1050674,1050676,1050677,1050686,1050690,1050698,1050699,1050708,1050718,1050741,1050748,1050760,1050767,1050787,1050791,1050798,1050823,1050825,1050829,1050837,1050840,1050845,1050851,1050856,1050859,1050860,1050864,1050865,1050869,1050871,1050872,1050873,1050880,1050907,1050910,1050938,1050939,1050941,1050942,1050947,1050952,1050954,1050959,1050962,1050969,1050981,1050985,1050994,1051005,1051015,1051016,1051046,1051057,1051065,1051067,1051071,1051079,1051081,1051087,1051092,1051100,1051106,1051108,1051113,1051133,1051165,1051168,1051175,1051176,1051185,1051189,1051197,1051201,1051203,1051237,1051238,1051244,1051246,1051251,1051255,1051259,1051264,1051266,1051268,1051271,1051277,1051284,1051287,1051312,1051318,1051325,1051327,1051330,1051338,1051344,1051360,1051362,1051364,1051377,1051379,1051382,1051395,1051396,1051399,1051403,1051406,1051416,1051419,1051427,1051431,1051433,1051437,1051441,1051443,1051454,1051455,1051464,1051467,1051468,1051500,1051502,1051505,1051516,1051527,1051535,1051544,1051548,1051552,1051556,1051561,1051578,1051586,1051587,1051590,1051594,1051595,1051603,1051604,1051611,1051640,1051645,1051655,1051656,1051659,1051671,1051680,1051682,1051687,1051690,1051694,1051704,1051705,1051724,1051728,1051736,1051738,1051742,1051755,1051756,1051763
96:1048592,1048615,1048660,1048665,1048673,1048682,1048840,1048871,1048886,1048980,1048988,1049041,1049155,1049171,1049270,1049389,1049468,1049484,1049520,1049537,1049555,1049673,1049697,1049708,1049709,1049723,1049727,1049783,1049833,1049869,1049906,1049926,1049968,1049971,1049980,1049984,1050049,1050100,1050111,1050126,1050168,1050187,1050188,1050201,1050292,1050293,1050382,1050449,1050506,1050508,1050509,1050540,1050606,1050750,1050769,1050781,1050789,1050842,1050861,1050930,1050988,1050989,1051070,1051082,1051100,1051119,1051130,1051161,1051180,1051192,1051222,1051270,1051272,1051459,1051502,1051612,1051669,1051706,1051764,1051774
112:1048595,1048614,1048615,1048621,1048623,1048643,1048644,1048646,1048653,1048657,1048667,1048668,1048669,1048670,1048678,1048679,1048681,1048691,1048699,1048719,1048760,1048770,1048797,1048799,1048816,1048818,1048823,1048829,1048847,1048851,1048853,1048857,1048859,1048875,1048878,1048894,1048895,1048896,1048897,1048904,1048907,1048925,1048942,1048955,1048972,1048980,1048984,1049010,1049015,1049016,1049037,1049039,1049054,1049058,1049067,1049070,1049072,1049102,1049106,1049108,1049111,1049112,1049120,1049160,1049170,1049173,1049180,1049190,1049191,1049205,1049212,1049219,1049230,1049245,1049246,1049250,1049252,1049253,1049254,1049266,1049268,1049269,1049271,1049273,1049274,1049293,1049296,1049299,1049302,1049303,1049305,1049306,1049330,1049333,1049334,1049336,1049369,1049371,1049374,1049399,1049400,1049403,1049422,1049424,1049425,1049426,1049429,1049430,1049431,1049433,1049435,1049436,1049440,1049442,1049465,1049466,1049467,1049468,1049469,1049470,1049515,1049516,1049517,1049519,1049524,1049525,1049526,1049538,1049546,1049547,1049548,1049549,1049555,1049556,1049557,1049565,1049576,1049577,1049578,1049581,1049582,1049583,1049584,1049585,1049587,1049588,1049589,1049590,1049600,1049601,1049603,1049604,1049605,1049606,1049607,1049608,1049609,1049618,1049619,1049621,1049622,1049624,1049625,1049627,1049628,1049637,1049641,1049642,1049646,1049647,1049648,1049658,1049659,1049662,1049663,1049672,1049673,1049674,1049683,1049684,1049685,1049686,1049687,1049688,1049690,1049691,1049692,1049696,1049709,1049710,1049719,1049720,1049721,1049722,1049727,1049728,1049729,1049730,1049734,1049735,1049736,1049737,1049738,1049739,1049740,1049741,1049742,1049743,1049744,1049745,1049746,1049748,1049754,1049755,1049757,1049758,1049759,1049760,1049761,1049763,1049769,1049770,1049771,1049773,1049774,1049775,1049781,1049786,1049787,1049791,1049798,1049799,1049800,1049801,1049805,1049806,1049808,1049809,1049810,1049811,1049812,1049822,1049823,1049827,1049828,1049830,1049833,1049834,1049835,1049836,1049839,1049840,1049842,1049845,1049846,1049847,1049848,1049849,1049854,1049855,1049856,1049857,1049865,1049867,1049868,1049869,1049870,1049880,1049881,1049882,1049883,1049884,1049889,1049890,1049898,1049899,1049900,1049901,1049902,1049906,1049907,1049908,1049909,1049915,1049916,1049919,1049920,1049921,1049923,1049924,1049925,1049926,1049927,1049929,1049933,1049934,1049937,1049938,1049940,1049941,1049943,1049944,1049954,1049955,1049956,1049958,1049959,1049960,1049961,1049962,1049963,1049964,1049965,1049966,1049967,1049968,1049969,1049970,1049971,1049973,1049974,1049975,1049977,1049978,1049979,1049983,1049985,1049987,1049988,1049990,1049991,1049995,1049996,1049998,1049999,1050000,1050001,1050002,1050003,1050004,1050005,1050006,1050007,1050008,1050009,1050010,1050013,1050014,1050015,1050016,1050018,1050019,1050028,1050029,1050030,1050031,1050033,1050035,1050037,1050038,1050039,1050042,1050043,1050044,1050045,1050046,1050047,1050048,1050049,1050051,1050057,1050058,1050059,1050061,1050062,1050063,1050064,1050066,1050070,1050071,1050072,1050073,1050076,1050077,1050078,1050079,1050080,1050081,1050082,1050090,1050091,1050092,1050093,1050094,1050098,1050099,1050100,1050101,1050102,1050103,1050105,1050108,1050109,1050110,1050111,1050115,1050116,1050117,1050118,1050119,1050124,1050125,1050127,1050128,1050138,1050139,1050140,1050141,1050142,1050143,1050144,1050145,1050146,1050147,1050161,1050162,1050163,1050164,1050165,1050166,1050167,1050168,1050169,1050170,1050176,1050177,1050178,1050183,1050184,1050185,1050186,1050187,1050188,1050189,1050190,1050191,1050195,1050196,1050197,1050198,1050200,1050201,1050202,1050203,1050204,1050205,1050206,1050207,1050208,1050210,1050211,1050212,1050213,1050216,1050217,1050218,1050219,1050220,1050221,1050222,1050224,1050225,1050226,1050227,1050228,1050229,1050232,1050233,1050234,1050239,1050240,1050246,1050248,1050249,1050250,1050251,1050252,1050253,1050254,1050255,1050256,1050257,1050258,1050259,1050260,1050261,1050266,1050267,1050268,1050269,1050270,1050271,1050272,1050273,1050274,1050275,1050278,1050280,1050281,1050282,1050283,1050284,1050285,1050286,1050287,1050288,1050294,1050296,1050297,1050298,1050299,1050300,1050301,1050302,1050310,1050313,1050314,1050315,1050316,1050317,1050318,1050319,1050320,1050321,1050323,1050324,1050325,1050326,1050327,1050328,1050329,1050339,1050340,1050341,1050342,1050343,1050344,1050345,1050346,1050349,1050356,1050357,1050358,1050359,1050361,1050362,1050363,1050380,1050381,1050382,1050383,1050384,1050385,1050386,1050399,1050400,1050401,1050402,1050403,1050404,1050409,1050410,1050411,1050417,1050418,1050419,1050420,1050421,1050422,1050427,1050428,1050429,1050430,1050431,1050433,1050434,1050436,1050437,1050442,1050443,1050444,1050445,1050446,1050448,1050449,1050450,1050451,1050452,1050453,1050454,1050459,1050461,1050462,1050463,1050464,1050465,1050466,1050467,1050476,1050477,1050480,1050481,1050482,1050483,1050484,1050485,1050486,1050487,1050490,1050491,1050498,1050499,1050500,1050501,1050502,1050503,1050504,1050505,1050506,1050507,1050508,1050509,1050510,1050511,1050512,1050513,1050514,1050520,1050521,1050523,1050526,1050531,1050532,1050533,1050534,1050535,1050536,1050537,1050547,1050548,1050549,1050550,1050551,1050552,1050553,1050563,1050564,1050572,1050573,1050574,1050575,1050577,1050578,1050579,1050590,1050591,1050592,1050593,1050594,1050595,1050605,1050606,1050607,1050608,1050609,1050610,1050611,1050617,1050621,1050624,1050625,1050626,1050628,1050629,1050634,1050635,1050636,1050637,1050639,1050640,1050651,1050652,1050656,1050657,1050658,1050666,1050667,1050668,1050669,1050670,1050671,1050672,1050680,1050681,1050682,1050684,1050685,1050686,1050687,1050688,1050689,1050700,1050701,1050702,1050703,1050704,1050705,1050709,1050710,1050712,1050713,1050714,1050716,1050717,1050719,1050720,1050721,1050722,1050723,1050725,1050726,1050727,1050728,1050730,1050735,1050737,1050738,1050740,1050741,1050742,1050743,1050744,1050745,1050749,1050750,1050751,1050752,1050753,1050754,1050755,1050756,1050759,1050760,1050761,1050762,1050763,1050764,1050767,1050769,1050770,1050771,1050772,1050773,1050775,1050776,1050777,1050778,1050779,1050782,1050783,1050784,1050785,1050786,1050789,1050790,1050791,1050792,1050793,1050794,1050801,1050802,1050803,1050804,1050805,1050806,1050807,1050808,1050820,1050821,1050822,1050823,1050824,1050826,1050827,1050828,1050829,1050836,1050837,1050838,1050839,1050840,1050841,1050842,1050843,1050847,1050849,1050850,1050852,1050858,1050860,1050861,1050862,1050863,1050864,1050872,1050873,1050874,1050875,1050876,1050877,1050880,1050882,1050883,1050884,1050885,1050886,1050887,1050888,1050889,1050891,1050892,1050893,1050894,1050896,1050897,1050898,1050899,1050900,1050902,1050908,1050912,1050913,1050914,1050915,1050916,1050917,1050918,1050919,1050920,1050928,1050929,1050930,1050931,1050932,1050933,1050934,1050941,1050942,1050943,1050944,1050946,1050947,1050948,1050949,1050950,1050951,1050952,1050953,1050954,1050955,1050958,1050962,1050963,1050964,1050965,1050969,1050970,1050971,1050973,1050974,1050976,1050977,1050981,1050982,1050983,1050984,1050985,1050988,1050996,1050998,1050999,1051008,1051009,1051010,1051012,1051013,1051022,1051024,1051025,1051026,1051027,1051028,1051030,1051031,1051044,1051045,1051046,1051054,1051055,1051056,1051058,1051059,1051060,1051062,1051065,1051066,1051067,1051069,1051071,1051072,1051073,1051074,1051075,1051076,1051088,1051090,1051091,1051092,1051093,1051094,1051097,1051098,1051099,1051100,1051101,1051102,1051108,1051109,1051110,1051111,1051112,1051113,1051117,1051118,1051119,1051120,1051121,1051122,1051129,1051131,1051132,1051133,1051134,1051135,1051136,1051142,1051143,1051144,1051145,1051146,1051147,1051154,1051155,1051156,1051157,1051159,1051167,1051168,1051169,1051170,1051171,1051173,1051178,1051179,1051180,1051181,1051184,1051185,1051193,1051194,1051195,1051196,1051197,1051198,1051199,1051200,1051201,1051202,1051203,1051204,1051206,1051207,1051218,1051219,1051220,1051221,1051223,1051224,1051225,1051226,1051231,1051232,1051239,1051240,1051241,1051243,1051244,1051245,1051249,1051255,1051256,1051257,1051258,1051259,1051260,1051261,1051262,1051263,1051267,1051270,1051271,1051272,1051273,1051274,1051275,1051276,1051277,1051278,1051280,1051282,1051284,1051285,1051286,1051287,1051290,1051291,1051292,1051293,1051294,1051295,1051297,1051298,1051301,1051302,1051305,1051307,1051308,1051309,1051312,1051314,1051315,1051316,1051317,1051319,1051320,1051321,1051322,1051323,1051324,1051325,1051328,1051329,1051339,1051340,1051341,1051342,1051343,1051344,1051345,1051346,1051347,1051354,1051355,1051359,1051360,1051361,1051362,1051369,1051370,1051373,1051374,1051375,1051376,1051377,1051378,1051380,1051381,1051382,1051383,1051384,1051385,1051386,1051388,1051390,1051391,1051392,1051394,1051395,1051396,1051397,1051401,1051402,1051403,1051404,1051407,1051408,1051409,1051410,1051411,1051412,1051413,1051414,1051415,1051416,1051417,1051420,1051421,1051422,1051423,1051424,1051425,1051426,1051427,1051430,1051431,1051432,1051433,1051434,1051435,1051437,1051438,1051439,1051440,1051442,1051443,1051444,1051445,1051446,1051448,1051449,1051451,1051452,1051453,1051455,1051456,1051457,1051460,1051461,1051462,1051463,1051464,1051466,1051467,1051468,1051469,1051470,1051471,1051472,1051473,1051475,1051476,1051478,1051479,1051480,1051481,1051482,1051486,1051487,1051488,1051491,1051493,1051494,1051496,1051497,1051498,1051499,1051500,1051501,1051502,1051503,1051504,1051505,1051506,1051507,1051511,1051513,1051514,1051515,1051516,1051518,1051519,1051520,1051521,1051522,1051523,1051524,1051525,1051526,1051529,1051531,1051532,1051533,1051534,1051536,1051538,1051541,1051543,1051544,1051545,1051546,1051547,1051553,1051554,1051555,1051556,1051559,1051560,1051561,1051562,1051563,1051564,1051565,1051566,1051568,1051571,1051572,1051573,1051574,1051576,1051577,1051578,1051579,1051580,1051583,1051584,1051585,1051586,1051588,1051589,1051590,1051591,1051592,1051593,1051595,1051596,1051597,1051599,1051601,1051602,1051603,1051605,1051606,1051607,1051608,1051609,1051611,1051612,1051613,1051614,1051615,1051616,1051617,1051618,1051620,1051621,1051622,1051623,1051624,1051625,1051627,1051629,1051630,1051631,1051632,1051633,1051634,1051635,1051639,1051640,1051641,1051642,1051643,1051644,1051645,1051646,1051647,1051648,1051649,1051650,1051652,1051653,1051654,1051655,1051656,1051657,1051658,1051659,1051660,1051661,1051662,1051664,1051665,1051666,1051668,1051669,1051670,1051671,1051672,1051673,1051674,1051675,1051676,1051677,1051678,1051679,1051680,1051681,1051682,1051683,1051684,1051685,1051686,1051687,1051688,1051689,1051690,1051691,1051693,1051695,1051696,1051699,1051700,1051702,1051703,1051704,1051705,1051706,1051707,1051708,1051709,1051710,1051711,1051712,1051713,1051714,1051715,1051716,1051717,1051718,1051719,1051721,1051722,1051723,1051724,1051725,1051726,1051727,1051728,1051729,1051731,1051732,1051733,1051735,1051737,1051738,1051739,1051740,1051741,1051742,1051745,1051746,1051747,1051748,1051749,1051750,1051751,1051752,1051754,1051756,1051757,1051758,1051759,1051764,1051766,1051767,1051768,1051770,1051771,1051773,1051774,1051775,1051777,1051778,1051779
128:1048596,1048638,1048859,1048956,1049301,1049374,1049999,1050000,1050110,1050190,1050805,1050888,1050916,1051243,1051496
144:1048599,1048623,1049158,1049432,1049689,1049730,1049747,1049806,1050029,1050259,1050382,1050551,1050621,1050863,1050921,1051034,1051154,1051303,1051376,1051432,1051546,1051700
160:1048602,1048608,1048611,1048626,1048652,1048655,1048673,1048677,1048683,1048705,1048706,1048807,1048821,1048844,1048850,1048854,1048865,1048867,1048889,1048891,1048905,1048947,1048966,1048969,1048982,1048983,1049012,1049015,1049016,1049034,1049072,1049092,1049102,1049114,1049125,1049138,1049144,1049191,1049197,1049198,1049199,1049201,1049206,1049212,1049220,1049221,1049232,1049248,1049254,1049266,1049270,1049315,1049316,1049317,1049331,1049333,1049347,1049351,1049373,1049428,1049432,1049442,1049465,1049502,1049517,1049519,1049543,1049556,1049568,1049573,1049577,1049585,1049607,1049612,1049637,1049642,1049647,1049657,1049671,1049672,1049673,1049680,1049689,1049711,1049714,1049718,1049757,1049772,1049801,1049827,1049829,1049833,1049839,1049847,1049881,1049882,1049888,1049895,1049924,1049933,1049944,1049990,1049992,1050001,1050008,1050029,1050045,1050046,1050055,1050060,1050077,1050085,1050091,1050109,1050112,1050113,1050114,1050125,1050185,1050189,1050194,1050202,1050209,1050213,1050225,1050227,1050246,1050261,1050271,1050277,1050305,1050315,1050316,1050320,1050323,1050328,1050329,1050339,1050345,1050355,1050389,1050390,1050396,1050397,1050402,1050407,1050410,1050418,1050419,1050420,1050436,1050448,1050454,1050457,1050466,1050477,1050485,1050505,1050506,1050516,1050520,1050552,1050553,1050556,1050565,1050569,1050576,1050592,1050596,1050608,1050614,1050655,1050683,1050694,1050695,1050710,1050713,1050718,1050719,1050748,1050749,1050777,1050836,1050852,1050895,1050903,1050905,1050906,1050927,1050937,1050940,1050950,1050954,1050955,1050961,1050968,1050996,1050997,1050998,1051009,1051011,1051013,1051015,1051021,1051042,1051045,1051047,1051068,1051085,1051117,1051129,1051131,1051145,1051152,1051159,1051169,1051196,1051198,1051213,1051222,1051225,1051226,1051228,1051238,1051239,1051249,1051258,1051261,1051262,1051263,1051277,1051279,1051289,1051292,1051294,1051310,1051322,1051323,1051326,1051332,1051361,1051387,1051388,1051407,1051438,1051443,1051449,1051459,1051462,1051464,1051489,1051492,1051498,1051499,1051501,1051514,1051522,1051523,1051536,1051542,1051543,1051546,1051551,1051556,1051561,1051571,1051578,1051588,1051592,1051601,1051616,1051622,1051623,1051633,1051661,1051667,1051677,1051680,1051705,1051720,1051757,1051765,1051769,1051777
176:1048606
192:1048611,1049983,1050092,1050093,1050139,1050503,1050763,1051029,1051110,1051287,1051295,1051315,1051441,1051453,1051466,1051521,1051545,1051563,1051568,1051602,1051634,1051645,1051684,1051694
208:1048614,1048650,1048910,1049111,1049548,1049588,1049624,1049888,1049940,1050086,1050198,1050248,1050297,1050423,1050463,1050575,1050650,1050669,1050700,1050733,1050746,1050899,1050913,1050927,1050970,1051160,1051245,1051478,1051577
224:1048615,1048623,1048649,1048656,1048686,1048773,1048807,1048856,1048942,1049070,1049299,1049330,1049400,1049548,1049607,1049618,1049688,1049720,1049754,1049798,1049809,1049810,1049933,1049969,1050047,1050119,1050127,1050188,1050251,1050268,1050288,1050344,1050435,1050447,1050478,1050498,1050505,1050537,1050578,1050656,1050666,1050773,1050821,1050895,1050929,1050930,1051068,1051102,1051117,1051168,1051196,1051263,1051274,1051280,1051283,1051291,1051292,1051324,1051362,1051390,1051394,1051401,1051462,1051473,1051481,1051498,1051513,1051529,1051531,1051560,1051601,1051602,1051616,1051623,1051652,1051655,1051667,1051702,1051723,1051725,1051746
240:1048615,1048646,1048654,1048668,1048799,1048853,1048907,1049067,1049190,1049191,1049294,1049371,1049487,1049610,1049741,1049846,1049870,1050038,1050092,1050201,1050252,1050268,1050325,1050328,1050443,1050444,1050454,1050610,1050635,1050683,1050684,1050688,1050769,1050778,1050826,1050828,1050833,1050933,1050952,1051012,1051076,1051116,1051155,1051200,1051405,1051408,1051424,1051433,1051435,1051468,1051480,1051493,1051516,1051542,1051566,1051580,1051602,1051603,1051607,1051610,1051628,1051639,1051658,1051748
256:1048615,1048621,1048670,1048719,1048816,1048826,1048827,1048895,1048897,1049016,1049067,1049070,1049108,1049160,1049192,1049205,1049271,1049273,1049374,1049427,1049435,1049436,1049516,1049517,1049556,1049600,1049603,1049626,1049646,1049663,1049688,1049710,1049720,1049721,1049736,1049738,1049741,1049745,1049747,1049756,1049761,1049763,1049790,1049800,1049812,1049813,1049847,1049849,1049856,1049882,1049883,1049884,1049890,1049901,1049907,1049922,1049925,1049926,1049937,1049954,1049956,1049959,1049967,1049977,1049985,1049998,1050009,1050016,1050032,1050034,1050037,1050045,1050051,1050072,1050078,1050079,1050091,1050110,1050117,1050139,1050145,1050162,1050164,1050177,1050184,1050188,1050195,1050202,1050205,1050218,1050225,1050226,1050227,1050228,1050233,1050249,1050254,1050273,1050284,1050292,1050303,1050313,1050315,1050316,1050346,1050382,1050385,1050400,1050419,1050422,1050431,1050446,1050450,1050454,1050461,1050463,1050499,1050505,1050511,1050521,1050551,1050605,1050608,1050625,1050629,1050637,1050651,1050653,1050655,1050667,1050680,1050681,1050702,1050705,1050720,1050721,1050737,1050738,1050741,1050750,1050752,1050756,1050761,1050763,1050778,1050824,1050836,1050838,1050851,1050861,1050864,1050872,1050889,1050896,1050916,1050917,1050918,1050919,1050929,1050930,1050932,1050949,1050955,1050965,1050996,1050999,1051013,1051014,1051028,1051030,1051065,1051067,1051072,1051074,1051075,1051088,1051090,1051099,1051101,1051109,1051112,1051122,1051129,1051132,1051142,1051155,1051181,1051194,1051195,1051197,1051199,1051200,1051202,1051203,1051225,1051226,1051241,1051244,1051249,1051254,1051255,1051258,1051259,1051262,1051267,1051270,1051272,1051279,1051285,1051287,1051289,1051290,1051297,1051301,1051302,1051313,1051317,1051319,1051322,1051323,1051340,1051341,1051342,1051374,1051376,1051387,1051392,1051396,1051401,1051408,1051409,1051413,1051414,1051421,1051430,1051432,1051437,1051445,1051459,1051460,1051464,1051465,1051473,1051477,1051496,1051500,1051502,1051503,1051506,1051519,1051542,1051545,1051548,1051557,1051563,1051572,1051575,1051577,1051599,1051600,1051607,1051608,1051611,1051617,1051621,1051622,1051629,1051639,1051644,1051646,1051647,1051650,1051652,1051659,1051666,1051671,1051672,1051673,1051686,1051687,1051693,1051700,1051703,1051704,1051709,1051727,1051732,1051738,1051746,1051751,1051756,1051757,1051776,1051779
272:1048615,1048760,1048856,1049192,1049302,1049515,1049648,1049663,1049728,1049754,1049759,1049884,1050008,1050047,1050100,1050185,1050216,1050217,1050240,1050243,1050244,1050254,1050325,1050369,1050412,1050422,1050485,1050492,1050496,1050511,1050537,1050553,1050573,1050575,1050783,1050786,1050836,1050928,1050929,1050930,1050996,1051056,1051091,1051109,1051218,1051272,1051276,1051403,1051414,1051455,1051478,1051491,1051500,1051501,1051538,1051555,1051562,1051616,1051633,1051650,1051654,1051681
288:1048618,1048657,1048679,1048800,1048896,1049010,1049016,1049070,1049100,1049250,1049301,1049468,1049578,1049589,1049659,1049711,1049723,1049741,1049747,1049748,1049785,1049809,1049813,1049839,1049865,1049882,1050007,1050037,1050077,1050094,1050127,1050207,1050221,1050226,1050268,1050275,1050342,1050361,1050421,1050452,1050503,1050525,1050532,1050577,1050610,1050629,1050655,1050703,1050744,1050773,1050792,1050827,1050828,1050848,1050901,1050953,1051024,1051122,1051130,1051198,1051267,1051279,1051297,1051339,1051361,1051452,1051496,1051522,1051571,1051574,1051598,1051608,1051620,1051624,1051639,1051655,1051662,1051774
304:1048621,1050522
320:1048621,1048653,1048670,1048671,1048686,1048719,1048857,1048873,1048897,1048910,1048942,1048984,1049015,1049106,1049171,1049250,1049294,1049333,1049400,1049517,1049536,1049538,1049546,1049547,1049577,1049589,1049604,1049605,1049608,1049624,1049625,1049626,1049641,1049673,1049674,1049687,1049709,1049718,1049742,1049746,1049769,1049775,1049785,1049788,1049789,1049813,1049837,1049855,1049882,1049902,1049906,1049916,1049924,1049937,1049939,1049940,1049959,1049969,1049990,1050005,1050015,1050032,1050033,1050045,1050046,1050049,1050059,1050060,1050078,1050092,1050115,1050147,1050163,1050165,1050167,1050176,1050177,1050180,1050184,1050195,1050200,1050203,1050205,1050206,1050211,1050213,1050220,1050225,1050229,1050234,1050239,1050240,1050259,1050266,1050273,1050278,1050281,1050285,1050295,1050297,1050300,1050301,1050303,1050313,1050322,1050324,1050344,1050346,1050359,1050367,1050380,1050399,1050400,1050409,1050429,1050431,1050437,1050444,1050449,1050461,1050480,1050486,1050491,1050499,1050500,1050522,1050531,1050534,1050577,1050591,1050595,1050621,1050656,1050667,1050671,1050681,1050686,1050705,1050713,1050719,1050727,1050730,1050741,1050742,1050750,1050753,1050754,1050759,1050768,1050772,1050773,1050783,1050804,1050808,1050820,1050829,1050864,1050872,1050873,1050877,1050888,1050890,1050895,1050896,1050897,1050899,1050900,1050916,1050917,1050919,1050929,1050934,1050943,1050948,1050952,1050953,1050954,1050955,1050981,1050995,1051008,1051009,1051010,1051012,1051014,1051027,1051030,1051054,1051057,1051061,1051073,1051074,1051092,1051094,1051097,1051098,1051099,1051109,1051110,1051112,1051116,1051117,1051129,1051143,1051154,1051155,1051156,1051171,1051180,1051191,1051194,1051200,1051205,1051208,1051209,1051221,1051231,1051242,1051254,1051255,1051257,1051267,1051272,1051277,1051284,1051286,1051289,1051297,1051303,1051305,1051307,1051308,1051328,1051351,1051352,1051373,1051377,1051379,1051380,1051383,1051385,1051386,1051392,1051396,1051402,1051404,1051413,1051418,1051435,1051437,1051439,1051440,1051441,1051443,1051445,1051446,1051448,1051457,1051458,1051461,1051465,1051467,1051474,1051478,1051479,1051480,1051487,1051488,1051491,1051496,1051497,1051504,1051506,1051514,1051515,1051531,1051532,1051553,1051554,1051559,1051565,1051566,1051568,1051571,1051573,1051580,1051581,1051583,1051586,1051588,1051589,1051593,1051603,1051606,1051618,1051621,1051624,1051630,1051634,1051640,1051648,1051651,1051652,1051653,1051659,1051661,1051662,1051669,1051674,1051677,1051685,1051690,1051695,1051713,1051718,1051719,1051735,1051750,1051754,1051758,1051769
336:1048622,1051290
352:1048623,1048683,1048818,1048936,1049255,1049539,1049578,1049585,1049601,1049687,1049696,1049847,1049867,1049882,1049925,1049986,1050072,1050164,1050165,1050196,1050313,1050324,1050443,1050461,1050475,1050540,1050590,1050617,1050625,1050686,1050719,1050729,1050801,1050802,1050808,1050839,1050840,1050901,1050915,1050917,1050977,1050997,1051030,1051061,1051117,1051131,1051136,1051167,1051169,1051170,1051180,1051225,1051232,1051258,1051273,1051275,1051377,1051395,1051411,1051426,1051440,1051444,1051446,1051462,1051463,1051471,1051520,1051521,1051523,1051524,1051533,1051547,1051556,1051589,1051591,1051606,1051654,1051655,1051679,1051703,1051717,1051729,1051745,1051762,1051765
368:1048623,1048705,1048902,1048943,1049417,1049691,1049772,1049784,1049926,1049984,1050013,1050099,1050121,1050168,1050213,1050218,1050233,1050801,1050836,1050841,1050928,1050960,1051119,1051251,1051639
384:1048623,1049404
400:1048624,1050015
416:1048627,1048736,1048751,1048800,1049055,1049484,1049850,1050736,1050825,1050846,1050956,1050957,1050961,1050972,1050997,1051115,1051288,1051299,1051300,1051330,1051348,1051353,1051371,1051372,1051393,1051405,1051406,1051407,1051429,1051447,1051492,1051510,1051570,1051582
432:1048633,1048780,1048829,1049517,1049585,1049621,1049754,1049810,1049835,1049839,1049882,1049898,1049905,1049921,1049962,1050005,1050050,1050071,1050072,1050079,1050080,1050081,1050178,1050184,1050204,1050217,1050226,1050233,1050317,1050404,1050431,1050437,1050446,1050464,1050499,1050501,1050505,1050537,1050608,1050610,1050622,1050626,1050629,1050657,1050670,1050702,1050777,1050838,1050864,1050874,1050934,1050953,1050954,1050976,1050996,1051026,1051030,1051069,1051074,1051101,1051113,1051141,1051180,1051181,1051221,1051259,1051302,1051309,1051361,1051376,1051410,1051422,1051474,1051480,1051492,1051504,1051512,1051522,1051523,1051548,1051568,1051631,1051641,1051683,1051687,1051696,1051711,1051721
448:1048633,1048698,1048868,1049212,1049250,1049756,1049759,1049832,1049964,1050081,1050146,1050256,1050274,1050579,1050640,1050722,1050726,1050945,1051116,1051542,1051587,1051735
464:1048634,1048659,1048661
480:1048638,1048896,1049954,1051122,1051286,1051317
496:1048639,1048653,1048667,1048896,1048946,1049051,1049052,1049072,1049337,1049381,1049396,1049401,1049517,1049524,1049611,1049782,1049848,1049903,1049923,1050038,1050077,1050339,1050422,1050811,1051109,1051234,1051244,1051288,1051306,1051349,1051395,1051550,1051734
512:1048643,1048972,1049180,1049246,1049272,1049294,1049299,1049306,1049505,1049536,1049584,1049595,1049623,1049719,1049833,1049940,1049956,1049971,1050002,1050018,1050034,1050042,1050051,1050203,1050266,1050318,1050516,1050551,1050553,1050589,1050671,1050702,1050717,1050740,1050755,1050762,1050771,1050879,1050897,1050898,1050977,1050989,1051025,1051152,1051267,1051376,1051385,1051403,1051421,1051476,1051506,1051580,1051619,1051646,1051658,1051670,1051672,1051690,1051710
528:1048643,1048671,1048747,1048777,1048819,1048822,1048827,1048899,1048914,1048920,1048921,1048940,1048964,1048965,1049000,1049003,1049004,1049021,1049032,1049043,1049069,1049077,1049113,1049114,1049115,1049116,1049124,1049125,1049126,1049145,1049150,1049162,1049164,1049165,1049166,1049189,1049196,1049216,1049254,1049259,1049283,1049285,1049330,1049350,1049361,1049409,1049447,1049450,1049451,1049452,1049458,1049496,1049516,1049525,1049526,1049539,1049551,1049553,1049605,1049615,1049627,1049633,1049641,1049651,1049667,1049721,1049722,1049801,1049813,1049816,1049845,1049849,1049855,1049873,1049908,1049918,1049927,1049931,1049938,1049962,1049968,1049971,1049977,1050016,1050026,1050039,1050069,1050109,1050149,1050160,1050181,1050183,1050189,1050211,1050247,1050254,1050296,1050297,1050335,1050336,1050357,1050359,1050413,1050479,1050484,1050518,1050528,1050550,1050556,1050557,1050576,1050577,1050584,1050601,1050604,1050623,1050668,1050733,1050739,1050741,1050761,1050782,1050791,1050805,1050811,1050816,1050817,1050818,1050819,1050823,1050843,1050850,1050905,1050913,1050922,1050929,1050968,1050976,1050979,1050984,1050990,1051040,1051056,1051116,1051117,1051144,1051181,1051183,1051197,1051214,1051215,1051387,1051420,1051463,1051479,1051590,1051595,1051613,1051647,1051665,1051676,1051739
544:1048644,1048799,1048984,1049039,1049102,1049160,1049219,1049266,1049296,1049303,1049398,1049399,1049431,1049518,1049582,1049626,1049710,1049799,1049805,1049827,1049828,1049838,1049840,1049883,1049898,1049907,1049923,1049924,1049925,1049935,1049955,1049964,1049970,1049974,1049985,1050028,1050030,1050043,1050047,1050049,1050059,1050061,1050064,1050080,1050103,1050139,1050226,1050240,1050253,1050260,1050270,1050315,1050346,1050408,1050420,1050428,1050460,1050467,1050501,1050503,1050509,1050577,1050578,1050579,1050592,1050639,1050640,1050680,1050688,1050726,1050744,1050802,1050807,1050829,1050839,1050852,1050914,1050920,1050951,1050976,1050982,1050995,1050996,1051045,1051060,1051067,1051076,1051110,1051113,1051117,1051180,1051308,1051506,1051554,1051578,1051602,1051624,1051675,1051718,1051725,1051759,1051772,1051775
560:1048646,1048793,1048904,1049296,1049303,1049330,1049465,1049710,1049735,1049741,1049808,1049827,1049846,1049847,1049884,1049956,1049990,1050039,1050064,1050118,1050125,1050164,1050226,1050260,1050339,1050475,1050610,1050729,1050756,1050916,1051054,1051395,1051735
576:1048646,1048691,1048897,1049070,1049192,1049294,1049371,1049433,1049436,1049519,1049525,1049577,1049585,1049663,1049673,1049692,1049720,1049729,1049736,1049745,1049759,1049774,1049811,1049822,1049829,1049923,1049941,1049987,1050040,1050063,1050127,1050162,1050204,1050216,1050222,1050228,1050249,1050253,1050255,1050274,1050313,1050326,1050344,1050380,1050385,1050399,1050419,1050421,1050429,1050431,1050446,1050454,1050499,1050531,1050549,1050553,1050610,1050625,1050666,1050705,1050738,1050750,1050768,1050773,1050783,1050849,1050888,1050977,1050999,1051014,1051061,1051070,1051112,1051136,1051155,1051161,1051167,1051197,1051209,1051309,1051325,1051362,1051377,1051491,1051497,1051506,1051526,1051529,1051571,1051590,1051607,1051653,1051664,1051727
592:1048646,1049988,1050062,1050401
608:1048650,1048679,1049070,1049111,1049424,1049548,1049718,1049746,1049781,1049799,1049809,1049842,1049922,1049927,1049963,1050066,1050089,1050101,1050108,1050146,1050210,1050247,1050280,1050296,1050445,1050467,1050476,1050531,1050641,1050763,1050919,1050975,1050984,1051004,1051009,1051045,1051046,1051074,1051110,1051144,1051231,1051257,1051259,1051261,1051272,1051277,1051296,1051325,1051329,1051375,1051377,1051394,1051402,1051410,1051421,1051422,1051435,1051437,1051448,1051503,1051508,1051531,1051539,1051577,1051590,1051598,1051621,1051644,1051673,1051682,1051712,1051713,1051728
624:1048653,1048678,1048895,1048896,1048897,1049170,1049191,1049250,1049299,1049539,1049621,1049626,1049658,1049720,1049770,1049785,1049840,1049976,1049990,1050018,1050031,1050034,1050061,1050183,1050188,1050189,1050268,1050313,1050344,1050419,1050431,1050436,1050437,1050443,1050452,1050453,1050483,1050486,1050506,1050611,1050670,1050681,1050742,1050752,1050754,1050759,1050777,1050808,1050848,1050876,1050879,1050892,1050894,1050915,1050951,1050958,1050965,1050996,1051045,1051055,1051058,1051061,1051117,1051136,1051155,1051231,1051396,1051408,1051413,1051416,1051440,1051443,1051468,1051480,1051506,1051554,1051575,1051593,1051606,1051618,1051627,1051651,1051696,1051717,1051725,1051747,1051755,1051776
640:1048653,1048853,1049102,1049106,1049245,1049294,1049624,1049627,1049769,1049837,1049898,1049921,1050037,1050170,1050259,1050323,1050449,1050505,1050610,1050756,1050761,1050863,1050885,1050893,1050918,1051109,1051147,1051194,1051195,1051274,1051352,1051391,1051411,1051468,1051505,1051554,1051584,1051593,1051613
656:1048657,1048689,1048908,1049022,1049191,1049634,1049932,1049962,1049993,1050783,1051021,1051033,1051101
672:1048665,1048679,1049072,1049108,1049290,1049515,1049941,1049955,1050254,1050267,1050421,1050526,1050650,1050705,1050720,1051006,1051120,1051241,1051317,1051342,1051354,1051408,1051410,1051511,1051639,1051645
688:1048667,1049037,1049192,1049718,1049730,1049847,1049958,1049969,1049990,1050061,1050118,1050128,1050301,1050344,1050404,1050537,1050553,1050720,1050771,1050846,1050883,1050885,1050958,1051058,1051158,1051197,1051301,1051326,1051500,1051526,1051554,1051590,1051745,1051760,1051778
704:1048669,1049100,1049186,1050398,1050781,1051082
720:1048671,1049048,1049377,1049501,1049772,1051129
736:1048671
752:1048676,1048808,1049121,1049122,1049128
768:1048678,1048699,1048848,1048896,1048910,1049106,1049160,1049212,1049219,1049293,1049468,1049620,1049658,1049674,1049718,1049730,1049738,1049745,1049774,1049781,1049789,1049835,1049883,1049966,1049967,1049979,1049996,1050010,1050049,1050082,1050092,1050129,1050146,1050164,1050180,1050184,1050207,1050211,1050212,1050225,1050233,1050249,1050252,1050274,1050339,1050341,1050367,1050376,1050420,1050427,1050454,1050459,1050464,1050636,1050637,1050671,1050672,1050681,1050701,1050702,1050728,1050756,1050790,1050792,1050801,1050804,1050929,1050930,1050933,1050949,1050973,1050995,1051030,1051118,1051136,1051195,1051257,1051309,1051314,1051324,1051351,1051361,1051394,1051424,1051506,1051512,1051516,1051522,1051536,1051554,1051598,1051623,1051631,1051641,1051659,1051666,1051707,1051717,1051721,1051739
784:1048678,1049399,1049580,1049769,1049920,1050118,1050191,1050239,1050270,1050316,1050486,1050579,1050786,1050890,1050896,1051013,1051291,1051402,1051404,1051424,1051497,1051646,1051722,1051740,1051756
800:1048679,1049269,1049299,1049609,1049673,1049924,1050045,1050103,1050201,1050210,1050222,1050344,1050462,1050807,1050976,1051347,1051416,1051664
816:1048681,1048783,1049490,1049626,1049828,1051404,1051454
832:1048681,1048797,1048816,1048896,1048989,1049010,1049015,1049212,1049245,1049336,1049424,1049517,1049524,1049565,1049720,1049721,1049738,1049745,1049746,1049790,1049811,1049828,1049882,1049890,1049898,1049937,1049958,1049964,1049983,1049996,1049998,1050000,1050016,1050037,1050045,1050048,1050078,1050079,1050111,1050119,1050127,1050129,1050147,1050165,1050184,1050198,1050203,1050213,1050226,1050250,1050273,1050284,1050302,1050325,1050344,1050346,1050363,1050367,1050400,1050421,1050431,1050449,1050480,1050514,1050551,1050590,1050617,1050667,1050702,1050716,1050720,1050721,1050725,1050753,1050754,1050770,1050771,1050779,1050791,1050795,1050838,1050848,1050851,1050889,1050892,1050895,1050901,1050915,1050934,1050971,1051010,1051013,1051075,1051097,1051121,1051142,1051169,1051197,1051202,1051203,1051227,1051231,1051259,1051303,1051307,1051309,1051323,1051325,1051342,1051360,1051380,1051385,1051397,1051403,1051421,1051423,1051430,1051432,1051440,1051451,1051459,1051477,1051480,1051487,1051521,1051522,1051531,1051564,1051568,1051576,1051583,1051586,1051588,1051589,1051608,1051611,1051628,1051635,1051652,1051669,1051672,1051680,1051691,1051707,1051731,1051741,1051751,1051752,1051756,1051770,1051776
848:1048686,1048687
864:1048691
880:1048691,1050061,1050431,1050611,1050720,1050763,1050808,1051201,1051273,1051305,1051385,1051395,1051498,1051518,1051605,1051651,1051678
896:1048696,1048796,1050043,1050083,1050252,1050577,1050635,1050752,1050768,1050840,1050862,1051013,1051149,1051410,1051685,1051740,1051750
912:1048698,1048829,1049039,1049111,1049205,1049305,1049374,1049658,1049737,1049926,1050232,1050327,1050404,1050533,1050549,1050572,1050605,1050606,1050666,1050709,1050777,1050785,1050808,1050915,1050995,1051172,1051245,1051273,1051278,1051290,1051449,1051503,1051590,1051612,1051689,1051735,1051778
928:1048702,1049239,1049284,1050209
944:1048708,1050761
960:1048713,1048716,1048745,1049834,1050301,1050345,1050916,1051074,1051674
976:1048718,1048899,1049162,1049196,1049615,1049848,1049927,1050023,1050458,1050600,1050615,1050647
992:1048719,1049246,1049763,1049774,1050226,1050772,1050808,1050883,1050919,1051301,1051516,1051599,1051622,1051628,1051651
1008:1048721
1024:1048725,1048769,1048827,1048859,1048938,1049090,1049107,1049334,1049400,1049436,1049578,1049653,1049692,1049696,1049791,1049916,1049938,1049941,1049956,1050031,1050064,1050162,1050169,1050170,1050212,1050220,1050239,1050294,1050316,1050344,1050346,1050374,1050380,1050452,1050504,1050610,1050666,1050710,1050718,1050722,1050729,1050762,1050836,1050851,1050882,1050899,1050900,1050941,1050977,1050999,1051063,1051101,1051109,1051156,1051181,1051184,1051193,1051241,1051298,1051417,1051506,1051589,1051620,1051647,1051687,1051705,1051715,1051757
1040:1048736,1048766,1050996,1051249,1051262
1056:1048743,1048801,1048917,1048941,1048946,1048963,1049219,1049292,1049399,1049425,1049545,1049555,1049610,1049694,1049729,1049730,1049803,1049865,1049902,1049960,1049984,1050010,1050045,1050051,1050060,1050062,1050079,1050094,1050145,1050216,1050225,1050261,1050316,1050320,1050382,1050422,1050551,1050577,1050593,1050617,1050623,1050635,1050652,1050657,1050681,1050685,1050752,1050764,1050823,1050827,1050850,1050864,1051144,1051147,1051171,1051204,1051263,1051272,1051289,1051291,1051301,1051309,1051370,1051375,1051416,1051542,1051580,1051607,1051630,1051667,1051673,1051690,1051710,1051748,1051775
1072:1048752,1048801,1048917,1048963
1088:1048760,1048783,1049067,1049168,1049217,1049245,1049333,1049604,1049822,1049955,1049956,1049996,1050381,1050723,1050773,1051143,1051207,1051352,1051417,1051478,1051628,1051677,1051753,1051756
1104:1048760,1050286
1120:1048768,1049606,1049746,1049772,1049926,1049938,1050015,1050059,1050141,1050169,1050296,1050507,1050574,1050764,1050841,1050913,1051065,1051407,1051491,1051571,1051627,1051630,1051655,1051672
1136:1048776
1152:1048777,1048849,1048904,1048955,1048972,1049266,1049271,1049336,1049432,1049468,1049517,1049565,1049576,1049577,1049608,1049623,1049637,1049673,1049674,1049690,1049710,1049739,1049745,1049755,1049756,1049763,1049813,1049822,1049828,1049839,1049842,1049919,1049956,1049963,1049968,1049978,1049986,1049987,1049996,1049998,1050015,1050028,1050032,1050039,1050044,1050094,1050103,1050166,1050184,1050201,1050226,1050227,1050229,1050256,1050268,1050272,1050274,1050285,1050286,1050297,1050329,1050339,1050343,1050346,1050380,1050381,1050383,1050399,1050410,1050429,1050430,1050433,1050435,1050444,1050460,1050462,1050464,1050477,1050486,1050501,1050504,1050520,1050523,1050531,1050533,1050535,1050552,1050591,1050594,1050605,1050683,1050685,1050686,1050710,1050727,1050740,1050742,1050754,1050775,1050808,1050820,1050838,1050843,1050875,1050876,1050889,1050892,1050901,1050916,1050918,1050919,1050931,1050932,1050941,1050945,1050950,1050952,1050955,1050958,1050964,1050971,1051010,1051030,1051032,1051045,1051054,1051061,1051076,1051090,1051094,1051110,1051113,1051119,1051143,1051172,1051179,1051197,1051201,1051204,1051207,1051219,1051220,1051226,1051249,1051262,1051270,1051274,1051278,1051284,1051285,1051296,1051319,1051351,1051370,1051404,1051418,1051424,1051425,1051426,1051434,1051446,1051457,1051461,1051462,1051468,1051469,1051475,1051479,1051487,1051490,1051496,1051500,1051505,1051520,1051525,1051537,1051545,1051546,1051553,1051559,1051563,1051600,1051602,1051607,1051618,1051629,1051639,1051642,1051662,1051664,1051687,1051694,1051699,1051705,1051706,1051717,1051718,1051742,1051771,1051774,1051775
1168:1048780,1050500,1051426,1051654
1184:1048792,1048811,1048898,1048992,1049674,1049734,1049736,1049774,1049956,1049960,1049988,1050196,1050437,1050681,1050722,1050777,1050808,1050877,1050879,1050886,1050896,1050976,1051147,1051293,1051427,1051468,1051542,1051585,1051600,1051692,1051725,1051735,1051754,1051757,1051758
1200:1048797,1048799,1048816,1048853,1048854,1048857,1048910,1049036,1049106,1049246,1049429,1049533,1049686,1049709,1049720,1049734,1049755,1049772,1049809,1049833,1049908,1049921,1049954,1049962,1049978,1049998,1050005,1050008,1050047,1050078,1050102,1050103,1050126,1050161,1050162,1050288,1050302,1050347,1050386,1050421,1050459,1050490,1050499,1050511,1050521,1050549,1050551,1050606,1050687,1050710,1050719,1050725,1050740,1050752,1050791,1050804,1050807,1050822,1050838,1050849,1050850,1050851,1050864,1050929,1050943,1050952,1051010,1051013,1051030,1051062,1051074,1051097,1051100,1051129,1051142,1051145,1051146,1051157,1051198,1051203,1051255,1051257,1051276,1051277,1051278,1051282,1051289,1051298,1051345,1051376,1051412,1051413,1051415,1051426,1051427,1051433,1051440,1051459,1051472,1051477,1051491,1051496,1051511,1051515,1051529,1051538,1051553,1051565,1051568,1051576,1051590,1051598,1051617,1051618,1051623,1051642,1051660,1051662,1051685,1051692,1051695,1051696,1051710,1051713,1051737,1051749,1051751,1051770,1051771
1216:1048803
1232:1048811
1248:1048814,1049607
1264:1048816
1280:1048818,1049301,1049442,1049721,1049936,1050296,1050580,1050630,1050633,1050708,1050709,1050786,1050858,1050967,1051206,1051271
1296:1048818,1049306,1049549,1049763,1050072,1050117,1050301,1050340,1050363,1050436,1050483,1050577,1050639,1050722,1050772,1050891,1051295,1051351,1051468,1051472,1051506,1051532,1051548,1051610,1051652,1051725
1312:1048823
1328:1048826,1049271,1049754,1050058,1050577,1050681,1050892,1051599,1051600,1051691
1344:1048827,1048840,1049054,1049191,1049299,1049306,1049370,1049618,1049642,1049738,1049741,1049759,1049763,1049865,1049901,1049916,1049933,1050000,1050037,1050038,1050117,1050127,1050128,1050165,1050167,1050200,1050201,1050202,1050216,1050217,1050225,1050228,1050251,1050283,1050295,1050324,1050363,1050399,1050410,1050435,1050436,1050483,1050498,1050502,1050511,1050513,1050577,1050578,1050609,1050637,1050656,1050666,1050681,1050712,1050717,1050773,1050783,1050794,1050820,1050821,1050876,1050891,1050895,1050920,1050973,1051031,1051058,1051075,1051091,1051102,1051117,1051135,1051155,1051168,1051274,1051291,1051292,1051324,1051340,1051362,1051390,1051401,1051408,1051442,1051443,1051467,1051468,1051472,1051473,1051481,1051497,1051498,1051503,1051506,1051513,1051526,1051529,1051531,1051532,1051543,1051547,1051560,1051588,1051602,1051606,1051615,1051627,1051632,1051633,1051652,1051655,1051676,1051678,1051694,1051698,1051699,1051702,1051705,1051723,1051725,1051746,1051764
1360:1048829,1049106,1049160,1049674,1049745,1049990,1050170,1050180,1050190,1050339,1050483,1050611,1050808,1050892,1051116,1051284,1051309,1051477,1051512,1051538,1051779
1376:1048833,1049190,1049393,1049608
1392:1048840,1048873,1049440,1049546,1049627,1049641,1049673,1049748,1049785,1049801,1049810,1049829,1049837,1049923,1049934,1049954,1049984,1049987,1049995,1050044,1050062,1050098,1050115,1050146,1050165,1050222,1050227,1050246,1050257,1050268,1050294,1050401,1050402,1050430,1050431,1050444,1050481,1050483,1050486,1050511,1050594,1050656,1050681,1050687,1050727,1050762,1050777,1050837,1050840,1050861,1050877,1050895,1050947,1050955,1050964,1051013,1051067,1051111,1051113,1051122,1051127,1051130,1051272,1051278,1051309,1051359,1051385,1051403,1051444,1051445,1051460,1051468,1051473,1051486,1051490,1051501,1051534,1051548,1051553,1051572,1051590,1051593,1051600,1051634,1051661,1051710,1051738
1408:1048847
1424:1048853,1049191,1049943,1049972,1050042,1051217,1051716
1440:1048855
1456:1048857,1048907,1049010,1049015,1049067,1049294,1049435,1049548,1049647,1049746,1049748,1049756,1049810,1050007,1050030,1050062,1050071,1050091,1050099,1050145,1050164,1050227,1050252,1050259,1050404,1050409,1050429,1050481,1050651,1050657,1050735,1050773,1050775,1050824,1050916,1050977,1051025,1051030,1051045,1051059,1051154,1051159,1051200,1051204,1051207,1051209,1051281,1051325,1051362,1051369,1051416,1051486,1051528,1051552,1051555,1051613,1051643
1472:1048859,1049624,1049832,1049865,1050029,1050051,1050091,1050178,1050240,1050327,1050367,1050386,1050452,1050476,1050503,1050611,1050640,1050703,1050756,1050763,1050773,1050779,1050918,1050988,1051060,1051075,1051145,1051146,1051168,1051202,1051240,1051242,1051292,1051293,1051297,1051328,1051472,1051473,1051622,1051627,1051649,1051663,1051666,1051675,1051723,1051725,1051760
1488:1048864,1048900,1048914
1504:1048868
1520:1048873,1048895,1049102,1049190,1049302,1049510,1049524,1049557,1049606,1049618,1049641,1049757,1049773,1049781,1049836,1049840,1049863,1049865,1049881,1049882,1049937,1049939,1049983,1049986,1050008,1050031,1050040,1050043,1050045,1050048,1050060,1050066,1050071,1050081,1050099,1050116,1050118,1050180,1050202,1050203,1050212,1050213,1050217,1050224,1050225,1050249,1050252,1050270,1050280,1050285,1050296,1050301,1050302,1050328,1050358,1050386,1050431,1050437,1050446,1050464,1050510,1050512,1050552,1050595,1050611,1050622,1050634,1050687,1050688,1050702,1050703,1050712,1050713,1050753,1050759,1050763,1050769,1050772,1050783,1050849,1050893,1050895,1050896,1050919,1050931,1050944,1050949,1050964,1050965,1051008,1051026,1051030,1051061,1051092,1051122,1051195,1051200,1051202,1051244,1051287,1051288,1051294,1051306,1051315,1051370,1051374,1051375,1051385,1051466,1051499,1051506,1051514,1051515,1051581,1051588,1051591,1051596,1051618,1051622,1051624,1051662,1051686,1051713,1051725,1051729,1051734,1051740,1051742
1536:1048875,1051351,1051397
1552:1048881,1049140,1049220
1568:1048892,1048906,1048910,1049072,1049442,1049548,1049787,1049853,1049855,1049939,1049976,1050341,1051273
1584:1048895,1048896,1049303,1050043,1050066,1050286,1050322,1050323,1050328,1050349,1050402,1050443,1050607,1050626,1050681,1050723,1050943,1050947,1050975,1051200,1051294,1051298,1051315,1051354,1051461,1051468,1051488,1051506,1051524,1051703
1600:1048896,1050164,1050437,1051111
1616:1048897
1632:1048897,1049070,1049294,1049589,1049673,1049674,1049718,1049734,1049772,1049773,1049847,1049916,1050010,1050044,1050203,1050228,1050240,1050268,1050274,1050278,1050360,1050380,1050400,1050449,1050592,1050626,1050655,1050716,1050753,1050755,1050762,1050764,1050804,1050808,1050837,1050876,1050932,1050964,1050965,1051097,1051122,1051179,1051194,1051291,1051298,1051305,1051369,1051383,1051413,1051416,1051445,1051488,1051543,1051598,1051649,1051651,1051652,1051665,1051717,1051763
1648:1048904,1049557,1049587,1049745,1049840,1049899,1049925,1049990,1050062,1050102,1050343,1050362,1050430,1050431,1050486,1050514,1050564,1050688,1050849,1050971,1051121,1051278,1051314,1051370,1051669
1664:1048910,1049787
1680:1048922,1048959,1048962,1048999,1049122,1049200,1049514,1049566,1049567,1049657,1049705,1049946,1049948,1050122,1050364,1050526,1050790,1050799,1050834,1050939,1050941,1051038,1051144,1051422,1051621,1051673
1696:1048935,1049316,1049317,1049703,1049949,1050464,1051564
1712:1048948,1049108,1049757,1049854,1049986,1050266,1050531,1050924,1050977,1051060,1051069,1051211,1051286,1051486
1728:1048955
1744:1048962,1048999,1049254,1049514,1050339,1050508
1760:1048971,1051390,1051444,1051445,1051643,1051680,1051692
1776:1048972,1049576,1051646
1792:1048984
1808:1048989,1049433,1049435,1049683,1049839,1049882,1049883,1050315,1050419,1050820,1051257,1051295,1051401
1824:1048992,1049271,1049464,1049577,1049585,1049813,1049987,1049988,1050010,1050037,1050051,1050062,1050404,1050437,1050453,1050611,1050629,1050763,1050896,1050914,1050942,1051026,1051074,1051136,1051237,1051249,1051291,1051295,1051296,1051526,1051563,1051663,1051664,1051667,1051728,1051733,1051756
1840:1048996,1049099,1049901,1050379,1050579,1050700,1050944,1051267,1051312,1051328,1051562,1051740
1856:1049004,1049447,1049873
1872:1049010,1050008
1888:1049015,1049909
1904:1049016,1049333,1050339
1920:1049019,1049149
1936:1049032,1049113,1049124,1049539,1049555,1050002,1050467,1050745,1050919
1952:1049037,1049108,1049191,1049252,1049735,1049899,1049940,1050043,1050165,1050222,1050270,1050443,1050448,1050514,1050546,1050873,1050977,1051203,1051328,1051439,1051520
1968:1049039,1049072,1049252,1049466,1049618,1049647,1049691,1049832,1049937,1050142,1050169,1050225,1050449,1050684,1050791,1051028,1051134,1051249,1051261,1051262,1051282,1051296,1051511,1051538,1051541,1051590,1051682,1051724
1984:1049048,1051195
2000:1049056
2016:1049062
2032:1049067,1050548,1050591,1050820,1051118,1051480,1051566,1051701
2048:1049072,1049966,1051197
2064:1049096,1051459
2080:1049105,1051457
2096:1049106,1049194,1050167,1051462
2112:1049107,1049590,1050975
2128:1049108,1051329
2144:1049112
2160:1049130
2176:1049136
2192:1049149
2208:1049160
2224:1049163,1049449,1049652,1049810,1050075,1051464,1051623
2240:1049170,1049525,1049823,1049855,1049924,1050177,1050200,1050326,1050431,1050762,1050894,1050898,1050965,1051362,1051370,1051416,1051675,1051720,1051729,1051752,1051756
2256:1049176
2272:1049181,1051420,1051442
2288:1049191
2304:1049191
2320:1049194,1051389
2336:1049194,1050251,1050524,1050820,1050840,1050976,1051689
2352:1049205,1050380
2368:1049212,1049402,1049528,1049736,1049770,1049839
2384:1049219,1049637,1050343,1050714,1051107,1051394
2400:1049230,1049233,1049769
2416:1049237,1049276,1049416
2432:1049244,1049489,1050200
2448:1049245
2464:1049245,1049929,1050286,1051756
2480:1049247
2496:1049250,1049734,1051325,1051553
2512:1049252,1049587,1050864,1051404,1051494
2528:1049255,1049587,1049706,1049745,1049840,1049925,1050066,1050123,1050187,1050343,1050399,1050400,1050564,1050605,1050625,1050685,1050687,1050827,1050876,1050971,1050998,1051067,1051089,1051120,1051132,1051156,1051277,1051308,1051314,1051329,1051369,1051386,1051411,1051472,1051498,1051557,1051620,1051668,1051669,1051751
2544:1049264
2560:1049270
2576:1049271
2592:1049272
2608:1049275,1050185,1050973
2624:1049289,1049593,1049698,1050157
2640:1049295,1049637,1050094
2656:1049299
2672:1049301,1050523,1051384,1051445,1051506,1051520
2688:1049304,1049398,1049651,1049766,1049845,1049896,1049912,1049914,1049996,1050052,1050066,1050429,1050654,1050779,1051484,1051513,1051561
2704:1049308,1049454
2720:1049321,1049570,1049872
2736:1049330,1049855,1050386,1050400,1050454,1050459,1050572,1050686,1050715,1050742,1050750,1050952,1051030,1051198,1051227,1051255,1051295,1051421,1051486,1051491,1051566
2752:1049338,1049790,1049972,1050073,1051178
2768:1049347,1049498
2784:1049361
2800:1049371
2816:1049374,1049688,1049690,1049867,1050001,1050039,1050140,1050217,1050317,1050400,1050418,1050531,1050593,1051143,1051155,1051276,1051314,1051382,1051491,1051568,1051774
2832:1049388
2848:1049397,1049800,1050420,1050742,1050877,1051256
2864:1049400,1049969,1050018,1050717
2880:1049409,1049667
2896:1049419
2912:1049426
2928:1049430
2944:1049438
2960:1049450,1050280,1050290,1051534,1051715
2976:1049467,1050773,1051497
2992:1049487,1049535,1049784
3008:1049516
3024:1049523,1049524,1049525,1049526,1049527,1049528,1049529,1049530,1049531,1049532,1049533,1049534,1049535,1049536,1049537,1049538,1049539,1049540,1049541,1049542,1049543,1049544,1049545,1049546,1049547,1049548,1049549,1049550,1049551,1049552,1049553,1049554,1049555,1049556,1049557,1049558,1049559,1049560,1049561,1049562,1049563,1049564,1049565,1049566,1049567,1049568,1049569,1049570,1049571,1049572,1049573,1049574,1049575,1049576,1049577,1049578,1049579,1049580,1049581,1049582,1049583,1049584,1049585,1049586,1049587,1049588,1049589,1049590,1049591,1049592,1049593,1049594,1049595,1049596,1049597,1049598,1049599,1049600,1049601,1049602,1049603,1049604,1049605,1049606,1049607,1049608,1049609,1049610,1049612,1049613,1049614,1049615,1049616,1049617,1049618,1049619,1049620,1049621,1049622,1049623,1049624,1049625,1049626,1049627,1049628,1049629,1049630,1049631,1049632,1049633,1049634,1049635,1049636,1049637,1049638,1049639,1049640,1049641,1049642,1049643,1049644,1049645,1049646,1049647,1049648,1049649,1049650,1049651,1049652,1049653,1049654,1049655,1049656,1049657,1049658,1049659,1049660,1049661,1049662,1049663,1049664,1049665,1049666,1049667,1049668,1049669,1049670,1049671,1049672,1049673,1049674,1049675,1049676,1049677,1049678,1049679,1049680,1049681,1049682,1049683,1049684,1049685,1049686,1049687,1049688,1049689,1049690,1049691,1049692,1049693,1049694,1049695,1049696,1049697,1049698,1049699,1049700,1049701,1049702,1049703,1049704,1049705,1049706,1049707,1049708,1049709,1049710,1049711,1049712,1049713,1049714,1049715,1049716,1049717,1049718,1049719,1049720,1049721,1049722,1049723,1049724,1049725,1049726,1049727,1049728,1049865,1050051,1050340
3040:1049526,1049921
3056:1049537,1050275
3072:1049540,1049566,1049648,1049728,1050249,1050262,1050265,1050374,1050602,1050663
3088:1049546,1049956,1050895,1051097
3104:1049548,1049853,1049976,1050211,1050341
3120:1049553
3136:1049558,1049638,1049997,1050065
3152:1049570
3168:1049576
3184:1049578,1049623,1050267,1051284
3200:1049579,1050657,1051330,1051377
3216:1049585,1049659,1050163,1050226,1050454,1051652
3232:1049589,1050128,1050190,1050628
3248:1049595,1049896
3264:1049604,1049853,1049922,1050111
3280:1049608,1049676,1050166,1050253,1050294,1050320,1050419,1050461,1050896,1050943,1051144,1051424,1051607,1051627,1051656
3296:1049611,1049724,1050268
3312:1049621,1049708,1050187
3328:1049624,1050343,1051430,1051681
3344:1049628,1049847,1050667
3360:1049641,1049957,1049963,1050045,1050060,1050125,1050180,1050322,1050610,1050670,1051008,1051280,1051587,1051666
3376:1049648,1049728,1049732,1050289
3392:1049663,1049882
3408:1049673,1049789,1049968,1050453,1051774
3424:1049674,1049956,1050808,1050977,1051060,1051404,1051622
3440:1049683
3456:1049687,1050686,1051225,1051628
3472:1049688
3488:1049691,1050004,1051194,1051241,1051347,1051362
3504:1049701,1050740,1051206
3520:1049710,1050044,1051292,1051473,1051518,1051547
3536:1049720,1050312,1050343
3552:1049721,1049744,1049839,1049954,1050165,1050973,1051523
3568:1049729,1049840,1050000
3584:1049733,1049737,1050035,1050046,1050071,1050178,1050563
3600:1049736
3616:1049739
3632:1049744
3648:1049745,1050174,1050182,1050373,1050472
3664:1049749,1050522
3680:1049754,1049865,1049965,1049984,1050039,1050127,1050198,1051472
3696:1049756
3712:1049760,1049920,1050191,1051573
3728:1049769
3744:1049772,1051036,1051177
3760:1049778
3776:1049786,1050030,1051441,1051568
3792:1049798
3808:1049805,1050316
3824:1049810,1050240,1050460,1050514,1051616
3840:1049813
3856:1049822,1050301
3872:1049832
3888:1049838
3904:1049840,1049983,1050668,1050829,1051340,1051362,1051650,1051721,1051727
3920:1049847,1049865
3936:1049855,1050082,1050091,1050363,1050773,1051045,1051504,1051590,1051724
3952:1049863,1049911,1050595,1050666,1050889,1051279,1051758
3968:1049870
3984:1049882
4000:1049885
4016:1049890
4032:1049899
4048:1049911
4064:1049919
4080:1049924,1050166,1050346,1050437,1051026,1051385,1051398,1051597,1051721
4096:1049928
4112:1049937
4128:1049941,1050738,1050756
4144:1049944
4160:1049955
4176:1049960
4192:1049962,1050739,1050742,1050898
4208:1049968
4224:1049972,1050756
4240:1049977
4256:1049984
4272:1049985
4288:1049990
4304:1049993
4320:1050000,1051284
4336:1050003
4352:1050007
4368:1050010,1050092,1050637,1051467
4384:1050018,1050296,1050551,1050634,1050735,1050971,1051122,1051297,1051402,1051562,1051593,1051691
4400:1050028
4416:1050031
4432:1050040
4448:1050045,1050537
4464:1050049,1050437,1051167
4480:1050057
4496:1050062,1050274,1051069,1051094,1051748
4512:1050076
4528:1050081,1050634,1050757,1050763,1050794,1050820,1051386,1051395,1051419,1051493,1051525,1051647,1051668,1051695,1051699
4544:1050088
4560:1050092
4576:1050095
4592:1050103,1050537
4608:1050109
4624:1050118,1050239,1051057,1051441,1051611
4640:1050122,1050488
4656:1050129,1050786
4672:1050138
4688:1050143,1051573
4704:1050162
4720:1050165,1050623,1051329,1051710
4736:1050167
4752:1050174
4768:1050181,1050336,1051042,1051368,1051376
4784:1050187
4800:1050196,1050286,1050511,1050795,1050841,1050943,1051169,1051297,1051445,1051556,1051613,1051679
4816:1050204
4832:1050208,1050573,1050983,1050992,1051409,1051459
4848:1050213
4864:1050222,1050228,1050402,1050777,1050794,1050919,1050932,1051074,1051075,1051467,1051519,1051543,1051564,1051746
4880:1050226,1051474,1051652
4896:1050234,1050346,1050502,1050520,1050523,1051578
4912:1050240
4928:1050248
4944:1050254,1050836
4960:1050260
4976:1050266,1050690
4992:1050270
5008:1050275
5024:1050279,1051399
5040:1050280,1050999,1051443
5056:1050286
5072:1050291,1050469
5088:1050298,1051090
5104:1050301,1050465
5120:1050308,1050401,1050672,1050731,1050743,1050768
5136:1050315,1050316,1050728,1050776,1051779
5152:1050319
5168:1050329,1050476
5184:1050339
5200:1050344
5216:1050349
5232:1050361,1050593,1050682,1050684,1050826,1050882,1051069,1051136,1051216,1051364,1051541,1051566
5248:1050376,1050377,1050835
5264:1050385
5280:1050396,1050614
5296:1050402,1050950
5312:1050407,1050565,1050695,1050927,1051769
5328:1050419
5344:1050426
5360:1050432,1050433,1050612,1050613,1050619,1050620,1050943
5376:1050438
5392:1050446
5408:1050458,1051074
5424:1050464,1051721
5440:1050469,1050632,1050924,1051124
5456:1050484
5472:1050490
5488:1050501,1051202,1051687
5504:1050510
5520:1050521,1051271
5536:1050528,1050601,1050604
5552:1050537,1050786
5568:1050549
5584:1050554,1050699
5600:1050564,1051711
5616:1050575
5632:1050579
5648:1050591,1050640,1051147,1051290
5664:1050595
5680:1050608,1050702,1051730
5696:1050616,1050917
5712:1050627
5728:1050634,1051432,1051528,1051529,1051670,1051681
5744:1050640
5760:1050649,1050724
5776:1050661
5792:1050669
5808:1050675,1051217
5824:1050681
5840:1050695
5856:1050709
5872:1050718
5888:1050722
5904:1050726
5920:1050735
5936:1050742
5952:1050752,1050943,1051046
5968:1050759
5984:1050768
6000:1050772
6016:1050777
6032:1050786
6048:1050795,1051173,1051301
6064:1050806,1051616
6080:1050808
6096:1050808
6112:1050809
6128:1050816,1050817,1050818,1050819
6144:1050825,1050851,1051422,1051621,1051673
6160:1050836,1051261
6176:1050849
6192:1050860
6208:1050872
6224:1050875,1051411
6240:1050878
6256:1050882
6272:1050889
6288:1050899
6304:1050910
6320:1050916
6336:1050925,1050929,1050930,1051035
6352:1050934
6368:1050945,1051471,1051614
6384:1050955
6400:1050968
6416:1050975,1051622
6432:1050980
6448:1050993
6464:1051000,1051622
6480:1051006
6496:1051013,1051642
6512:1051021
6528:1051029,1051465
6544:1051038
6560:1051045
6576:1051050
6592:1051058
6608:1051062
6624:1051069
6640:1051075,1051206,1051407,1051459
6656:1051088,1051282,1051409
6672:1051098
6688:1051109
6704:1051114,1051334
6720:1051122
6736:1051136
6752:1051144
6768:1051156
6784:1051167
6800:1051172
6816:1051180
6832:1051190
6848:1051197
6864:1051203,1051346,1051420
6880:1051209,1051667
6896:1051221
6912:1051232,1051267
6928:1051247
6944:1051255
6960:1051267
6976:1051275,1051656
6992:1051283,1051668
7008:1051288,1051306,1051374,1051734
7024:1051292,1051546
7040:1051296
7056:1051301,1051502,1051541,1051615
7072:1051312
7088:1051317
7104:1051326
7120:1051337
7136:1051352
7152:1051361
7168:1051369
7184:1051382
7200:1051387
7216:1051395
7232:1051401,1051760
7248:1051412
7264:1051421,1051511,1051626,1051638
7280:1051425
7296:1051442
7312:1051453
7328:1051464
7344:1051468
7360:1051475
7376:1051481
7392:1051491,1051737
7408:1051497
7424:1051500
7440:1051505,1051594
7456:1051516
7472:1051525
7488:1051539
7504:1051551,1051751
7520:1051560
7536:1051569
7552:1051576
7568:1051585
7584:1051590
7600:1051596
7616:1051600
7632:1051606
7648:1051614
7664:1051622
7680:1051632
7696:1051644
7712:1051651,1051717,1051753,1051754,1051755,1051756,1051757,1051758
7728:1051659
7744:1051663
7760:1051669,1051674
7776:1051677
7792:1051686
7808:1051692
7824:1051702
7840:1051708,1051729
7856:1051716
7872:1051725
7888:1051735
7904:1051739
7920:1051748
7936:1051757
7952:1051764
7968:1051771
7984:1051779
