9:1048576,1048629,1048640,1048686,1048687,1048698,1048778,1048799,1048822,1048857,1048889,1048941,1048949,1048950,1048971,1048976,1048990,1049043,1049103,1049106,1049134,1049162,1049222,1049301,1049322,1049338,1049344,1049345,1049346,1049407,1049474,1049487,1049519,1049529,1049552,1049564,1049567,1049568,1049573,1049579,1049582,1049583,1049594,1049612,1049620,1049697,1049709,1049713,1049736,1049745,1049746,1049754,1049759,1049774,1049792,1049793,1049794,1049852,1049931,1049938,1049939,1049955,1049964,1049979,1049995,1050072,1050087,1050092,1050096,1050097,1050130,1050132,1050142,1050166,1050168,1050169,1050175,1050233,1050236,1050255,1050294,1050296,1050304,1050314,1050325,1050337,1050373,1050390,1050400,1050410,1050422,1050438,1050464,1050472,1050473,1050482,1050485,1050512,1050515,1050528,1050549,1050560,1050568,1050570,1050589,1050599,1050604,1050623,1050641,1050671,1050685,1050693,1050695,1050696,1050715,1050736,1050752,1050754,1050764,1050777,1050784,1050795,1050797,1050847,1050853,1050864,1050875,1050884,1050911,1050913,1050934,1050938,1051018,1051080,1051145,1051162,1051171,1051173,1051176,1051186,1051189,1051204,1051205,1051217,1051230,1051231,1051243,1051257,1051272,1051277,1051281,1051289,1051297,1051301,1051323,1051348,1051375,1051391,1051392,1051409,1051410,1051412,1051420,1051421,1051431,1051444,1051457,1051464,1051476,1051483,1051496,1051498,1051503,1051509,1051511,1051544,1051546,1051547,1051549,1051553,1051563,1051581,1051586,1051593,1051605,1051607,1051622,1051626,1051632,1051634,1051638,1051650,1051680,1051690,1051692,1051694,1051703,1051731,1051738,1051749,1051752,1051754,1051758,1051779
25:1048578,1048597,1048763,1048875,1049106,1049371,1049621,1049710,1050140,1050229,1050384,1050487,1051159,1051537,1051586,1051692,1051735,1051770
41:1048580
57:1048584,1048611,1049374,1049405,1049484,1049520,1049863,1050119,1050947,1051109
73:1048586,1048589,1049711,1050277,1051298,1051429
89:1048590
105:1048593,1050177
121:1048595,1050170,1050499,1050785,1051231,1051386,1051462,1051675,1051732
137:1048598,1048607,1048608,1048615,1048638,1048651,1048665,1048719,1048767,1048818,1049204,1049367,1049423,1049424,1049505,1049536,1049670,1049690,1049728,1049738,1049763,1049834,1049902,1049960,1050005,1050227,1050293,1050300,1050316,1050359,1050445,1050510,1050511,1050525,1050540,1050587,1050688,1050732,1050758,1050760,1050775,1050791,1050806,1050868,1050956,1050963,1050976,1050996,1051059,1051100,1051103,1051104,1051277,1051297,1051344,1051362,1051409,1051414,1051455,1051530,1051543,1051562,1051567,1051583,1051616,1051633,1051670,1051671,1051690,1051718,1051738
153:1048601,1048928,1049121,1049142,1049423,1049554,1049586,1049684,1049843,1049946,1049948,1050364,1050407,1050507,1050531,1051224,1051297,1051403
169:1048605,1048646,1048742,1048761,1048789,1048799,1048896,1048974,1048978,1049026,1049027,1049252,1049266,1049305,1049336,1049399,1049431,1049467,1049565,1049578,1049608,1049641,1049709,1049710,1049758,1049763,1049829,1049837,1049845,1049856,1049923,1049954,1049991,1050007,1050029,1050044,1050045,1050060,1050063,1050071,1050093,1050105,1050139,1050144,1050164,1050222,1050224,1050268,1050280,1050339,1050512,1050522,1050533,1050549,1050827,1050997,1051031,1051045,1051093,1051102,1051131,1051244,1051275,1051314,1051352,1051387,1051425,1051459,1051472,1051498,1051515,1051518,1051580,1051599,1051652,1051761,1051764,1051772
185:1048608,1048675,1048826,1049032,1049058,1049067,1049113,1049124,1049180,1049193,1049230,1049251,1049369,1049442,1049466,1049557,1049565,1049581,1049608,1049623,1049637,1049658,1049687,1049718,1049727,1049756,1049775,1049788,1049822,1049933,1049940,1049954,1049973,1050001,1050007,1050049,1050057,1050118,1050164,1050166,1050177,1050189,1050200,1050201,1050266,1050268,1050294,1050313,1050343,1050349,1050362,1050402,1050410,1050422,1050436,1050449,1050454,1050482,1050507,1050564,1050577,1050578,1050605,1050607,1050611,1050621,1050626,1050635,1050657,1050658,1050669,1050742,1050743,1050752,1050753,1050759,1050769,1050793,1050808,1050816,1050817,1050818,1050819,1050829,1050840,1050864,1050874,1050916,1050928,1050944,1051045,1051072,1051088,1051102,1051133,1051135,1051206,1051207,1051209,1051226,1051242,1051280,1051295,1051296,1051297,1051343,1051369,1051385,1051390,1051402,1051410,1051425,1051434,1051462,1051474,1051506,1051512,1051514,1051515,1051516,1051523,1051531,1051532,1051533,1051577,1051581,1051606,1051641,1051646,1051662,1051678,1051680,1051681,1051691,1051717,1051768,1051771,1051774
201:1048612,1048633,1048634,1048643,1048645,1048659,1048661,1048672,1048678,1048698,1048818,1048857,1048859,1048895,1048984,1048989,1049010,1049015,1049016,1049133,1049160,1049191,1049194,1049212,1049246,1049247,1049250,1049266,1049268,1049270,1049397,1049429,1049435,1049442,1049470,1049516,1049536,1049563,1049578,1049583,1049604,1049607,1049620,1049621,1049646,1049663,1049674,1049686,1049709,1049734,1049738,1049739,1049745,1049761,1049770,1049772,1049775,1049791,1049800,1049813,1049832,1049849,1049869,1049884,1049900,1049914,1049921,1049922,1049934,1049941,1049956,1049959,1049960,1049969,1049973,1049979,1049983,1049984,1049987,1049992,1049996,1050013,1050014,1050030,1050034,1050042,1050062,1050063,1050066,1050070,1050071,1050081,1050090,1050101,1050109,1050128,1050139,1050143,1050147,1050176,1050180,1050186,1050195,1050228,1050240,1050251,1050256,1050270,1050272,1050296,1050297,1050319,1050320,1050326,1050327,1050342,1050344,1050346,1050363,1050367,1050380,1050382,1050400,1050404,1050410,1050419,1050421,1050434,1050437,1050460,1050462,1050464,1050466,1050476,1050510,1050511,1050549,1050552,1050553,1050579,1050590,1050610,1050628,1050639,1050640,1050656,1050667,1050672,1050702,1050709,1050710,1050715,1050716,1050720,1050728,1050738,1050756,1050760,1050763,1050772,1050773,1050777,1050779,1050790,1050792,1050806,1050822,1050829,1050836,1050849,1050858,1050862,1050873,1050874,1050878,1050879,1050884,1050886,1050891,1050892,1050894,1050897,1050898,1050902,1050932,1050953,1050954,1050955,1050977,1050995,1051008,1051028,1051044,1051058,1051059,1051060,1051067,1051072,1051089,1051097,1051101,1051117,1051136,1051146,1051154,1051170,1051172,1051173,1051199,1051218,1051219,1051245,1051249,1051259,1051260,1051271,1051273,1051280,1051296,1051297,1051303,1051313,1051314,1051324,1051326,1051351,1051355,1051362,1051377,1051383,1051387,1051396,1051401,1051404,1051417,1051423,1051443,1051450,1051451,1051466,1051471,1051472,1051474,1051481,1051494,1051499,1051500,1051506,1051514,1051515,1051525,1051532,1051533,1051552,1051560,1051574,1051599,1051600,1051602,1051603,1051607,1051609,1051610,1051614,1051615,1051634,1051635,1051642,1051643,1051648,1051651,1051666,1051667,1051696,1051711,1051714,1051715,1051720,1051723,1051725,1051775,1051778,1051779
217:1048615,1048688,1048719,1048758,1048859,1049201,1049203,1049297,1049334,1049637,1049659,1049673,1049695,1049710,1049727,1049807,1049901,1049937,1049969,1050032,1050044,1050078,1050142,1050177,1050196,1050205,1050209,1050251,1050252,1050280,1050418,1050428,1050430,1050484,1050490,1050499,1050504,1050509,1050564,1050621,1050634,1050635,1050639,1050653,1050680,1050692,1050712,1050713,1050752,1050753,1050805,1050823,1050895,1051021,1051026,1051058,1051061,1051062,1051069,1051100,1051122,1051200,1051208,1051226,1051243,1051267,1051277,1051314,1051328,1051362,1051369,1051370,1051376,1051401,1051426,1051458,1051495,1051499,1051512,1051515,1051559,1051562,1051573,1051606,1051615,1051616,1051687,1051690,1051691,1051699,1051708,1051739
233:1048615,1048649,1048655,1048656,1048773,1048807,1048942,1049070,1049180,1049192,1049371,1049399,1049538,1049548,1049644,1049673,1049688,1049710,1049720,1049754,1049798,1049809,1049810,1049877,1049984,1050119,1050124,1050145,1050190,1050222,1050228,1050240,1050249,1050325,1050382,1050385,1050422,1050465,1050483,1050521,1050536,1050579,1050714,1050715,1050727,1050754,1050761,1050851,1050864,1050919,1050998,1051044,1051146,1051181,1051240,1051321,1051329,1051407,1051430,1051523,1051542,1051562,1051601,1051616,1051623,1051656,1051672,1051681,1051682,1051706
249:1048615,1048721,1048799,1048851,1048873,1049111,1049251,1049254,1049268,1049270,1049292,1049334,1049336,1049423,1049442,1049469,1049519,1049536,1049539,1049600,1049603,1049685,1049744,1049760,1049775,1049868,1049885,1049906,1049921,1049937,1049940,1049978,1050006,1050008,1050043,1050049,1050062,1050066,1050076,1050082,1050092,1050102,1050110,1050118,1050139,1050142,1050162,1050170,1050179,1050202,1050212,1050225,1050271,1050273,1050286,1050313,1050343,1050377,1050380,1050400,1050418,1050430,1050450,1050451,1050459,1050486,1050503,1050526,1050608,1050621,1050625,1050669,1050704,1050742,1050768,1050779,1050785,1050793,1050803,1050808,1050848,1050864,1050872,1050917,1050934,1050965,1050999,1051010,1051012,1051022,1051061,1051068,1051075,1051093,1051099,1051100,1051110,1051120,1051142,1051168,1051170,1051173,1051185,1051199,1051258,1051296,1051308,1051312,1051345,1051355,1051375,1051377,1051385,1051392,1051426,1051451,1051468,1051475,1051488,1051493,1051498,1051500,1051506,1051519,1051532,1051568,1051571,1051575,1051581,1051591,1051593,1051622,1051639,1051641,1051646,1051651,1051685,1051688,1051709,1051739
265:1048615,1048719,1049621,1049898,1050044,1050514,1050777,1051280,1051543,1051674
281:1048616,1050879
297:1048620,1048631,1048786,1048863,1048895,1049175,1049303,1049905,1049923,1050864,1051067
313:1048621,1048638,1048646,1048748,1048826,1048851,1048908,1049066,1049068,1049181,1049191,1049246,1049301,1049371,1049374,1049399,1049426,1049429,1049431,1049433,1049577,1049589,1049600,1049605,1049608,1049609,1049619,1049628,1049662,1049664,1049674,1049676,1049683,1049710,1049720,1049734,1049736,1049754,1049755,1049763,1049775,1049781,1049801,1049813,1049827,1049830,1049833,1049839,1049881,1049882,1049883,1049889,1049941,1049955,1049966,1049967,1049970,1049972,1049983,1049984,1049990,1049991,1050008,1050010,1050032,1050035,1050044,1050059,1050078,1050081,1050103,1050109,1050118,1050146,1050147,1050178,1050180,1050204,1050207,1050221,1050227,1050240,1050246,1050255,1050256,1050259,1050260,1050270,1050273,1050274,1050299,1050301,1050316,1050317,1050321,1050322,1050323,1050324,1050325,1050328,1050329,1050339,1050342,1050367,1050385,1050404,1050410,1050419,1050428,1050431,1050435,1050452,1050460,1050467,1050499,1050502,1050512,1050534,1050535,1050551,1050553,1050577,1050578,1050610,1050636,1050666,1050670,1050672,1050680,1050681,1050713,1050717,1050720,1050723,1050727,1050728,1050742,1050744,1050761,1050763,1050773,1050776,1050779,1050793,1050805,1050821,1050822,1050829,1050849,1050852,1050863,1050874,1050883,1050889,1050894,1050896,1050897,1050918,1050932,1050933,1050945,1050954,1050955,1050999,1051008,1051025,1051026,1051027,1051044,1051054,1051055,1051059,1051089,1051097,1051109,1051116,1051117,1051121,1051142,1051147,1051156,1051179,1051181,1051201,1051207,1051223,1051226,1051245,1051260,1051262,1051271,1051273,1051280,1051290,1051291,1051292,1051293,1051313,1051314,1051315,1051325,1051328,1051346,1051360,1051361,1051362,1051377,1051387,1051390,1051395,1051401,1051408,1051416,1051424,1051435,1051442,1051443,1051448,1051457,1051462,1051472,1051497,1051514,1051522,1051523,1051532,1051539,1051546,1051553,1051575,1051577,1051579,1051580,1051583,1051586,1051587,1051598,1051599,1051600,1051601,1051602,1051603,1051605,1051606,1051610,1051623,1051624,1051625,1051635,1051646,1051662,1051678,1051702,1051704,1051712,1051715,1051717,1051721,1051722,1051749,1051767,1051769,1051776,1051778,1051779
329:1048621,1049270,1050037,1050534,1050953
345:1048623
361:1048623,1048853,1049108,1049890,1049960,1050092,1050165,1050184,1050216,1050247,1050310,1050434,1050449,1050537,1050610,1050651,1050820,1050878,1050879,1050891,1051060,1051143,1051146,1051345,1051603,1051627,1051770
377:1048623,1048816,1048844,1049067,1049390,1049391,1049515,1049529,1049607,1049745,1049810,1049960,1050008,1050089,1050269,1050302,1050326,1050354,1050385,1050445,1050495,1050505,1050572,1050607,1050673,1050714,1050791,1050835,1050850,1050958,1051046,1051073,1051135,1051144,1051210,1051242,1051243,1051257,1051295,1051366,1051437,1051460,1051466,1051489,1051565,1051571,1051577,1051591,1051688,1051750
393:1048623,1048678,1049207,1049303,1049608,1049618,1049673,1049674,1049735,1049736,1049740,1049822,1049827,1049830,1049882,1049883,1049960,1049966,1050003,1050020,1050032,1050042,1050108,1050164,1050196,1050221,1050226,1050227,1050483,1050501,1050549,1050578,1050591,1050610,1050681,1050771,1050808,1050875,1050918,1051069,1051240,1051321,1051324,1051325,1051387,1051416,1051423,1051440,1051475,1051500,1051536,1051653,1051677,1051679,1051692,1051724,1051754
409:1048626
425:1048629,1049471,1050297,1050314,1050533,1050788,1051204,1051548,1051749
441:1048633
457:1048634,1048659,1048661,1048688,1048689,1048691,1048904,1048907,1048912,1049226,1049729,1049734,1049847,1049899,1049971,1050228,1050295,1050329,1050340,1050523,1050722,1050738,1050744,1050745,1050883,1050884,1051131,1051159,1051351,1051398,1051417,1051474,1051578,1051597,1051692,1051717
473:1048637,1048840,1048859,1049236,1049729,1049813,1049879,1049961,1050063,1050096,1050186,1050551,1050637,1051031,1051092,1051204,1051207,1051263,1051719,1051728,1051764
489:1048638
505:1048641,1048646,1048688,1048693,1048713,1048719,1048745,1048805,1048840,1049009,1049101,1049219,1049294,1049306,1049366,1049369,1049503,1049642,1049659,1049686,1049690,1049737,1049779,1049805,1049854,1049865,1049867,1049906,1049910,1049937,1049942,1050007,1050030,1050044,1050072,1050077,1050132,1050164,1050167,1050168,1050204,1050227,1050240,1050272,1050275,1050281,1050301,1050314,1050316,1050368,1050523,1050577,1050594,1050610,1050790,1050916,1050945,1051060,1051061,1051069,1051112,1051195,1051206,1051218,1051225,1051249,1051262,1051281,1051302,1051384,1051394,1051395,1051476,1051491,1051523,1051611,1051699,1051706,1051767,1051768,1051771,1051777
521:1048643,1050672,1051113,1051398,1051537,1051597,1051721
537:1048643
553:1048645,1048664,1048760,1048787,1048838,1048847,1048857,1048945,1049010,1049161,1049430,1049433,1049555,1049565,1049628,1049740,1049754,1049771,1049789,1049791,1049805,1049834,1049857,1049967,1049975,1050008,1050015,1050045,1050124,1050127,1050195,1050197,1050224,1050226,1050242,1050313,1050343,1050404,1050429,1050464,1050468,1050534,1050553,1050623,1050658,1050670,1050792,1050827,1050860,1050943,1051117,1051142,1051164,1051223,1051226,1051250,1051314,1051342,1051378,1051499,1051511,1051577,1051692,1051767,1051774,1051776,1051778
569:1048646,1048686,1048796,1048827,1048878,1048972,1048988,1049160,1049171,1049178,1049212,1049245,1049254,1049371,1049517,1049562,1049590,1049601,1049641,1049683,1049688,1049741,1049745,1049813,1049838,1049865,1049879,1049920,1049954,1049967,1049979,1049984,1049986,1049990,1050000,1050004,1050006,1050037,1050045,1050072,1050078,1050080,1050103,1050139,1050141,1050163,1050164,1050186,1050191,1050221,1050227,1050234,1050257,1050268,1050274,1050280,1050323,1050326,1050328,1050329,1050343,1050344,1050429,1050480,1050498,1050535,1050577,1050605,1050759,1050764,1050804,1050850,1050852,1050874,1050932,1050973,1051013,1051046,1051122,1051221,1051223,1051291,1051327,1051338,1051391,1051401,1051418,1051449,1051490,1051494,1051497,1051499,1051553,1051592,1051624,1051647,1051648,1051652,1051666,1051671,1051718,1051725,1051732,1051748,1051774
585:1048646,1049305,1049306,1049468,1049696,1049808,1050044,1050105,1050109,1050191,1050429,1050578,1050608,1050640,1050703,1051099,1051118,1051208,1051225,1051285,1051290,1051451,1051596,1051741
601:1048646,1048856,1048907,1050444,1050635,1050971,1051323
617:1048653
633:1048653,1049607,1049781,1050059,1050621,1051200
649:1048655,1048971,1048972,1048984,1049250,1049256,1049641,1049658,1049883,1049884,1049906,1049908,1050002,1050127,1050166,1050204,1050224,1050252,1050255,1050280,1050313,1050317,1050321,1050420,1050501,1050595,1050609,1050701,1050770,1050777,1050822,1050955,1050973,1051226,1051292,1051308,1051395,1051421,1051448,1051506,1051525,1051533,1051542,1051639,1051767
665:1048660,1048758,1049171,1049203,1049468,1049537,1049727,1049869,1050005,1050209,1050280,1050358,1050418,1050533,1050624,1050719,1050842,1050857,1050861,1051061,1051100,1051222,1051224,1051272,1051599,1051706,1051764
681:1048667,1048816,1048853,1048980,1049010,1049170,1049190,1049212,1049472,1049582,1049659,1049673,1049720,1049771,1049772,1049855,1049923,1049941,1049954,1049958,1049987,1049998,1050010,1050066,1050105,1050117,1050119,1050146,1050189,1050204,1050233,1050257,1050381,1050402,1050404,1050523,1050551,1050611,1050621,1050635,1050636,1050742,1050762,1050773,1050778,1050833,1050838,1050863,1050888,1050894,1050901,1050915,1050917,1050918,1050943,1050946,1050947,1051013,1051093,1051112,1051121,1051147,1051149,1051194,1051241,1051277,1051347,1051360,1051390,1051391,1051396,1051433,1051439,1051445,1051462,1051490,1051501,1051520,1051525,1051564,1051586,1051607,1051652,1051661,1051711,1051716,1051724,1051725,1051742,1051756
697:1048667,1048681,1049180,1049423,1049600,1049601,1049604,1049618,1049737,1049742,1049847,1049883,1049923,1049956,1049957,1050037,1050045,1050059,1050220,1050316,1050322,1050444,1050445,1050449,1050502,1050548,1050671,1050717,1050735,1050785,1050821,1050861,1050885,1050895,1050914,1051026,1051058,1051099,1051130,1051147,1051202,1051325,1051497,1051522,1051564,1051576,1051615,1051639,1051659,1051680,1051777
713:1048670,1048897,1048972,1049058,1049067,1049686,1049772,1049828,1049838,1049884,1049961,1050282,1050285,1050317,1050452,1050511,1050537,1050578,1050829,1050895,1050915,1050931,1051169,1051173,1051194,1051199,1051226,1051275,1051309,1051319,1051324,1051329,1051413,1051464,1051520,1051526,1051556,1051561,1051564,1051568,1051644,1051660,1051674,1051721,1051759
729:1048671,1048926,1049069,1049221,1049292,1049512,1049547,1049587,1049624,1049685,1049729,1049961,1049963,1049966,1050000,1050170,1050213,1050240,1050422,1050523,1050524,1050687,1050806,1050823,1050900,1050919,1050928,1050985,1050989,1050990,1051062,1051073,1051170,1051273,1051274,1051321,1051380,1051496,1051506,1051521,1051531,1051563,1051571,1051572,1051576,1051732
745:1048673
761:1048678
777:1048678,1048971,1049302,1049603,1049623,1049627,1049745,1050100,1050183,1050190,1050209,1050402,1050624,1050719,1050820,1051045,1051296,1051325,1051328,1051329,1051387,1051404,1051408,1051563,1051645,1051679,1051741,1051742
793:1048679,1048818,1049171,1049191,1049250,1049274,1049429,1049626,1049720,1050165,1050460,1050681,1050717,1050852,1051058,1051075,1051097,1051273,1051424,1051523,1051544,1051629,1051662,1051691,1051739
809:1048679,1048818,1048853,1048971,1048992,1049293,1049303,1049371,1049433,1049538,1049607,1049683,1049709,1049710,1049798,1049809,1049811,1049835,1049836,1049837,1049845,1049855,1049916,1049924,1049925,1049962,1049974,1049984,1050009,1050029,1050033,1050040,1050045,1050049,1050066,1050101,1050108,1050125,1050145,1050180,1050207,1050225,1050239,1050246,1050250,1050254,1050274,1050303,1050320,1050327,1050341,1050344,1050360,1050362,1050380,1050420,1050431,1050464,1050481,1050487,1050503,1050506,1050511,1050537,1050577,1050591,1050595,1050622,1050667,1050680,1050702,1050712,1050728,1050738,1050772,1050773,1050783,1050792,1050793,1050820,1050822,1050839,1050864,1050877,1050884,1050918,1050919,1050929,1050933,1050941,1050942,1050948,1050954,1050977,1050999,1051054,1051057,1051058,1051072,1051091,1051093,1051094,1051109,1051110,1051111,1051116,1051146,1051147,1051167,1051195,1051227,1051244,1051309,1051317,1051340,1051398,1051423,1051435,1051457,1051462,1051467,1051486,1051488,1051493,1051512,1051542,1051559,1051560,1051563,1051565,1051566,1051608,1051610,1051622,1051627,1051629,1051641,1051647,1051652,1051661,1051663,1051712,1051718,1051720,1051728
825:1048681,1048691,1049016,1049058,1049072,1049212,1049273,1049423,1049624,1049641,1049662,1049673,1049710,1049718,1049720,1049756,1049791,1049855,1049958,1049998,1050016,1050037,1050080,1050098,1050129,1050164,1050184,1050201,1050203,1050222,1050226,1050268,1050273,1050300,1050346,1050400,1050437,1050477,1050490,1050504,1050574,1050605,1050769,1050836,1050841,1050863,1050918,1050931,1051088,1051110,1051143,1051144,1051169,1051240,1051241,1051254,1051270,1051319,1051374,1051390,1051402,1051408,1051416,1051424,1051430,1051474,1051476,1051478,1051496,1051529,1051536,1051545,1051579,1051611,1051620,1051650,1051681,1051687,1051715,1051716,1051727,1051732,1051746,1051752,1051770
841:1048683,1049516
857:1048686,1048817,1048894,1048910,1049072,1049673,1049685,1049718,1049745,1049746,1049755,1049921,1049927,1050005,1050058,1050064,1050078,1050110,1050185,1050209,1050452,1050499,1050506,1050521,1050572,1050624,1050625,1050626,1050629,1050715,1050726,1050750,1050792,1050843,1050891,1050914,1050929,1050930,1050950,1050958,1050973,1050975,1051026,1051069,1051071,1051090,1051154,1051178,1051203,1051240,1051242,1051249,1051275,1051279,1051287,1051309,1051312,1051342,1051352,1051392,1051458,1051464,1051465,1051466,1051480,1051486,1051506,1051511,1051512,1051515,1051522,1051541,1051587,1051606,1051618,1051641,1051642,1051649,1051680,1051686,1051691,1051717,1051751,1051752
873:1048691,1049743,1050385,1050952
889:1048693,1049400,1049528,1049607,1049642,1049647,1049683,1049798,1049902,1049933,1049970,1050002,1050226,1050382,1050400,1050700,1050786,1050862,1050945,1050973,1050996,1051249,1051262,1051317
905:1048698,1049271,1050999,1051351,1051552,1051735,1051779
921:1048699,1048907,1049072,1049270,1049442,1049601,1049621,1049688,1049769,1049798,1049805,1049957,1050032,1050090,1050100,1050207,1050256,1050288,1050421,1050502,1050564,1050635,1050666,1050723,1050741,1050876,1050882,1050918,1051045,1051298,1051388,1051486,1051564,1051588,1051595
937:1048705,1048706,1048947,1049714,1049933
953:1048709
969:1048716,1049049,1049505
985:1048719,1049236,1050032,1050187,1050774,1051017,1051081,1051270,1051344,1051355,1051480,1051561,1051751
1001:1048720,1048760,1048894,1048896,1048972,1049037,1049102,1049294,1049330,1049467,1049530,1049587,1049605,1049647,1049685,1049686,1049710,1049729,1049741,1049745,1049761,1049771,1049810,1049830,1049881,1049954,1050009,1050031,1050043,1050044,1050066,1050071,1050102,1050115,1050281,1050386,1050428,1050451,1050485,1050486,1050594,1050636,1050684,1050685,1050686,1050710,1050725,1050739,1050742,1050754,1050764,1050769,1050771,1050794,1050840,1050876,1050895,1050915,1050964,1051003,1051010,1051093,1051121,1051169,1051178,1051194,1051221,1051258,1051270,1051272,1051273,1051276,1051277,1051303,1051308,1051346,1051347,1051370,1051375,1051417,1051434,1051445,1051453,1051460,1051496,1051520,1051525,1051530,1051553,1051568,1051599,1051617,1051618,1051640,1051642,1051652,1051655,1051674,1051693,1051707,1051709,1051728,1051740,1051759
1017:1048721
1033:1048729
1049:1048740,1048974,1048988,1049398
1065:1048749,1048853,1049193,1049330,1049435,1049436,1049604,1049729,1049890,1049901,1050039,1050092,1050127,1050207,1050225,1050340,1050461,1050499,1050501,1050511,1050531,1050625,1050626,1050712,1050721,1050783,1050894,1050934,1050950,1051027,1051071,1051073,1051171,1051179,1051203,1051295,1051296,1051384,1051403,1051433,1051462,1051494,1051530,1051538,1051543,1051559,1051657,1051667,1051726
1081:1048756
1097:1048760,1049160,1049421,1049431,1049607,1049658,1049730,1049770,1049781,1049938,1050064,1050577,1050773,1051153,1051408,1051460,1051547,1051776
1113:1048762,1048859,1048878,1049112,1049273,1049393,1049587,1049683,1049715,1049979,1050038,1050187,1050197,1050216,1050323,1050419,1050466,1050500,1050627,1050636,1050700,1050705,1050720,1050896,1050916,1050943,1051065,1051074,1051076,1051091,1051143,1051185,1051375,1051378,1051463,1051479,1051523,1051528,1051548,1051593,1051613,1051693,1051731
1129:1048773
1145:1048777,1048984,1049160,1049468,1049577,1049603,1049658,1049785,1049837,1049955,1049987,1050015,1050042,1050116,1050118,1050322,1050501,1050667,1050727,1050885,1050889,1051027,1051258,1051445,1051498,1051500,1051718,1051767
1161:1048780
1177:1048788
1193:1048797,1049620,1049720
1209:1048799,1049205,1049557,1049647,1049720,1049757,1049965,1049978,1050411,1050419,1050626,1050735,1050764,1050944,1051205,1051432,1051500,1051538,1051571,1051573,1051641,1051722
1225:1048810,1049191,1049958,1051147
1241:1048813,1049208,1049578
1257:1048816,1049440,1050076,1050623,1051584,1051738
1273:1048818,1049578,1049687,1049757,1049823,1049906,1050061,1050165,1050186,1050197,1050240,1050258,1050443,1050628,1050770,1050862,1050915,1050975,1051057,1051075,1051098,1051102,1051117,1051267,1051329,1051386,1051390,1051410,1051439,1051458,1051485,1051523,1051564,1051576,1051588,1051609,1051614,1051641,1051655,1051668,1051679,1051691,1051710
1289:1048818,1048826,1049170,1049193,1049371,1049517,1049604,1049769,1049852,1049857,1050032,1050033,1050039,1050057,1050117,1050191,1050207,1050217,1050225,1050303,1050344,1050349,1050430,1050454,1050499,1050503,1050535,1050572,1050578,1050723,1050750,1050773,1050872,1050931,1050933,1050942,1051032,1051111,1051200,1051256,1051297,1051443,1051477,1051494,1051497,1051524,1051532,1051553,1051560,1051571,1051577,1051601,1051617,1051627,1051663,1051722,1051728
1305:1048822,1049043,1050808
1321:1048823,1049265,1049299,1049300,1049674,1050118,1050293,1050437,1050756,1050772,1051526,1051735,1051756
1337:1048827,1050318,1050482,1051523
1353:1048829,1048886,1049175,1049178,1049254,1050139,1050508
1369:1048831
1385:1048836,1049211,1049759,1050044,1050719,1050888,1051031,1051280,1051616
1401:1048843,1048903,1049222,1049755,1050216,1051207,1051669
1417:1048851,1048972,1049039,1049160,1049607,1049621,1049770,1049828,1049865,1049890,1049929,1049937,1049990,1050031,1050166,1050255,1050286,1050301,1050756,1050872,1050920,1050982,1051061,1051383,1051387,1051397,1051578,1051705
1433:1048853
1449:1048857,1049292,1049774,1049995,1050266
1465:1048859,1048971,1049436,1049619,1049736,1049842,1049865,1050119,1050177,1050608,1050858,1051069,1051076,1051134,1051340,1051370,1051395,1051576
1481:1048862,1049810,1049870,1049955,1050078,1050080,1050081,1050240,1050269,1050302,1050402,1050421,1050503,1050627,1050820,1050879,1050895,1050953,1051072,1051090,1051300,1051317,1051324,1051342,1051419,1051437,1051470,1051505,1051511,1051521,1051626,1051631,1051639,1051645,1051657,1051695,1051703,1051748,1051769
1497:1048867,1048992,1049245,1050120,1050286,1051450,1051651
1513:1048873,1049245,1050128,1050770,1051675
1529:1048875,1049051,1049052,1049156,1049396,1050010,1050165,1050212,1050256,1050340,1050357,1050476,1050502,1050521,1050537,1050572,1050625,1050637,1050680,1050686,1050825,1050851,1050929,1050958,1051121,1051125,1051141,1051374,1051394,1051396,1051422,1051439,1051488,1051505,1051571,1051575,1051648,1051713,1051720,1051721,1051722,1051741,1051742
1545:1048878,1049173,1049547,1049832,1050020,1050771,1050877,1051142,1051420,1051473,1051506,1051583,1051616,1051686,1051758
1561:1048886,1049417,1051270,1051327,1051338
1577:1048894,1048897,1049070,1049160,1049219,1049430,1049578,1049626,1049729,1049739,1049744,1049798,1049839,1049956,1049960,1049969,1049972,1050045,1050080,1050102,1050118,1050225,1050403,1050409,1050410,1050421,1050502,1050551,1050635,1050726,1050751,1050773,1050840,1050882,1050901,1051144,1051170,1051384,1051433,1051518,1051546,1051574,1051602,1051708,1051713,1051735,1051748,1051764,1051770,1051772
1593:1048896
1609:1048896,1049279,1049280,1049342,1049343,1049462,1049463,1049515,1050281,1050767,1051242,1051385,1051409,1051425,1051518
1625:1048897,1049736,1049741
1641:1048903,1048998,1049083,1049084,1049141,1050051
1657:1048910,1049685,1050823
1673:1048917
1689:1048929,1048940,1049200,1049353,1049423,1049555,1049608,1049741,1049760,1049797,1049823,1049948,1050140,1050220,1050393,1050541,1050877,1050952,1051013,1051130,1051147,1051176,1051197,1051350,1051652,1051676,1051703
1705:1048942,1050169,1050317,1050764,1050800,1051278,1051432,1051522,1051569,1051716
1721:1048951,1049254,1049870,1050266,1051601
1737:1048959,1049122,1049948,1051376
1753:1048970,1049159,1049927,1050247,1050359,1050479
1769:1048972,1049170,1049308,1049309,1049310,1049431,1049454,1049455,1049456,1049547,1049590,1049601,1049867,1050072,1050080,1050216,1050218,1050324,1050574,1050728,1050742,1050783,1050822,1050942,1051513,1051572,1051596,1051752
1785:1048980,1049798,1049965,1050382,1050461,1050532,1050750,1050988,1051192,1051377
1801:1048985
1817:1048991
1833:1048993,1049031,1049448,1049473
1849:1049002,1049446,1050375
1865:1049007
1881:1049013
1897:1049015,1050318,1050429,1050482,1050999,1051653
1913:1049016,1049270,1049578,1049735,1049847,1049916,1049937,1050123,1050205,1050521,1050628,1050722,1050759,1050779,1050849,1050917,1050941,1050976,1051075,1051113,1051305,1051351,1051382,1051385,1051593,1051708,1051729
1929:1049026
1945:1049035,1049466,1050365
1961:1049037,1049577,1049900,1049934,1050466,1051488
1977:1049045,1049614
1993:1049054,1049960,1050483,1051109,1051452,1051554,1051672,1051741,1051747
2009:1049059
2025:1049066,1049422
2041:1049070,1049623,1050254,1050284,1050917
2057:1049087,1049356,1049357,1049683
2073:1049102,1049111,1050227,1050308,1050454,1050493,1050779,1050862,1050947,1051133,1051402,1051426,1051430,1051598,1051769
2089:1049106,1050320,1050383,1050808,1050947,1051196,1051207,1051444,1051445,1051520,1051596,1051643,1051686,1051733,1051749,1051752,1051757
2105:1049106,1049637,1049745,1049865,1049867,1050043,1050051,1050142,1050750,1050882,1051030,1051159,1051173,1051245,1051271,1051394,1051443,1051449,1051671,1051738
2121:1049108
2137:1049111,1049540,1049597,1049792,1049793,1049794,1049874,1050096,1050112,1050113,1050114,1050132,1050415,1050416,1050542,1050603,1050664,1050678,1050679,1050695,1050696,1050800,1050989,1051064
2153:1049116,1049117,1049118,1049119,1049139,1049142,1049143,1049383,1049384,1049385
2169:1049133,1050732,1050956
2185:1049146,1049322,1049346,1049482,1049500,1050133,1050134,1050352,1050388,1050425,1051018
2201:1049155
2217:1049160,1049506
2233:1049167,1049710,1049754,1049839,1049971,1050094,1050098,1050119,1050125,1050180,1050222,1050327,1050404,1050419,1050483,1050705,1050794,1050827,1050932,1051109,1051453,1051600,1051601,1051624,1051704
2249:1049173
2265:1049180
2281:1049191,1049294,1049857,1049902,1050000,1050037,1050072,1050386,1050465,1050628,1050754,1051178,1051317,1051391,1051497,1051541,1051579,1051614,1051639,1051770
2297:1049191,1049249,1049271,1049736,1051468,1051560
2313:1049193,1049270,1051576
2329:1049194,1051720
2345:1049201,1050772,1050853,1050897,1051030
2361:1049207,1049266,1049591,1049604,1049658,1049688,1049771,1049883,1049940,1050105,1050228,1050259,1050274,1050344,1050537,1050591,1050849,1050882,1050918,1051027,1051270,1051303,1051418,1051423,1051469,1051526,1051606,1051692,1051696,1051732,1051739
2377:1049214,1049475,1049476
2393:1049227
2409:1049233
2425:1049241
2441:1049245
2457:1049245,1050864
2473:1049245
2489:1049250,1049642
2505:1049250,1050739
2521:1049254,1050421,1051202,1051451,1051593,1051732
2537:1049262,1049649,1051720
2553:1049268,1051261
2569:1049270,1049839,1050073,1050402
2585:1049271,1049430,1049740,1050137,1050171
2601:1049274,1049591,1050143,1050446,1050500,1050700,1050862,1051122,1051208,1051231,1051458,1051500,1051575,1051637
2617:1049280
2633:1049293
2649:1049299,1049683,1049688,1049916,1050460,1050483,1050877,1051497,1051560
2665:1049299
2681:1049302,1049740,1049741,1049754,1049813,1049922,1049957,1050239,1050477,1050577,1050621,1051113,1051180,1051291,1051425,1051451,1051776
2697:1049306,1049308,1049454,1049758,1049775,1049870,1050883,1051325,1051361,1051465,1051607,1051695,1051722
2713:1049318
2729:1049325,1049531
2745:1049334,1051361,1051576
2761:1049342,1049343,1050051
2777:1049356,1049357
2793:1049369,1050368
2809:1049371,1050169,1050189,1050428,1050461,1051291,1051479
2825:1049381,1050576,1050937,1050940
2841:1049392,1049499
2857:1049400
2873:1049404
2889:1049415
2905:1049424
2921:1049429,1049746,1050166,1050226,1050421,1050449,1050575,1050876,1051129,1051195,1051351,1051426
2937:1049434
2953:1049442
2969:1049466
2985:1049470
3001:1049506,1049532,1049723,1050269,1051156
3017:1049519
3033:1049525,1050419,1050934,1051168,1051494
3049:1049530,1051230,1051231
3065:1049539,1049607,1049882,1050216,1050418,1050537,1050688,1050916,1051155,1051291,1051346,1051402,1051500,1051672
3081:1049543
3097:1049547,1051357
3113:1049549
3129:1049556,1049627,1049745,1049848,1049908,1049986,1049995,1050049,1050126,1050146,1050219,1050509,1050573,1050719,1050941,1050996,1051363,1051374,1051632
3145:1049566,1049567,1049946,1049948,1050122,1050150,1050353,1050354,1050364,1050375,1050488,1050495,1050516,1050519,1050561,1050562,1050799,1050834,1050939,1050993,1051123
3161:1049574
3177:1049577,1050165,1050466,1051129
3193:1049578
3209:1049583,1049956,1050120,1050738,1050883,1050942,1051147,1051385,1051692,1051754,1051758
3225:1049587,1049800,1049925,1050234,1050272,1050605
3241:1049591
3257:1049600
3273:1049607
3289:1049609,1049984,1050077,1050226,1050327,1050946,1051298,1051732
3305:1049618
3321:1049623
3337:1049626,1050252,1050505,1050808,1050863,1051303,1051500,1051562,1051573
3353:1049637
3369:1049644
3385:1049658,1050199
3401:1049665,1049704,1050798
3417:1049674,1049839
3433:1049674,1049973,1050020,1050717,1051590
3449:1049683,1050344
3465:1049687,1051156
3481:1049688,1049969,1050047,1050125,1050756,1050998
3497:1049695
3513:1049709,1049785,1050040,1051486
3529:1049718,1050776,1051401
3545:1049720
3561:1049726
3577:1049730
3593:1049735,1049741,1049839,1049923,1050039,1050226,1050549
3609:1049737,1051132,1051293,1051314,1051560
3625:1049741,1050886
3641:1049745
3657:1049747,1049839,1049973,1050020,1050795,1050796,1051207,1051236
3673:1049753,1050440,1050665
3689:1049755,1050066,1050102,1050286,1050563,1050840,1050918,1051155,1051301,1051415,1051461,1051619
3705:1049758
3721:1049766
3737:1049770,1051110
3753:1049774,1049870,1050849,1051044,1051351,1051370,1051506
3769:1049781,1051278,1051325
3785:1049791,1050095,1050104,1050128,1050449,1050820,1051200,1051382,1051632,1051746
3801:1049801,1049882,1049959,1050274,1050339,1050577,1051055,1051395,1051451,1051656
3817:1049809
3833:1049812,1050728,1051147,1051610
3849:1049820,1050621,1051421,1051532
3865:1049828,1051024
3881:1049835
3897:1049839
3913:1049846
3929:1049852
3945:1049862,1049987,1050977,1051142,1051424,1051647,1051652,1051671,1051723
3961:1049865,1049877,1049910
3977:1049881,1049954,1050066,1050625,1050685,1050806
3993:1049883,1051691
4009:1049890
4025:1049896,1050280
4041:1049906,1050106,1050286,1050385,1050929,1051058
4057:1049916,1050702
4073:1049923,1049964,1050145,1050281,1050343,1050444,1051517
4089:1049925,1050465
4105:1049932,1049993
4121:1049940,1049978,1050552,1050969,1051632
4137:1049941,1051479
4153:1049954,1050029,1050313,1050622
4169:1049957,1049960
4185:1049960,1050146,1050323,1050877,1051025,1051506
4201:1049964,1051412,1051603,1051653
4217:1049970,1051505
4233:1049974
4249:1049982
4265:1049984,1050246
4281:1049987,1051534
4297:1049991
4313:1049998
4329:1050001
4345:1050005
4361:1050009,1050551,1050821,1050958,1051071,1051435,1051641
4377:1050014
4393:1050022,1050023,1050359
4409:1050029
4425:1050038
4441:1050043,1050121
4457:1050048
4473:1050053
4489:1050062,1050128,1051305
4505:1050070
4521:1050079,1050422,1050490,1050730,1050752,1050764,1051065,1051098,1051267,1051276,1051312,1051432,1051452,1051458,1051488,1051588,1051593
4537:1050085,1050517
4553:1050091
4569:1050094,1051146
4585:1050100,1051261
4601:1050106,1050286,1050945
4617:1050112,1050113,1050114
4633:1050119,1050928
4649:1050126
4665:1050133,1050134,1050352,1050388
4681:1050141
4697:1050147
4713:1050164
4729:1050166,1050255
4745:1050170
4761:1050178
4777:1050184
4793:1050193,1050457
4809:1050201,1050283,1050955
4825:1050205,1050947,1051498,1051732
4841:1050211,1051778
4857:1050218
4873:1050225,1050437,1051688
4889:1050229
4905:1050239
4921:1050246
4937:1050251
4953:1050256,1050664
4969:1050263,1050839
4985:1050270
5001:1050272,1050316,1051315,1051462
5017:1050275
5033:1050280
5049:1050285
5065:1050286,1051197,1051596,1051686,1051752
5081:1050294,1051592
5097:1050301
5113:1050304,1051143
5129:1050311
5145:1050316,1050466
5161:1050325
5177:1050339,1051735
5193:1050343,1050822,1051282
5209:1050345,1050464,1051757
5225:1050357
5241:1050367,1050454,1050670,1050858
5257:1050380,1050704,1051130,1051735
5273:1050390
5289:1050399
5305:1050404,1051207
5321:1050417
5337:1050422,1050736,1050752
5353:1050429
5369:1050437
5385:1050446
5401:1050452,1050895,1051415,1051495,1051516,1051733,1051747
5417:1050463
5433:1050466,1051672
5449:1050481
5465:1050488
5481:1050498
5497:1050505,1051481
5513:1050517
5529:1050523
5545:1050535
5561:1050545,1050546
5577:1050552
5593:1050561,1051042,1051368
5609:1050571,1051004
5625:1050577,1050626,1051352
5641:1050588
5657:1050594
5673:1050606
5689:1050610
5705:1050625
5721:1050630
5737:1050637
5753:1050645,1050689
5769:1050656
5785:1050667
5801:1050671
5817:1050681,1051627
5833:1050688
5849:1050706
5865:1050716
5881:1050720
5897:1050724
5913:1050728,1050998
5929:1050740
5945:1050749
5961:1050756,1051474
5977:1050764,1050867,1051080
5993:1050771,1050940,1050999,1051760
6009:1050776
6025:1050782,1051142,1051375
6041:1050791,1051390
6057:1050800
6073:1050808,1051686
6089:1050808
6105:1050808
6121:1050814
6137:1050820,1051146
6153:1050831
6169:1050845,1051268,1051271
6185:1050856
6201:1050864
6217:1050875
6233:1050877
6249:1050880
6265:1050885,1050951,1051149,1051322,1051361,1051646,1051755
6281:1050896
6297:1050904,1051053
6313:1050916,1051120,1051218
6329:1050921,1050935,1051034
6345:1050932
6361:1050942
6377:1050951
6393:1050959
6409:1050973
6425:1050977,1051278,1051760
6441:1050988,1051090,1051456
6457:1050998,1051668
6473:1051003
6489:1051010,1051320,1051414,1051584,1051650,1051671,1051731,1051738
6505:1051018
6521:1051026
6537:1051034
6553:1051042
6569:1051046
6585:1051058
6601:1051061
6617:1051065,1051267,1051747
6633:1051074,1051390
6649:1051083
6665:1051093
6681:1051102,1051699
6697:1051111,1051147,1051716
6713:1051119
6729:1051130
6745:1051141
6761:1051154
6777:1051163
6793:1051169
6809:1051177
6825:1051187
6841:1051195
6857:1051199,1051643
6873:1051207
6889:1051217
6905:1051227,1051464
6921:1051241
6937:1051253
6953:1051263,1051747
6969:1051272
6985:1051278
7001:1051285,1051290,1051325
7017:1051291,1051293,1051387,1051391,1051392,1051421,1051435,1051451,1051457,1051463,1051532,1051534,1051539,1051551,1051592,1051662,1051739
7033:1051296
7049:1051298,1051408,1051687
7065:1051308,1051321
7081:1051316,1051570,1051664
7097:1051323
7113:1051334
7129:1051349
7145:1051356
7161:1051364
7177:1051377
7193:1051386
7209:1051392
7225:1051399
7241:1051406,1051437
7257:1051416
7273:1051424
7289:1051438,1051642
7305:1051449,1051667
7321:1051462
7337:1051467
7353:1051472
7369:1051478,1051482,1051514
7385:1051488
7401:1051494,1051496,1051505,1051515,1051532,1051546,1051564,1051565
7417:1051499
7433:1051503
7449:1051513
7465:1051522
7481:1051532
7497:1051544
7513:1051555
7529:1051566
7545:1051572
7561:1051580,1051581,1051582,1051583,1051584,1051585,1051586,1051587,1051588,1051589,1051590,1051591,1051592,1051593,1051594,1051595,1051596,1051597,1051598,1051599,1051600,1051601,1051602,1051603,1051604,1051605,1051606,1051607,1051608,1051609,1051610,1051611,1051612,1051613,1051614,1051615,1051616,1051617,1051618,1051619,1051620,1051621,1051622,1051623,1051624,1051625,1051626,1051627,1051628,1051629,1051630,1051631,1051632,1051633,1051634,1051635,1051636,1051637,1051638,1051639,1051640,1051641,1051642,1051643,1051644,1051645,1051646,1051647,1051648,1051649,1051650,1051651,1051652,1051653,1051654,1051655,1051656,1051657,1051658,1051659,1051660,1051661,1051662,1051663,1051664,1051665,1051666,1051667,1051668,1051669,1051670,1051671,1051672,1051673,1051674,1051675,1051676,1051677,1051678,1051679,1051680,1051681,1051682,1051683,1051684,1051685,1051686,1051687,1051688,1051689,1051690,1051697,1051735
7577:1051588
7593:1051595
7609:1051597
7625:1051603
7641:1051610
7657:1051617
7673:1051627
7689:1051640
7705:1051647
7721:1051655
7737:1051661
7753:1051666
7769:1051672
7785:1051683
7801:1051690
7817:1051700
7833:1051705
7849:1051712
7865:1051721
7881:1051731
7897:1051737
7913:1051743
7929:1051755
7945:1051760
7961:1051768
7977:1051775,1051777,1051778
