1:1048576,1048640,1048721,1048722,1048771,1048829,1048896,1048904,1049037,1049039,1049106,1049159,1049174,1049176,1049191,1049212,1049219,1049250,1049264,1049266,1049273,1049296,1049299,1049521,1049522,1049547,1049559,1049560,1049600,1049626,1049637,1049661,1049780,1049811,1049813,1049847,1049884,1049890,1049900,1049924,1049991,1050003,1050020,1050047,1050051,1050093,1050106,1050176,1050234,1050340,1050346,1050421,1050437,1050464,1050475,1050502,1050521,1050621,1050623,1050652,1050722,1050726,1050729,1050756,1050763,1050772,1050773,1050801,1050843,1050849,1050858,1050873,1050955,1050964,1050971,1051054,1051097,1051102,1051113,1051158,1051159,1051168,1051264,1051352,1051427,1051486,1051505,1051534,1051554,1051563,1051573,1051576,1051578,1051625,1051665,1051674,1051692,1051705,1051735,1051759
17:1048577,1048816,1049516,1050169,1051031,1051074,1051441,1051487
33:1048579,1048582,1048585,1048588,1048594,1049265,1049504
49:1048581,1048662,1049052,1049363,1049676,1050221,1050365,1051574
65:1048586,1048589,1048625,1048644,1048659,1048681,1048743,1048746,1048760,1048785,1048851,1048878,1048896,1049153,1049191,1049192,1049250,1049299,1049431,1049605,1049625,1049658,1049736,1049755,1049759,1049798,1049801,1049810,1049827,1049878,1049883,1049898,1049934,1049941,1049996,1050000,1050029,1050040,1050044,1050052,1050061,1050066,1050091,1050111,1050124,1050128,1050189,1050198,1050203,1050210,1050232,1050240,1050268,1050302,1050344,1050385,1050400,1050402,1050404,1050431,1050499,1050514,1050592,1050636,1050657,1050719,1050730,1050761,1050774,1050807,1050827,1050877,1050879,1050891,1050929,1050930,1050931,1050932,1050942,1050944,1050952,1050953,1051008,1051075,1051109,1051136,1051206,1051245,1051267,1051317,1051326,1051383,1051397,1051403,1051416,1051421,1051446,1051496,1051506,1051522,1051560,1051595,1051596,1051622,1051639,1051676,1051691,1051714,1051723,1051758
81:1048587,1048602,1048671,1048710,1048723,1048732,1048746,1049596,1050019
97:1048592,1048598,1048615,1048643,1048667,1048678,1048777,1048790,1048827,1048851,1048895,1048897,1048954,1048980,1049012,1049106,1049133,1049160,1049171,1049194,1049246,1049270,1049271,1049273,1049294,1049305,1049334,1049400,1049431,1049467,1049468,1049517,1049539,1049547,1049557,1049585,1049601,1049608,1049609,1049619,1049620,1049625,1049644,1049646,1049662,1049673,1049683,1049692,1049696,1049738,1049741,1049743,1049745,1049759,1049763,1049769,1049770,1049774,1049775,1049791,1049800,1049801,1049810,1049811,1049822,1049830,1049837,1049839,1049846,1049847,1049867,1049890,1049899,1049906,1049909,1049960,1049966,1049968,1049969,1049979,1049983,1049990,1050036,1050037,1050039,1050046,1050047,1050051,1050062,1050077,1050092,1050094,1050108,1050109,1050118,1050145,1050163,1050164,1050165,1050166,1050168,1050177,1050188,1050189,1050205,1050222,1050227,1050240,1050254,1050255,1050256,1050258,1050268,1050270,1050272,1050273,1050275,1050286,1050301,1050303,1050320,1050323,1050327,1050328,1050330,1050341,1050361,1050362,1050380,1050385,1050401,1050402,1050420,1050428,1050429,1050436,1050452,1050477,1050499,1050526,1050532,1050533,1050535,1050537,1050549,1050550,1050578,1050595,1050606,1050621,1050634,1050635,1050639,1050640,1050655,1050656,1050667,1050670,1050680,1050686,1050688,1050701,1050713,1050714,1050728,1050751,1050753,1050759,1050764,1050769,1050770,1050772,1050775,1050777,1050785,1050793,1050794,1050804,1050821,1050829,1050840,1050848,1050852,1050858,1050861,1050864,1050872,1050892,1050894,1050895,1050916,1050917,1050932,1050933,1050940,1050945,1050947,1050949,1050951,1050953,1050954,1050955,1050974,1050999,1051026,1051044,1051045,1051054,1051057,1051074,1051075,1051076,1051091,1051101,1051102,1051111,1051116,1051121,1051129,1051130,1051131,1051155,1051157,1051169,1051172,1051180,1051193,1051197,1051204,1051207,1051220,1051224,1051225,1051226,1051242,1051243,1051255,1051256,1051272,1051276,1051284,1051287,1051290,1051291,1051293,1051294,1051295,1051298,1051302,1051315,1051316,1051341,1051346,1051351,1051352,1051369,1051370,1051371,1051373,1051384,1051394,1051413,1051415,1051424,1051441,1051442,1051443,1051459,1051464,1051468,1051473,1051477,1051478,1051479,1051491,1051494,1051495,1051500,1051515,1051521,1051525,1051529,1051531,1051532,1051543,1051547,1051555,1051561,1051572,1051577,1051581,1051588,1051589,1051598,1051599,1051600,1051601,1051614,1051624,1051625,1051627,1051640,1051642,1051643,1051645,1051649,1051652,1051655,1051656,1051660,1051662,1051664,1051665,1051669,1051671,1051680,1051681,1051684,1051687,1051699,1051702,1051706,1051712,1051738,1051740,1051748,1051764,1051771,1051774,1051776,1051777
113:1048595,1048621,1048679,1048699,1048721,1048818,1048823,1048853,1048894,1048896,1048904,1048984,1049015,1049016,1049039,1049102,1049108,1049112,1049194,1049230,1049233,1049246,1049250,1049253,1049254,1049264,1049270,1049336,1049424,1049425,1049429,1049430,1049432,1049468,1049557,1049576,1049581,1049584,1049603,1049607,1049624,1049625,1049628,1049637,1049646,1049662,1049673,1049697,1049709,1049722,1049729,1049733,1049734,1049739,1049748,1049760,1049771,1049774,1049781,1049786,1049788,1049798,1049800,1049812,1049830,1049833,1049835,1049836,1049842,1049847,1049863,1049881,1049883,1049899,1049916,1049929,1049933,1049934,1049937,1049940,1049941,1049957,1049961,1049967,1049969,1049971,1049972,1049974,1049975,1049979,1049995,1049996,1050004,1050033,1050035,1050036,1050041,1050045,1050059,1050060,1050062,1050071,1050082,1050090,1050091,1050108,1050128,1050145,1050163,1050166,1050183,1050191,1050194,1050200,1050202,1050208,1050220,1050221,1050224,1050225,1050228,1050249,1050251,1050252,1050253,1050254,1050255,1050259,1050261,1050266,1050271,1050272,1050286,1050287,1050294,1050301,1050313,1050314,1050321,1050323,1050325,1050327,1050328,1050339,1050346,1050356,1050361,1050363,1050380,1050385,1050401,1050403,1050404,1050410,1050418,1050435,1050446,1050459,1050460,1050464,1050467,1050477,1050481,1050514,1050520,1050526,1050536,1050553,1050564,1050591,1050595,1050605,1050608,1050609,1050621,1050628,1050635,1050636,1050667,1050670,1050672,1050682,1050683,1050709,1050721,1050725,1050726,1050727,1050735,1050738,1050742,1050753,1050755,1050756,1050759,1050770,1050773,1050778,1050782,1050791,1050793,1050803,1050821,1050822,1050828,1050837,1050840,1050847,1050852,1050862,1050863,1050875,1050876,1050881,1050891,1050896,1050898,1050900,1050918,1050920,1050930,1050933,1050942,1050944,1050946,1050950,1050953,1050958,1050963,1050973,1050974,1050976,1050981,1050982,1050988,1051008,1051013,1051027,1051031,1051032,1051045,1051073,1051092,1051093,1051097,1051099,1051111,1051113,1051128,1051132,1051134,1051143,1051168,1051170,1051181,1051185,1051195,1051196,1051197,1051200,1051201,1051204,1051219,1051220,1051221,1051231,1051254,1051256,1051258,1051260,1051272,1051279,1051281,1051284,1051294,1051298,1051315,1051319,1051352,1051360,1051369,1051373,1051381,1051402,1051409,1051410,1051415,1051421,1051425,1051426,1051430,1051435,1051439,1051441,1051443,1051451,1051457,1051458,1051461,1051463,1051464,1051471,1051479,1051482,1051486,1051488,1051494,1051497,1051505,1051507,1051512,1051514,1051516,1051519,1051525,1051533,1051541,1051562,1051564,1051571,1051573,1051575,1051579,1051581,1051587,1051590,1051595,1051598,1051599,1051602,1051603,1051605,1051613,1051616,1051623,1051629,1051633,1051643,1051651,1051660,1051661,1051662,1051675,1051677,1051678,1051691,1051695,1051705,1051719,1051722,1051723,1051741,1051757,1051765,1051769,1051777
129:1048596,1048713,1048745
145:1048599,1048742,1048777,1048817,1048818,1048827,1048857,1048971,1049158,1049245,1049395,1049600,1049770,1049845,1049856,1050033,1050221,1050259,1050270,1050362,1050399,1050839,1050840,1050947,1050999,1051102,1051169,1051395,1051446,1051514,1051545,1051680,1051691,1051755
161:1048603,1049194,1049228,1049658,1049663,1049811,1049846,1050009,1050102,1050118,1050216,1050239,1050256,1050280,1050399,1050452,1050454,1050512,1050776,1050803,1050950,1050953,1051171,1051203,1051255,1051286,1051295,1051305,1051309,1051373,1051392,1051486,1051575,1051577,1051662,1051672,1051709,1051739
177:1048606
193:1048611,1048942,1048958,1049016,1049092,1049241,1049332,1049395,1049403,1049609,1049836,1049901,1049929,1050186,1050197,1050260,1050270,1050298,1050386,1050419,1050421,1050431,1050464,1050465,1050503,1050564,1050621,1050634,1050772,1050773,1050849,1050864,1050946,1050955,1050971,1050976,1051029,1051090,1051143,1051189,1051287,1051351,1051424,1051465,1051467,1051469,1051475,1051524,1051526,1051544,1051563,1051607,1051613,1051615,1051618,1051634,1051645,1051662,1051702,1051708,1051733,1051747
209:1048614,1049627,1049709,1049908
225:1048615,1048971,1049037,1049039,1049108,1049190,1049192,1049246,1049400,1049430,1049517,1049539,1049600,1049607,1049626,1049637,1049729,1049744,1049748,1049774,1049798,1049823,1049830,1049833,1049839,1049842,1049909,1049919,1049925,1049940,1049968,1049974,1049983,1049985,1049986,1049990,1050005,1050032,1050046,1050093,1050101,1050104,1050109,1050117,1050127,1050147,1050163,1050205,1050216,1050225,1050228,1050254,1050255,1050256,1050260,1050268,1050273,1050274,1050284,1050294,1050301,1050303,1050325,1050327,1050367,1050385,1050402,1050403,1050446,1050483,1050486,1050501,1050513,1050521,1050548,1050550,1050551,1050578,1050592,1050608,1050610,1050623,1050630,1050667,1050680,1050686,1050712,1050719,1050720,1050764,1050777,1050778,1050783,1050792,1050808,1050820,1050833,1050843,1050848,1050858,1050861,1050893,1050894,1050919,1050947,1050950,1050952,1050971,1050995,1050999,1051012,1051026,1051027,1051030,1051110,1051116,1051117,1051130,1051136,1051146,1051169,1051173,1051209,1051240,1051244,1051254,1051256,1051286,1051289,1051291,1051294,1051297,1051298,1051309,1051315,1051316,1051328,1051340,1051342,1051346,1051354,1051373,1051387,1051391,1051395,1051413,1051424,1051434,1051437,1051455,1051459,1051460,1051464,1051469,1051472,1051477,1051479,1051501,1051511,1051514,1051519,1051526,1051555,1051559,1051563,1051565,1051566,1051571,1051584,1051592,1051595,1051602,1051603,1051612,1051614,1051616,1051623,1051624,1051629,1051633,1051634,1051640,1051647,1051664,1051669,1051694,1051700,1051711,1051714,1051738,1051751,1051762,1051777
241:1048615,1048618,1048721,1048777,1048780,1048790,1048800,1048847,1049253,1049305,1049328,1049485,1049515,1049735,1049741,1049760,1049775,1049806,1049883,1049992,1050044,1050045,1050046,1050164,1050177,1050178,1050228,1050249,1050255,1050302,1050303,1050317,1050340,1050363,1050386,1050429,1050446,1050491,1050672,1050728,1050769,1050776,1050777,1050779,1050884,1050903,1051014,1051070,1051072,1051161,1051219,1051302,1051305,1051373,1051426,1051433,1051491,1051527,1051564,1051580,1051598,1051602,1051610,1051623,1051685,1051731,1051765
257:1048615,1048646,1048748,1048760,1048984,1049015,1049016,1049067,1049070,1049194,1049271,1049330,1049374,1049397,1049410,1049411,1049424,1049431,1049517,1049519,1049537,1049538,1049547,1049555,1049609,1049627,1049718,1049721,1049736,1049739,1049742,1049743,1049771,1049847,1049884,1049899,1049908,1049924,1049962,1049968,1049969,1049984,1049986,1049987,1049988,1049996,1050001,1050005,1050014,1050031,1050037,1050071,1050079,1050081,1050082,1050090,1050094,1050100,1050109,1050147,1050155,1050156,1050166,1050198,1050202,1050212,1050222,1050226,1050269,1050283,1050284,1050302,1050325,1050385,1050386,1050401,1050420,1050422,1050431,1050435,1050454,1050465,1050466,1050503,1050523,1050534,1050608,1050621,1050658,1050667,1050670,1050680,1050685,1050688,1050702,1050717,1050739,1050742,1050744,1050763,1050771,1050778,1050786,1050833,1050838,1050876,1050878,1050889,1050894,1050895,1050916,1050918,1050933,1050940,1050955,1050962,1050976,1050977,1050996,1051058,1051075,1051093,1051097,1051111,1051122,1051129,1051167,1051198,1051206,1051219,1051223,1051242,1051309,1051315,1051317,1051340,1051396,1051408,1051421,1051422,1051435,1051457,1051463,1051464,1051491,1051498,1051523,1051541,1051547,1051554,1051555,1051573,1051576,1051577,1051590,1051596,1051601,1051605,1051608,1051613,1051614,1051621,1051624,1051627,1051628,1051631,1051639,1051644,1051651,1051652,1051662,1051702,1051717,1051725,1051735,1051739,1051751,1051754,1051759,1051778
273:1048615,1048657,1048670,1048681,1048719,1048827,1049070,1049426,1049589,1049758,1049763,1049798,1049823,1049829,1049837,1049941,1049985,1049990,1049995,1050000,1050018,1050118,1050141,1050147,1050195,1050200,1050251,1050382,1050421,1050452,1050522,1050563,1050625,1050751,1050915,1050963,1051031,1051058,1051116,1051173,1051259,1051260,1051284,1051396,1051442,1051451,1051484,1051487,1051541,1051552,1051592,1051593,1051599,1051614,1051642,1051652,1051667,1051696,1051700,1051710,1051711,1051715,1051750,1051760,1051763,1051778
289:1048618,1048780,1048800,1049577,1049582,1049735,1049741,1049760,1049809,1049933,1050030,1050105,1050140,1050221,1050256,1050285,1050363,1050399,1050427,1050428,1050577,1050821,1051223,1051282,1051712
305:1048621
321:1048621,1050044,1050221,1050955
337:1048623,1049219,1049536,1050577,1050622,1050688,1050760,1051503,1051519,1051672,1051690,1051725
353:1048623,1050344,1050653,1050769,1050864,1051122,1051433,1051437,1051541,1051571,1051588,1051685
369:1048623,1048643,1048668,1048797,1048799,1048818,1048853,1048895,1048972,1049010,1049015,1049102,1049160,1049170,1049173,1049292,1049294,1049328,1049424,1049425,1049431,1049442,1049547,1049576,1049590,1049604,1049641,1049674,1049683,1049710,1049721,1049735,1049736,1049737,1049741,1049747,1049760,1049763,1049791,1049792,1049830,1049880,1049883,1049898,1049899,1049916,1049929,1049956,1049963,1049965,1049973,1049990,1050000,1050001,1050007,1050013,1050039,1050044,1050045,1050080,1050081,1050109,1050110,1050127,1050129,1050139,1050163,1050166,1050170,1050188,1050196,1050207,1050212,1050216,1050217,1050225,1050240,1050255,1050256,1050281,1050301,1050302,1050303,1050308,1050328,1050358,1050359,1050385,1050400,1050431,1050436,1050443,1050451,1050454,1050465,1050493,1050503,1050504,1050526,1050535,1050549,1050577,1050591,1050594,1050611,1050622,1050634,1050640,1050667,1050700,1050705,1050719,1050728,1050742,1050750,1050779,1050783,1050785,1050790,1050795,1050808,1050821,1050822,1050827,1050829,1050838,1050839,1050840,1050851,1050876,1050881,1050892,1050916,1050942,1050944,1050951,1050953,1050985,1051045,1051065,1051072,1051088,1051098,1051129,1051143,1051173,1051179,1051201,1051220,1051232,1051242,1051245,1051270,1051305,1051316,1051341,1051361,1051362,1051376,1051398,1051432,1051443,1051455,1051456,1051467,1051472,1051478,1051479,1051480,1051513,1051532,1051536,1051544,1051568,1051577,1051578,1051584,1051587,1051590,1051632,1051649,1051652,1051676,1051677,1051681,1051687,1051688,1051689,1051690,1051720,1051727,1051732,1051738,1051752,1051757,1051759,1051763,1051768,1051777
385:1048623,1048658,1048792,1048811,1049960
401:1048625,1048659,1048678,1048704,1048732,1048733,1048735,1048913,1048933,1049009,1049026,1049051,1049091,1049159,1049218,1049257,1049354,1049355,1049507,1049527,1049536,1049610,1049637,1049643,1049671,1049722,1049726,1049758,1049784,1049851,1049878,1049996,1050028,1050052,1050058,1050166,1050204,1050207,1050251,1050298,1050356,1050396,1050614,1050752,1050852,1050929,1050930,1051060,1051316,1051617,1051621,1051774
417:1048627,1049433,1050647
433:1048633,1048699,1048829,1048857,1049330,1049426,1049659,1049727,1049754,1049759,1049786,1049822,1049938,1049968,1050008,1050100,1050123,1050127,1050148,1050204,1050227,1050233,1050266,1050294,1050299,1050327,1050344,1050400,1050419,1050430,1050454,1050459,1050463,1050531,1050594,1050608,1050637,1050670,1050684,1050705,1050709,1050743,1050751,1050754,1050778,1050782,1050783,1050786,1050793,1050823,1050826,1050916,1050918,1050919,1050933,1050934,1050948,1051073,1051098,1051143,1051167,1051170,1051171,1051198,1051221,1051243,1051244,1051248,1051277,1051287,1051294,1051309,1051319,1051341,1051345,1051361,1051404,1051420,1051434,1051435,1051439,1051464,1051477,1051489,1051491,1051504,1051530,1051555,1051561,1051563,1051568,1051571,1051575,1051580,1051590,1051628,1051632,1051633,1051642,1051649,1051655,1051687,1051700,1051727
449:1048633,1049191,1049548,1050386
465:1048634,1048658,1048660,1048675,1048703,1048723,1048726,1048968,1049208,1049396,1049941,1049968,1049996,1050003,1050028,1050251,1050267,1050286,1050356,1050667,1050776,1050820,1051058,1051060,1051098,1051277,1051285,1051561,1051677
481:1048638,1048667,1048904,1049271,1049303,1049360,1049552,1049609,1049865,1050332,1050402,1050559,1050692,1050844,1051599,1051692,1051735
497:1048639,1048731,1048751,1048781,1048784,1048840,1048859,1048953,1048968,1049009,1049070,1049101,1049209,1049219,1049230,1049294,1049306,1049334,1049366,1049369,1049467,1049503,1049536,1049637,1049673,1049696,1049707,1049709,1049719,1049755,1049789,1049819,1049850,1049884,1049906,1049909,1049934,1049940,1049964,1049966,1049967,1049968,1049969,1049970,1049971,1049972,1049975,1050032,1050098,1050118,1050189,1050224,1050239,1050281,1050285,1050399,1050403,1050461,1050499,1050523,1050578,1050640,1050656,1050739,1050740,1050741,1050742,1050744,1050745,1050753,1050759,1050828,1050874,1050889,1050898,1050964,1050974,1051065,1051076,1051096,1051181,1051220,1051244,1051328,1051337,1051478,1051500,1051512,1051534,1051598,1051614,1051624,1051639,1051653,1051684,1051696,1051699,1051703,1051725,1051774,1051776,1051777,1051778
513:1048643
529:1048643,1048719,1049709,1050791,1050793,1051080,1051404,1051409,1051443,1051463,1051483,1051498,1051622,1051651
545:1048644,1049039,1049245,1049305,1049770,1049800,1049941,1049987,1049988,1050043,1050051,1050177,1050259,1050431,1050464,1050738,1050763,1050808,1051025,1051209,1051725,1051738,1051778
561:1048646,1048686,1048984,1049271,1049274,1049585,1049642,1049736,1049742,1049924,1049966,1049988,1049992,1050031,1050100,1050143,1050147,1050250,1050327,1050357,1050489,1050504,1050577,1050658,1050680,1050688,1050702,1050976,1051001,1051075,1051093,1051111,1051167,1051242,1051346,1051457,1051554,1051577,1051601,1051651,1051713,1051754,1051756,1051765
577:1048646,1049245,1049371,1049539,1049671,1049720,1049923,1049967,1049998,1050050,1050249,1050278,1050302,1050381,1050429,1050430,1050547,1050551,1050593,1050684,1050716,1050727,1050794,1051057,1051067,1051075,1051196,1051200,1051231,1051271,1051285,1051413,1051495,1051498,1051687,1051695,1051747,1051776
593:1048646,1048972,1049370,1049608,1049618,1049659,1049710,1049719,1049738,1049754,1049770,1049801,1049809,1049839,1049880,1049934,1049955,1050002,1050029,1050073,1050140,1050200,1050222,1050278,1050314,1050340,1050385,1050429,1050549,1050579,1050808,1050827,1050836,1050902,1050975,1050998,1051055,1051093,1051097,1051109,1051117,1051467,1051472,1051498,1051519,1051599,1051602,1051607,1051622,1051676,1051689,1051695,1051696
609:1048650
625:1048653,1048670,1048671,1049334,1049399,1049761,1049775,1050165,1050212,1050790,1050945,1050976,1051173,1051280,1051369,1051713
641:1048653,1050044,1050080,1050246,1050323,1050687,1050738,1050762,1050793,1050889,1050947,1051054,1051147,1051340,1051347,1051445,1051463,1051468,1051473,1051507,1051525,1051554
657:1048657,1048668,1049039,1049429,1049608,1049658,1049710,1049738,1049781,1049798,1049812,1049837,1049867,1049884,1049934,1050029,1050059,1050082,1050094,1050105,1050146,1050164,1050294,1050323,1050344,1050410,1050460,1050512,1050578,1050666,1050756,1050777,1050805,1050885,1050892,1050899,1050919,1050950,1050973,1051060,1051219,1051226,1051274,1051325,1051339,1051340,1051426,1051448,1051462,1051469,1051519,1051522,1051523,1051585,1051586,1051600,1051664,1051667,1051676,1051727
673:1048665,1049008,1049219,1049252,1049294,1049369,1049425,1049426,1049440,1049519,1049626,1049729,1049770,1049850,1049867,1049906,1050179,1050212,1050213,1050271,1050280,1050300,1050303,1050343,1050361,1050400,1050442,1050465,1050503,1050508,1050511,1050531,1050536,1050593,1050607,1050639,1050685,1050700,1050732,1050752,1050759,1050769,1050770,1050773,1050868,1050956,1050963,1051071,1051134,1051143,1051170,1051321,1051339,1051376,1051433,1051441,1051466,1051476,1051491,1051496,1051501,1051538,1051543,1051571,1051577,1051580,1051627,1051669,1051683,1051685,1051689,1051706
689:1048667,1048679,1048724,1048857,1049010,1049710,1049747,1049774,1049810,1049812,1049900,1049902,1049929,1050063,1050064,1050078,1050109,1050123,1050139,1050240,1050259,1050401,1050483,1050569,1050628,1050671,1050739,1050770,1050779,1050795,1050796,1050810,1050838,1050848,1050873,1050883,1050947,1050962,1050999,1051028,1051067,1051092,1051093,1051116,1051173,1051191,1051255,1051266,1051301,1051325,1051423,1051431,1051453,1051465,1051468,1051506,1051532,1051554,1051586,1051608,1051609,1051661,1051688,1051692,1051756
705:1048669,1048894,1049072,1049170,1049683,1049718,1049842,1049921,1050092,1050141,1050176,1050299,1050317,1050363,1050380,1050418,1050450,1050507,1050509,1050521,1050656,1050681,1050716,1050721,1050734,1050763,1050820,1050843,1050899,1050916,1050918,1051099,1051144,1051150,1051286,1051289,1051297,1051309,1051341,1051511,1051538,1051541,1051543,1051548,1051558,1051629,1051672,1051704,1051727,1051738,1051742
721:1048671,1048692,1048777,1048829,1048853,1048904,1048996,1049099,1049160,1049371,1049466,1049538,1049577,1049718,1049810,1049840,1049854,1049925,1049929,1050016,1050104,1050105,1050239,1050270,1050272,1050310,1050327,1050383,1050386,1050419,1050431,1050501,1050507,1050623,1050626,1050668,1050719,1050721,1050740,1050741,1050769,1050770,1050808,1050820,1050821,1050836,1050858,1050930,1050996,1051074,1051075,1051101,1051168,1051203,1051273,1051283,1051284,1051305,1051309,1051324,1051343,1051403,1051407,1051410,1051421,1051434,1051461,1051538,1051560,1051586,1051595,1051631,1051647,1051649,1051651,1051669,1051703,1051711,1051732
737:1048671,1049930,1050165,1050182,1050248,1050373,1050471,1050472,1050473,1050568,1051087,1051386
753:1048677,1048910,1048955,1049037,1049269,1049425,1049435,1049468,1049549,1049673,1049746,1049800,1049840,1049925,1049941,1049962,1049986,1049992,1050058,1050078,1050092,1050125,1050180,1050212,1050266,1050435,1050446,1050483,1050572,1050573,1050623,1050624,1050628,1050634,1050668,1050682,1050685,1050754,1050761,1050807,1050824,1050826,1050838,1050857,1050899,1050912,1050919,1050944,1050988,1051026,1051058,1051069,1051099,1051145,1051254,1051270,1051283,1051300,1051309,1051342,1051359,1051412,1051449,1051459,1051466,1051480,1051493,1051506,1051537,1051542,1051543,1051548,1051553,1051558,1051591,1051595,1051626,1051661,1051714,1051762
769:1048678,1048799,1048827,1048857,1049106,1049111,1049192,1049374,1049658,1049673,1049729,1049745,1049906,1049925,1049959,1050000,1050007,1050094,1050184,1050190,1050220,1050225,1050240,1050284,1050326,1050380,1050431,1050466,1050482,1050511,1050526,1050551,1050759,1050764,1050776,1050785,1050792,1050820,1050858,1050951,1050952,1051012,1051026,1051129,1051143,1051261,1051267,1051289,1051292,1051401,1051411,1051421,1051426,1051430,1051486,1051494,1051496,1051497,1051529,1051568,1051590,1051612,1051639,1051650,1051652,1051656,1051659,1051673,1051681,1051687,1051702,1051715,1051731,1051738,1051757
785:1048678,1049072,1049250,1049517,1049674,1050061,1050072,1050081,1050166,1050198,1050275,1050452,1050577,1050608,1050611,1050688,1050730,1050792,1050808,1050916,1051008,1051058,1051208,1051297,1051410,1051524,1051614,1051631,1051655
801:1048679,1048851,1049605,1049623,1049683,1049692,1049729,1049956,1050014,1050028,1050110,1050139,1050294,1050301,1050626,1050666,1050705,1050728,1050942,1050996,1051075,1051506,1051662,1051667
817:1048681,1049244,1049416,1049489,1049626,1049659,1050942,1051227,1051515
833:1048681,1048719,1048814,1048980,1050682,1050785,1051068,1051255,1051678
849:1048686,1048724,1048799,1048857,1048895,1049004,1049015,1049145,1049245,1049447,1049516,1049633,1049658,1049745,1049747,1049791,1049805,1049810,1049854,1049873,1049882,1049898,1049925,1049929,1049965,1049969,1049970,1049974,1050000,1050044,1050061,1050062,1050064,1050066,1050102,1050138,1050189,1050246,1050247,1050259,1050345,1050359,1050399,1050403,1050409,1050421,1050430,1050443,1050454,1050484,1050486,1050564,1050584,1050623,1050668,1050706,1050710,1050723,1050785,1050795,1050838,1050848,1050849,1050917,1050947,1050971,1050995,1050998,1051028,1051055,1051089,1051092,1051155,1051172,1051219,1051243,1051287,1051301,1051308,1051326,1051361,1051423,1051435,1051441,1051459,1051460,1051461,1051486,1051515,1051518,1051554,1051556,1051652,1051669,1051688,1051708,1051720,1051724,1051732
865:1048691,1050315
881:1048691,1049102,1049191,1049299,1049970,1050197,1050451,1050608,1050847,1051143,1051206,1051277,1051388,1051442,1051489,1051597
897:1048697,1048872,1049688,1050904,1051094,1051363,1051569,1051716
913:1048698,1048760,1048847,1048873,1048875,1048955,1048971,1049112,1049212,1049687,1049718,1049720,1049730,1049740,1049747,1049754,1049775,1049809,1049813,1049929,1049964,1050050,1050081,1050094,1050125,1050166,1050197,1050222,1050275,1050302,1050386,1050419,1050459,1050477,1050506,1050549,1050579,1050609,1050610,1050636,1050685,1050686,1050720,1050743,1050744,1050842,1050872,1050889,1050940,1050951,1051013,1051075,1051088,1051135,1051195,1051294,1051297,1051298,1051324,1051390,1051395,1051442,1051462,1051478,1051494,1051495,1051504,1051512,1051528,1051538,1051543,1051545,1051564,1051617,1051625,1051702,1051704,1051719,1051737,1051746,1051762
929:1048703,1048704,1048733,1048734,1048735,1048753,1048802
945:1048708,1048778,1048896,1048897,1048921,1048929,1049108,1049191,1049212,1049252,1049296,1049353,1049431,1049440,1049442,1049452,1049598,1049736,1049745,1049747,1049769,1049798,1049827,1049891,1049898,1049954,1049998,1050000,1050032,1050092,1050118,1050125,1050184,1050206,1050250,1050297,1050302,1050339,1050367,1050393,1050409,1050420,1050434,1050436,1050443,1050450,1050460,1050461,1050475,1050483,1050502,1050511,1050513,1050550,1050578,1050602,1050628,1050636,1050700,1050704,1050709,1050729,1050739,1050742,1050751,1050759,1050761,1050773,1050783,1050784,1050791,1050795,1050802,1050808,1050820,1050838,1050839,1050850,1050878,1050929,1050930,1050931,1050933,1050943,1050971,1051027,1051032,1051071,1051119,1051174,1051178,1051203,1051220,1051224,1051240,1051243,1051267,1051277,1051282,1051309,1051312,1051315,1051325,1051340,1051352,1051369,1051372,1051403,1051417,1051421,1051444,1051446,1051476,1051478,1051480,1051491,1051511,1051516,1051526,1051529,1051558,1051574,1051576,1051577,1051588,1051595,1051606,1051608,1051620,1051627,1051639,1051658,1051738,1051766,1051773
961:1048713,1048745
977:1048719
993:1048719,1050553
1009:1048721,1048878,1050409,1050722,1050738,1050756,1050900,1051455
1025:1048725,1049090,1050275,1050572,1051351,1051477
1041:1048736,1048766,1048786,1048972,1049226,1049504,1049518
1057:1048743,1048787,1048945,1049201,1049254,1049270,1049302,1049521,1049610,1049694,1049730,1049865,1049960,1050010,1050051,1050062,1050216,1050225,1050227,1050254,1050382,1050414,1050463,1050505,1050551,1050623,1050635,1050652,1050681,1050764,1050777,1050827,1051147,1051204,1051291,1051301,1051375,1051491,1051517,1051607,1051630,1051667
1073:1048752,1048801,1049131,1049203,1049817
1089:1048760,1049302,1049623,1049676,1049711,1049833,1049909,1049956,1049973,1049983,1050000,1050142,1050240,1050286,1050296,1050297,1050302,1050381,1050431,1050442,1050460,1050486,1050509,1050514,1050523,1050634,1050741,1050820,1050898,1050901,1050902,1050958,1051024,1051028,1051045,1051059,1051120,1051143,1051155,1051173,1051191,1051223,1051295,1051384,1051404,1051417,1051499,1051506,1051507,1051554,1051615
1105:1048760,1048829,1049298,1049374,1049560,1049607,1049791,1049884,1049966,1049986,1050147,1050177,1050197,1050227,1050240,1050280,1050343,1050551,1050702,1050754,1050840,1050927,1051059,1051143,1051206,1051229,1051259,1051392,1051396,1051410,1051439,1051534,1051546,1051576
1121:1048768,1050841,1051235
1137:1048776,1049201,1049400,1049673,1049960,1050047,1050062,1050220,1050227,1050313,1050414,1050428,1050623,1050652,1050667,1050681,1050764,1050849,1051144,1051147,1051204,1051291,1051321,1051375,1051491,1051607,1051630,1051656,1051772,1051776,1051779
1153:1048778,1049294,1050091,1050689,1050808,1051394,1051580
1169:1048781
1185:1048793
1201:1048798
1217:1048804,1049056
1233:1048811
1249:1048814,1049607
1265:1048817,1049723,1050500,1050594,1050805,1050807,1051089,1051122,1051242,1051403,1051448,1051710
1281:1048818,1048976,1049008,1049190,1049219,1049236,1049334,1049487,1049608,1049809,1049909,1049965,1050172,1050199,1050252,1050281,1050456,1050591,1050617,1050639,1050786,1050829,1050858,1050864,1051063,1051089,1051102,1051254,1051260,1051272,1051363,1051459,1051491,1051531,1051548,1051574,1051583,1051602,1051628,1051687,1051699,1051718
1297:1048819,1048822,1049043,1049301,1049412,1049450,1049496,1049665,1049704,1050150,1050533,1050834,1050977,1051046,1051136,1051202,1051252,1051426,1051446
1313:1048823
1329:1048826
1345:1048827,1048972,1049303,1049987,1050657,1050756,1050952,1050977,1051500,1051553
1361:1048829,1049133,1049466,1049799,1049882,1049969,1050109,1050955,1051257,1051599
1377:1048833,1051278
1393:1048840,1049039,1049236,1049295,1049334,1049539,1049637,1049696,1049909
1409:1048847,1050610
1425:1048853,1049058,1049102,1049219,1049334,1049338,1049565,1049587,1049673,1049710,1049713,1049715,1049838,1049840,1049898,1049899,1049912,1049933,1049968,1050052,1050066,1050071,1050253,1050356,1050409,1050459,1050460,1050476,1050520,1050563,1050577,1050635,1050645,1050657,1050667,1050687,1050689,1050730,1050753,1050804,1050839,1050951,1051045,1051059,1051120,1051136,1051199,1051259,1051307,1051340,1051369,1051370,1051417,1051426,1051439,1051444,1051461,1051470,1051490,1051495,1051496,1051506,1051518,1051525,1051547,1051565,1051605,1051606,1051646,1051662,1051703,1051713,1051715,1051718,1051745,1051773,1051776
1441:1048855,1050385
1457:1048857,1049180,1049299,1049371,1049525,1049577,1049865,1049870,1050029,1050089,1050092,1050213,1050225,1050325,1050442,1050506,1050549,1050751,1050762,1050783,1050791,1050872,1050883,1050887,1050950,1051008,1051030,1051055,1051073,1051118,1051359,1051434,1051453,1051538,1051560,1051571,1051630,1051631,1051663,1051728,1051739,1051767
1473:1048859,1049811,1050028,1050183,1050363,1050717,1050786,1050808,1050892,1051120,1051286,1051297,1051506,1051579,1051657,1051709,1051721
1489:1048865,1048907,1049067,1049147,1049148,1049424,1049430,1049527,1049791,1049851,1050039,1050302,1050428,1050467,1050511,1050832,1050934,1050935,1051127,1051146,1051243,1051566,1051658,1051660
1505:1048870
1521:1048873,1049299,1049754,1049759,1049810,1049944,1050000,1050168,1050275,1050284,1050318,1050339,1050482,1050504,1050573,1050579,1050593,1050625,1050684,1050721,1050722,1051361,1051376,1051414,1051474,1051658,1051752,1051768
1537:1048876,1050917
1553:1048881,1049140,1049220
1569:1048893,1049991
1585:1048895,1048907,1049108,1049111,1049170,1049442,1049524,1049548,1049626,1049663,1049683,1049718,1049729,1049744,1049754,1049812,1049834,1049847,1049849,1049853,1049855,1049898,1049954,1049960,1049963,1049983,1050032,1050043,1050049,1050079,1050143,1050166,1050184,1050197,1050207,1050209,1050256,1050266,1050275,1050301,1050314,1050326,1050343,1050358,1050400,1050453,1050460,1050461,1050476,1050506,1050507,1050511,1050532,1050533,1050579,1050595,1050626,1050636,1050700,1050709,1050719,1050730,1050742,1050750,1050751,1050759,1050770,1050783,1050808,1050821,1050840,1050882,1050898,1050933,1050950,1050971,1051008,1051027,1051046,1051073,1051112,1051121,1051197,1051206,1051224,1051272,1051277,1051284,1051295,1051301,1051312,1051321,1051340,1051392,1051401,1051404,1051417,1051421,1051426,1051462,1051467,1051472,1051478,1051495,1051501,1051506,1051526,1051528,1051529,1051543,1051545,1051555,1051583,1051593,1051595,1051596,1051602,1051603,1051627,1051632,1051641,1051657,1051667,1051672,1051674,1051678,1051685,1051703,1051705,1051773
1601:1048896,1049710,1049754,1049763,1050039,1050222,1050628,1050894,1051046,1051149,1051220,1051506,1051554,1051579,1051761
1617:1048897,1049621,1049641,1049941,1050433,1050761,1050808,1051378,1051446,1051614,1051728
1633:1048897,1049041,1049077,1049083,1049089,1049091,1049120,1049191,1049261,1049313,1049348,1049353,1049359,1049866,1050094
1649:1048904,1048972,1049039,1049067,1049266,1049537,1049563,1049847,1049996,1050036,1050041,1050051,1050756,1050793,1051574
1665:1048910
1681:1048922,1049948,1051722
1697:1048935,1049992,1050001,1050576,1051765
1713:1048948
1729:1048956
1745:1048963,1050517
1761:1048971,1049246,1049250,1049429,1049901,1049925,1049928,1049973,1050204,1050294,1050322,1050401,1050449,1050513,1050578,1050610,1050681,1050805,1050822,1050843,1050875,1050932,1050950,1051098,1051340,1051375,1051433,1051446,1051532,1051543,1051688,1051704,1051755
1777:1048973
1793:1048984,1049431,1049608,1049674,1049799,1049811,1049822,1049934,1049966,1050033,1050034,1050066,1050082,1050093,1050101,1050109,1050176,1050179,1050201,1050227,1050245,1050257,1050303,1050327,1050404,1050467,1050487,1050491,1050537,1050592,1050595,1050610,1050611,1050655,1050658,1050680,1050712,1050726,1050750,1050793,1050820,1050873,1050882,1050889,1050916,1050977,1051013,1051014,1051045,1051058,1051075,1051109,1051263,1051286,1051344,1051377,1051396,1051403,1051417,1051494,1051497,1051512,1051553,1051554,1051560,1051601,1051624,1051647,1051656,1051676,1051691,1051721,1051727,1051756
1809:1048989,1049372,1049558,1049638,1049639,1049640,1049779,1049824,1049864,1049865,1049924,1049937,1049989,1050011,1050017,1050051,1050065,1050083,1050084,1050230,1050319,1050332,1050348,1050419,1050480,1050497,1050545,1050546,1050691,1050692,1051771
1825:1048992,1051390
1841:1048996,1049099
1857:1049005
1873:1049010,1049495,1049740,1049956,1050001,1050020,1050219,1050249,1050310,1050363,1050668,1050763,1050771,1050792,1050794,1050838,1050890,1050892,1051109,1051142,1051144,1051154,1051259,1051309,1051326,1051354,1051589,1051706,1051707,1051714,1051727,1051760
1889:1049015,1050443,1050832
1905:1049016,1049092,1049241,1049333,1049870,1050298,1050864
1921:1049021,1049077,1049116,1049189,1049727,1051768,1051771
1937:1049032,1049113,1049124,1050450
1953:1049037,1049972,1051055,1051396,1051452,1051498,1051564
1969:1049039
1985:1049050,1049325,1050538
2001:1049057,1050185
2017:1049062,1049778
2033:1049067,1050271,1050302,1050467,1051243,1051406,1051437,1051453,1051591,1051653
2049:1049072,1049136,1049603,1049604,1049853,1050247,1050359,1050380,1050381,1050476,1050479,1050682,1050724,1050791,1050808,1050919,1050950,1051012,1051100,1051101,1051110,1051119,1051146,1051295,1051373,1051437,1051448,1051464,1051465,1051499,1051513,1051526,1051563,1051629,1051645,1051653,1051777
2065:1049097
2081:1049105,1049473
2097:1049106,1049430,1049743,1050475,1050610,1050640,1050729,1050735,1051116,1051206,1051347,1051662,1051667
2113:1049108,1049577,1050228,1050261,1050785,1050900,1051258,1051262,1051346,1051423,1051499
2129:1049108,1049555,1049578,1049601,1049811,1049867,1049945,1049963,1050059,1050359,1050454,1050781,1050835,1051082,1051141,1051144,1051170,1051210,1051263,1051366,1051506,1051590,1051622,1051628,1051714
2145:1049112
2161:1049130
2177:1049137
2193:1049150
2209:1049160,1049556,1049798,1050001,1050125,1050297,1050490,1050827,1050973,1051267,1051385,1051491,1051497,1051651
2225:1049163,1049284,1049751
2241:1049170,1050099,1050239,1050322,1050621,1050943,1050965,1051197,1051361,1051596,1051748
2257:1049176,1049180,1050875
2273:1049181,1050535
2289:1049191,1049689,1049744,1049943,1050102,1050401,1050536,1050548,1050636,1050712,1050885,1051541,1051628
2305:1049191,1051755
2321:1049194,1049270,1049889,1050199,1050293,1050294,1050996,1051462,1051476
2337:1049194,1049578,1049772,1049787,1049925,1049973,1049983,1049985,1049986,1049995,1050045,1050183,1050194,1050259,1050266,1050278,1050319,1050362,1050485,1050639,1050668,1050684,1050717,1050719,1050751,1050779,1050838,1050840,1050898,1050933,1050953,1050977,1051013,1051072,1051098,1051100,1051143,1051155,1051173,1051276,1051325,1051328,1051376,1051474,1051573,1051583,1051640,1051679,1051767,1051770
2353:1049205,1050301
2369:1049212,1051492,1051522,1051677
2385:1049219,1049293,1049565,1049609,1050045,1050111,1050183,1050199,1050278,1050280,1050322,1050431,1050434,1050444,1050485,1050531,1050753,1050984,1051109,1051142,1051169,1051270,1051439,1051515,1051662
2401:1049230,1049492,1049495
2417:1049237,1049276,1049416,1049650
2433:1049245,1049246,1049248,1049884,1049934,1049987,1050419,1050621,1051574,1051680,1051755
2449:1049245
2465:1049245,1050297,1050386,1051207
2481:1049247,1050284
2497:1049250,1050503,1050513,1050575,1050763,1050778,1051325
2513:1049252,1049436,1050218
2529:1049256
2545:1049264
2561:1049270,1049547,1049641,1049734,1049880,1050010,1050077,1050239,1050274,1050285,1050295,1050325,1050327,1050383,1050384,1050437,1050535,1050578,1050640,1050688,1050745,1050753,1050873,1050879,1050914,1050954,1051032,1051101,1051111,1051203,1051271,1051375,1051402,1051482,1051741
2577:1049271,1049466,1050094,1050320,1050577,1050670,1050744,1050786,1050962,1051167,1051209,1051625
2593:1049272
2609:1049276,1049281,1049287,1049288
2625:1049290
2641:1049296,1049372,1049521,1049558,1049561,1049583,1049591,1049638,1049639,1049640,1049660,1049694,1049779,1049808,1049824,1049826,1049864,1049865,1049877,1049910,1049936,1049937,1049942,1049989,1049997,1050017,1050051,1050065,1050229,1050368,1050545,1050546,1050580,1050581,1050691,1050692,1051061,1051468,1051586,1051635,1051758
2657:1049299,1051597
2673:1049301,1049529
2689:1049305
2705:1049309
2721:1049321,1049570,1049872,1050051
2737:1049330,1050382,1050483,1050533,1050671,1050751,1050761,1050794,1051145,1051154,1051249,1051305,1051317,1051437,1051457,1051610,1051681,1051715,1051758
2753:1049339,1049453,1049612
2769:1049347
2785:1049362,1049699
2801:1049371
2817:1049375,1049619,1050420,1051390
2833:1049388,1049389
2849:1049398
2865:1049400,1050316,1050486,1050786,1050806,1050872,1050951,1050977,1051401,1051403,1051601,1051662
2881:1049409
2897:1049421
2913:1049426,1049658,1049729,1049769,1049968,1050625,1050971
2929:1049431
2945:1049439
2961:1049454,1049455,1049456,1049725,1049903
2977:1049468,1049789,1049972,1051042,1051111
2993:1049500
3009:1049516,1049837,1050422,1050483,1050722,1050752,1051301,1051380
3025:1049524,1049556,1049721,1050103,1050293,1050418,1050442,1050450,1050451,1051108,1051569,1051596,1051713
3041:1049526,1049744
3057:1049537
3073:1049541,1049612,1049752,1049949
3089:1049546,1049641,1049957,1050101,1050310,1050326,1050385,1050467,1050591,1050643,1050837,1050852,1050872,1051147,1051242,1051243,1051244,1051257,1051625,1051642,1051647,1051665,1051667,1051704,1051710
3105:1049548
3121:1049554,1049843
3137:1049558,1049591,1049638,1049639,1049997,1050065,1050691
3153:1049571
3169:1049576
3185:1049578,1049609,1049683,1049990,1050274,1050340,1050345,1050367,1050483,1050722,1050914,1051195,1051257,1051351,1051446,1051511,1051597
3201:1049580
3217:1049585,1049974,1050610,1050808,1051143,1051277,1051326,1051479,1051486,1051680
3233:1049589,1049709,1049988,1050421
3249:1049596,1049775,1051378
3265:1049604,1049990,1050062,1050104,1050319,1050414,1050474,1050480,1050779,1050822,1050850,1050983,1051272,1051431,1051591,1051634,1051713,1051728
3281:1049608,1049839,1049933,1050039,1050040,1050549,1050671,1050782,1051109,1051656
3297:1049614,1049844,1050055,1050243,1050244,1050355,1050392,1050412,1050492,1050496,1050570,1051269
3313:1049621,1049754,1049888,1050552,1050892,1051498
3329:1049624
3345:1049629,1049889,1050670,1051439,1051575
3361:1049641,1050104
3377:1049649,1051175,1051190
3393:1049663
3409:1049673,1049972,1050201,1050889,1050955,1051013,1051311,1051408,1051519
3425:1049674
3441:1049683,1051109,1051395
3457:1049687,1050625
3473:1049688,1051098,1051622
3489:1049691
3505:1049701,1050524,1051105,1051112,1051225
3521:1049710,1050081,1050211,1050382,1050863,1051446,1051525,1051532,1051556,1051646,1051656,1051700
3537:1049720,1049983,1050343,1050461,1050919
3553:1049721,1050490,1050671,1050763,1050773,1050840,1051121,1051267,1051346,1051625,1051724
3569:1049729,1050771,1051028,1051054,1051297,1051560,1051715
3585:1049733,1050323,1050889,1050955,1051298,1051429,1051598
3601:1049736,1049972,1050081,1051069
3617:1049739
3633:1049744,1050257,1050431,1050823,1050826,1050827,1051116,1051270,1051408,1051514,1051549,1051569
3649:1049745,1049759,1049964
3665:1049750,1051254,1051762
3681:1049754,1050827
3697:1049756
3713:1049761,1050681,1051452,1051752
3729:1049769,1050064,1050958
3745:1049772,1049867,1049968,1050072,1050548,1050550,1050567,1050682,1050775,1051480
3761:1049781,1051554
3777:1049787,1050843,1051467
3793:1049798
3809:1049806
3825:1049810
3841:1049813
3857:1049823,1050200,1050988,1051576
3873:1049832,1049840
3889:1049838
3905:1049840,1051026
3921:1049847
3937:1049856,1050771,1051695,1051735
3953:1049865,1050051,1051313
3969:1049870,1051601
3985:1049882,1049923,1050042,1050203,1050272,1050322,1050610,1050680,1050883,1050886,1051328,1051449,1051461,1051757
4001:1049886,1050212,1050266,1050977
4017:1049890,1050166
4033:1049899
4049:1049912,1050052,1050066,1050117,1051159,1051310,1051561
4065:1049920,1049940,1049969,1050118,1050191,1051379,1051646
4081:1049924,1051387,1051468,1051651,1051757
4097:1049929,1050275,1050688,1050805,1050848,1051092,1051177,1051221,1051688
4113:1049938,1050251,1050258,1050681,1050915,1050963,1051399,1051614
4129:1049941
4145:1049945
4161:1049956
4177:1049960
4193:1049962,1050091,1050344,1050965
4209:1049968
4225:1049972,1050997,1051131
4241:1049977
4257:1049984
4273:1049985
4289:1049990,1050200,1050851
4305:1049994,1050021,1050097,1050175
4321:1050000,1051204,1051437
4337:1050003
4353:1050007
4369:1050011
4385:1050018
4401:1050028
4417:1050033,1051098,1051197
4433:1050040
4449:1050045,1050308,1050493,1051452
4465:1050049
4481:1050057
4497:1050063
4513:1050077,1050323,1051011,1051443,1051523
4529:1050081,1050322,1050591,1050768,1051172,1051324,1051657
4545:1050089,1050219
4561:1050092
4577:1050095
4593:1050103
4609:1050109
4625:1050118,1050239
4641:1050123
4657:1050129
4673:1050139
4689:1050144,1050163,1050399,1050549,1050626,1050657,1050827,1050892,1051024,1051109,1051259,1051394,1051395,1051425,1051472,1051490,1051546,1051595,1051641
4705:1050162,1050401,1050803,1050881,1050943,1050951,1051071,1051200,1051413,1051457
4721:1050165,1051329,1051386
4737:1050167
4753:1050176,1050459,1050872,1051135
4769:1050181,1050336
4785:1050189,1051581
4801:1050196
4817:1050204,1050795,1050943
4833:1050208,1050463,1050651,1051003,1051062,1051063,1051231
4849:1050213,1050296,1050552,1051361
4865:1050222
4881:1050226
4897:1050234,1050453,1050502
4913:1050241,1050372,1050648
4929:1050249,1050874,1051648,1051740
4945:1050255
4961:1050261
4977:1050266,1051452
4993:1050270
5009:1050275
5025:1050280
5041:1050280,1051280,1051425,1051497,1051652
5057:1050286,1051651,1051755,1051766
5073:1050292,1050769
5089:1050298
5105:1050301,1050340,1050481,1050720,1051046
5121:1050309,1050319,1050455,1051217,1051334
5137:1050315
5153:1050319,1050474,1050480,1051272,1051333,1051355
5169:1050336
5185:1050339
5201:1050344
5217:1050349
5233:1050362,1050399,1050998,1051259,1051308
5249:1050376,1050377
5265:1050385,1050801,1051355
5281:1050396,1050614
5297:1050402
5313:1050409
5329:1050419
5345:1050427
5361:1050432,1050433,1050646,1050890
5377:1050440,1051694
5393:1050447,1050638,1051160,1051161,1051162
5409:1050458
5425:1050465
5441:1050474,1050480
5457:1050484,1051185
5473:1050490,1050552,1050594,1051073,1051267,1051312,1051328,1051572,1051726
5489:1050501
5505:1050510
5521:1050521
5537:1050528,1050601,1050604,1050979
5553:1050537
5569:1050549
5585:1050555
5601:1050566
5617:1050575
5633:1050579
5649:1050592
5665:1050596,1051015,1051277,1051538,1051561
5681:1050609
5697:1050617,1050797
5713:1050628
5729:1050635,1051417
5745:1050640
5761:1050650
5777:1050662,1050965,1051094
5793:1050669
5809:1050676
5825:1050681
5841:1050696
5857:1050710
5873:1050718
5889:1050722
5905:1050727
5921:1050736,1050752
5937:1050742,1051575
5953:1050752,1051045
5969:1050759
5985:1050769
6001:1050772
6017:1050777
6033:1050787
6049:1050795,1051173
6065:1050807
6081:1050808,1050877,1051159,1051481
6097:1050808
6113:1050810
6129:1050817
6145:1050827
6161:1050838,1051173,1051266
6177:1050849
6193:1050861
6209:1050873,1051433
6225:1050875
6241:1050878,1051061
6257:1050883
6273:1050891,1051060
6289:1050899,1051747
6305:1050910
6321:1050917
6337:1050925
6353:1050934
6369:1050945
6385:1050955,1051098,1051506
6401:1050970
6417:1050975
6433:1050980
6449:1050994
6465:1051001
6481:1051006
6497:1051013
6513:1051022
6529:1051030,1051464,1051559
6545:1051038
6561:1051045
6577:1051052,1051461
6593:1051058
6609:1051063,1051329,1051691
6625:1051070,1051161
6641:1051076
6657:1051088,1051430,1051681,1051752
6673:1051098,1051404
6689:1051109,1051620
6705:1051114
6721:1051122,1051622
6737:1051136,1051390
6753:1051145,1051563,1051634,1051694
6769:1051158
6785:1051167
6801:1051173,1051779
6817:1051181
6833:1051190
6849:1051197
6865:1051204
6881:1051209,1051400
6897:1051222,1051357
6913:1051233
6929:1051247
6945:1051256
6961:1051268
6977:1051275
6993:1051284
7009:1051288,1051306
7025:1051293
7041:1051296
7057:1051301
7073:1051312
7089:1051317
7105:1051326
7121:1051338
7137:1051352
7153:1051361
7169:1051369
7185:1051382
7201:1051387
7217:1051396
7233:1051402,1051404
7249:1051412
7265:1051421
7281:1051431
7297:1051443
7313:1051453
7329:1051464
7345:1051468,1051469,1051470,1051471,1051472,1051473,1051474,1051475,1051476,1051477,1051478,1051479,1051480,1051481,1051482,1051483,1051484,1051485,1051486,1051487,1051488,1051489,1051490,1051491,1051492,1051493,1051494,1051495,1051496,1051497,1051498,1051499,1051500,1051501,1051502,1051503,1051504,1051505,1051506,1051507,1051508,1051509,1051510,1051511,1051512,1051513,1051514,1051515,1051516,1051517,1051518,1051519,1051520,1051521,1051522,1051523,1051524,1051525,1051526,1051527,1051528,1051529,1051530,1051531,1051532,1051533,1051534,1051535,1051536,1051537,1051538,1051539,1051540,1051541,1051542,1051543,1051544,1051545,1051546,1051547,1051548,1051549,1051550,1051551,1051552,1051553,1051554,1051555,1051556,1051557,1051558,1051559,1051560,1051561,1051562,1051563,1051564,1051565,1051566,1051567,1051568,1051569,1051570,1051571,1051572,1051573,1051574,1051575,1051576,1051577,1051578,1051579,1051601,1051635,1051697
7361:1051476
7377:1051481
7393:1051491
7409:1051497
7425:1051500
7441:1051506
7457:1051516
7473:1051528
7489:1051540
7505:1051552
7521:1051561
7537:1051569,1051573
7553:1051576
7569:1051586,1051754,1051758
7585:1051590
7601:1051596
7617:1051600
7633:1051607
7649:1051615
7665:1051623
7681:1051632
7697:1051645
7713:1051651
7729:1051659
7745:1051663
7761:1051670
7777:1051677
7793:1051687
7809:1051693
7825:1051702
7841:1051708
7857:1051716
7873:1051727
7889:1051735
7905:1051740
7921:1051748
7937:1051757
7953:1051765
7969:1051771
7985:1051779
