13:1048577,1048598,1049231,1049618,1049683,1049884,1049967,1049990,1049991,1050176,1050343,1050700,1050785,1050807,1051105,1051131,1051157,1051258,1051458,1051724
29:1048578,1048583,1048646,1048681,1048719,1048847,1048980,1049111,1049204,1049236,1049467,1049516,1049620,1049659,1049720,1049722,1049759,1049772,1049786,1049787,1049856,1049901,1049909,1049976,1049983,1050043,1050072,1050082,1050098,1050119,1050201,1050216,1050264,1050297,1050310,1050318,1050429,1050450,1050453,1050465,1050477,1050482,1050515,1050533,1050547,1050551,1050574,1050623,1050670,1050726,1050775,1050777,1050808,1050828,1050852,1050876,1050918,1050929,1050930,1050944,1050952,1050958,1050985,1051026,1051068,1051069,1051072,1051089,1051133,1051197,1051200,1051283,1051322,1051343,1051373,1051390,1051402,1051408,1051461,1051476,1051519,1051524,1051525,1051555,1051580,1051583,1051633,1051646,1051656,1051668,1051708,1051727,1051749,1051750,1051752
45:1048581,1048617,1048623,1048633,1048634,1048644,1048645,1048653,1048659,1048661,1048670,1048698,1048719,1048721,1048750,1048777,1048791,1048795,1048806,1048814,1048818,1048827,1048829,1048840,1048847,1048849,1048857,1048866,1048873,1048878,1048892,1048895,1048896,1048904,1048907,1048910,1048942,1048955,1048971,1048981,1048984,1048986,1048990,1048992,1049015,1049016,1049037,1049039,1049058,1049066,1049072,1049106,1049108,1049111,1049133,1049160,1049170,1049171,1049180,1049190,1049191,1049203,1049212,1049227,1049245,1049250,1049254,1049266,1049268,1049270,1049271,1049274,1049294,1049305,1049330,1049334,1049367,1049402,1049403,1049424,1049426,1049429,1049430,1049431,1049432,1049433,1049436,1049440,1049442,1049443,1049468,1049469,1049515,1049516,1049519,1049523,1049526,1049527,1049536,1049539,1049547,1049548,1049555,1049565,1049577,1049578,1049582,1049584,1049585,1049589,1049590,1049603,1049604,1049607,1049609,1049622,1049624,1049625,1049626,1049637,1049641,1049642,1049658,1049673,1049674,1049683,1049684,1049690,1049697,1049710,1049719,1049722,1049727,1049728,1049736,1049737,1049739,1049740,1049741,1049743,1049745,1049746,1049747,1049748,1049754,1049756,1049758,1049759,1049760,1049763,1049769,1049775,1049781,1049785,1049786,1049787,1049788,1049789,1049790,1049791,1049798,1049806,1049808,1049809,1049810,1049811,1049826,1049827,1049830,1049833,1049835,1049837,1049838,1049842,1049845,1049846,1049847,1049851,1049852,1049853,1049854,1049856,1049857,1049865,1049867,1049868,1049870,1049882,1049883,1049884,1049890,1049898,1049902,1049908,1049909,1049916,1049920,1049923,1049925,1049933,1049934,1049935,1049937,1049938,1049940,1049941,1049956,1049961,1049962,1049964,1049968,1049969,1049973,1049975,1049976,1049977,1049978,1049983,1049984,1049986,1049987,1049990,1049996,1049998,1049999,1050002,1050004,1050005,1050007,1050008,1050009,1050015,1050020,1050028,1050029,1050031,1050032,1050039,1050040,1050042,1050043,1050044,1050045,1050049,1050057,1050058,1050059,1050076,1050078,1050080,1050081,1050090,1050091,1050094,1050098,1050100,1050101,1050102,1050108,1050109,1050111,1050117,1050118,1050119,1050124,1050126,1050129,1050138,1050139,1050140,1050141,1050145,1050146,1050147,1050164,1050170,1050176,1050183,1050184,1050187,1050190,1050194,1050195,1050198,1050201,1050202,1050204,1050206,1050211,1050212,1050213,1050216,1050220,1050221,1050224,1050225,1050226,1050227,1050228,1050232,1050239,1050240,1050246,1050247,1050249,1050251,1050252,1050259,1050266,1050270,1050273,1050274,1050275,1050278,1050280,1050281,1050282,1050283,1050284,1050285,1050286,1050292,1050295,1050296,1050297,1050298,1050299,1050300,1050302,1050303,1050310,1050313,1050315,1050319,1050320,1050325,1050326,1050328,1050329,1050340,1050342,1050344,1050357,1050359,1050360,1050362,1050377,1050380,1050382,1050383,1050384,1050385,1050386,1050399,1050400,1050402,1050404,1050409,1050410,1050416,1050419,1050421,1050427,1050428,1050429,1050430,1050435,1050436,1050442,1050443,1050444,1050445,1050449,1050450,1050452,1050454,1050462,1050466,1050480,1050483,1050484,1050491,1050498,1050500,1050503,1050504,1050505,1050506,1050507,1050511,1050513,1050514,1050522,1050523,1050526,1050531,1050532,1050533,1050534,1050535,1050536,1050537,1050547,1050548,1050550,1050551,1050552,1050553,1050563,1050564,1050572,1050573,1050574,1050578,1050590,1050592,1050594,1050595,1050607,1050608,1050610,1050626,1050628,1050635,1050636,1050637,1050656,1050657,1050666,1050667,1050670,1050671,1050680,1050681,1050684,1050686,1050687,1050688,1050689,1050702,1050709,1050711,1050712,1050713,1050715,1050716,1050717,1050720,1050721,1050722,1050726,1050727,1050728,1050735,1050738,1050741,1050742,1050743,1050749,1050751,1050761,1050763,1050767,1050770,1050771,1050773,1050777,1050781,1050783,1050784,1050785,1050786,1050789,1050791,1050792,1050793,1050802,1050804,1050807,1050808,1050820,1050821,1050822,1050824,1050827,1050829,1050836,1050841,1050843,1050847,1050849,1050850,1050851,1050853,1050858,1050860,1050864,1050875,1050876,1050880,1050883,1050885,1050888,1050889,1050892,1050893,1050895,1050897,1050899,1050914,1050915,1050916,1050918,1050919,1050929,1050930,1050933,1050934,1050940,1050946,1050947,1050948,1050949,1050950,1050951,1050952,1050958,1050963,1050964,1050965,1050970,1050971,1050973,1050975,1050976,1050977,1050983,1050995,1050996,1050998,1050999,1051009,1051012,1051013,1051014,1051022,1051026,1051028,1051044,1051045,1051046,1051056,1051058,1051059,1051069,1051073,1051074,1051075,1051076,1051082,1051089,1051091,1051092,1051093,1051094,1051098,1051099,1051100,1051111,1051112,1051117,1051119,1051121,1051126,1051133,1051134,1051136,1051144,1051149,1051154,1051155,1051156,1051157,1051159,1051173,1051179,1051185,1051194,1051195,1051196,1051197,1051199,1051200,1051206,1051208,1051209,1051219,1051221,1051223,1051224,1051227,1051230,1051231,1051232,1051233,1051238,1051239,1051240,1051242,1051243,1051257,1051258,1051259,1051270,1051272,1051273,1051274,1051276,1051278,1051282,1051285,1051286,1051291,1051293,1051295,1051296,1051297,1051301,1051302,1051305,1051308,1051313,1051314,1051315,1051319,1051321,1051322,1051324,1051326,1051328,1051340,1051341,1051342,1051346,1051352,1051354,1051359,1051361,1051362,1051369,1051373,1051383,1051384,1051386,1051387,1051395,1051401,1051402,1051403,1051404,1051407,1051408,1051410,1051413,1051416,1051418,1051421,1051422,1051423,1051424,1051426,1051430,1051431,1051432,1051434,1051435,1051437,1051439,1051440,1051441,1051442,1051443,1051444,1051446,1051448,1051451,1051452,1051455,1051456,1051457,1051458,1051461,1051462,1051463,1051466,1051467,1051468,1051469,1051470,1051471,1051472,1051476,1051477,1051478,1051479,1051480,1051481,1051487,1051489,1051493,1051495,1051498,1051502,1051503,1051504,1051506,1051511,1051512,1051513,1051514,1051516,1051518,1051519,1051521,1051522,1051523,1051528,1051529,1051531,1051541,1051543,1051545,1051546,1051552,1051553,1051554,1051555,1051556,1051561,1051563,1051564,1051565,1051568,1051569,1051571,1051572,1051573,1051577,1051579,1051580,1051583,1051586,1051587,1051588,1051589,1051590,1051591,1051596,1051599,1051606,1051608,1051611,1051613,1051616,1051622,1051623,1051627,1051631,1051632,1051633,1051641,1051644,1051645,1051646,1051647,1051648,1051650,1051651,1051652,1051653,1051655,1051657,1051659,1051662,1051663,1051664,1051665,1051669,1051670,1051674,1051675,1051676,1051678,1051679,1051680,1051681,1051683,1051684,1051689,1051690,1051691,1051692,1051694,1051695,1051696,1051699,1051702,1051703,1051704,1051705,1051706,1051707,1051708,1051709,1051710,1051712,1051713,1051716,1051717,1051720,1051722,1051723,1051724,1051726,1051727,1051729,1051731,1051732,1051739,1051740,1051746,1051749,1051750,1051751,1051757,1051771,1051773,1051774,1051775,1051776,1051778
61:1048586,1048589,1048598,1048607,1048615,1048623,1048651,1048653,1048654,1048664,1048678,1048679,1048686,1048698,1048715,1048724,1048727,1048742,1048760,1048777,1048794,1048797,1048815,1048818,1048827,1048829,1048838,1048840,1048847,1048851,1048853,1048857,1048859,1048878,1048894,1048910,1048933,1048944,1048948,1048958,1048968,1048971,1048972,1048978,1048989,1048992,1049010,1049016,1049017,1049029,1049078,1049097,1049102,1049108,1049111,1049112,1049134,1049160,1049171,1049191,1049194,1049203,1049207,1049212,1049215,1049219,1049225,1049231,1049245,1049250,1049270,1049273,1049274,1049292,1049294,1049299,1049308,1049309,1049330,1049334,1049376,1049399,1049402,1049407,1049414,1049424,1049426,1049429,1049431,1049433,1049436,1049442,1049454,1049455,1049466,1049467,1049468,1049469,1049515,1049516,1049519,1049528,1049535,1049547,1049566,1049571,1049576,1049577,1049578,1049583,1049585,1049587,1049590,1049607,1049608,1049613,1049618,1049619,1049620,1049622,1049623,1049626,1049627,1049641,1049642,1049647,1049657,1049674,1049683,1049688,1049690,1049692,1049718,1049721,1049727,1049730,1049734,1049735,1049736,1049738,1049740,1049742,1049744,1049745,1049746,1049748,1049755,1049758,1049763,1049769,1049772,1049773,1049774,1049775,1049781,1049790,1049798,1049800,1049801,1049808,1049809,1049810,1049812,1049813,1049828,1049830,1049832,1049833,1049835,1049836,1049837,1049838,1049839,1049840,1049842,1049849,1049855,1049856,1049857,1049865,1049869,1049870,1049879,1049882,1049894,1049899,1049900,1049901,1049908,1049916,1049921,1049925,1049927,1049934,1049937,1049940,1049941,1049955,1049956,1049960,1049961,1049962,1049965,1049966,1049967,1049968,1049971,1049977,1049979,1049980,1049983,1049984,1049985,1049987,1049991,1049996,1049998,1049999,1050000,1050002,1050007,1050016,1050029,1050030,1050031,1050039,1050042,1050049,1050051,1050060,1050062,1050063,1050077,1050079,1050081,1050090,1050091,1050098,1050100,1050104,1050105,1050108,1050111,1050115,1050118,1050119,1050122,1050123,1050124,1050125,1050126,1050131,1050139,1050140,1050143,1050146,1050147,1050148,1050163,1050164,1050166,1050168,1050169,1050177,1050178,1050180,1050183,1050184,1050185,1050187,1050188,1050189,1050190,1050197,1050198,1050201,1050203,1050213,1050216,1050217,1050221,1050222,1050225,1050227,1050232,1050233,1050240,1050243,1050246,1050247,1050248,1050249,1050252,1050255,1050257,1050260,1050268,1050270,1050271,1050272,1050273,1050274,1050275,1050278,1050280,1050282,1050284,1050286,1050293,1050296,1050299,1050310,1050313,1050316,1050319,1050325,1050326,1050340,1050342,1050344,1050349,1050361,1050362,1050383,1050385,1050386,1050397,1050399,1050402,1050404,1050410,1050419,1050420,1050421,1050427,1050428,1050429,1050430,1050435,1050437,1050446,1050449,1050460,1050463,1050464,1050465,1050477,1050480,1050481,1050482,1050488,1050490,1050492,1050494,1050498,1050503,1050504,1050505,1050506,1050508,1050511,1050512,1050513,1050514,1050521,1050531,1050533,1050534,1050536,1050537,1050540,1050550,1050551,1050552,1050553,1050555,1050564,1050570,1050572,1050573,1050574,1050577,1050578,1050579,1050591,1050592,1050593,1050594,1050605,1050608,1050609,1050610,1050612,1050619,1050621,1050623,1050624,1050626,1050629,1050635,1050636,1050637,1050639,1050640,1050653,1050655,1050656,1050657,1050667,1050669,1050670,1050671,1050672,1050681,1050682,1050688,1050693,1050701,1050702,1050705,1050709,1050710,1050713,1050715,1050719,1050720,1050721,1050722,1050723,1050725,1050728,1050730,1050741,1050744,1050750,1050752,1050756,1050759,1050761,1050762,1050763,1050764,1050768,1050771,1050773,1050775,1050776,1050777,1050785,1050786,1050791,1050792,1050801,1050804,1050808,1050820,1050822,1050824,1050826,1050827,1050828,1050829,1050837,1050838,1050841,1050843,1050848,1050849,1050850,1050851,1050852,1050858,1050863,1050864,1050872,1050873,1050874,1050875,1050879,1050883,1050891,1050894,1050895,1050907,1050912,1050915,1050917,1050919,1050930,1050931,1050933,1050934,1050939,1050940,1050941,1050942,1050952,1050953,1050954,1050958,1050963,1050965,1050970,1050971,1050973,1050974,1050976,1050980,1050981,1050985,1050988,1050995,1050996,1051012,1051013,1051014,1051025,1051028,1051029,1051030,1051031,1051032,1051045,1051055,1051056,1051058,1051060,1051062,1051069,1051072,1051075,1051076,1051090,1051091,1051098,1051099,1051100,1051101,1051109,1051110,1051111,1051112,1051117,1051119,1051121,1051122,1051125,1051129,1051130,1051134,1051135,1051136,1051142,1051144,1051155,1051167,1051171,1051173,1051177,1051180,1051181,1051184,1051185,1051194,1051195,1051196,1051197,1051198,1051200,1051201,1051203,1051206,1051207,1051209,1051219,1051221,1051223,1051231,1051242,1051243,1051244,1051249,1051257,1051258,1051259,1051262,1051263,1051267,1051270,1051272,1051273,1051275,1051278,1051279,1051280,1051283,1051285,1051286,1051287,1051289,1051292,1051295,1051296,1051297,1051301,1051302,1051303,1051305,1051308,1051312,1051313,1051314,1051324,1051328,1051329,1051339,1051340,1051341,1051342,1051346,1051347,1051360,1051361,1051370,1051374,1051375,1051382,1051384,1051385,1051386,1051387,1051390,1051393,1051395,1051401,1051402,1051403,1051411,1051412,1051413,1051416,1051418,1051420,1051424,1051431,1051434,1051438,1051444,1051448,1051449,1051451,1051453,1051459,1051460,1051462,1051463,1051464,1051467,1051471,1051472,1051474,1051476,1051477,1051478,1051480,1051482,1051486,1051490,1051491,1051493,1051496,1051497,1051498,1051501,1051504,1051506,1051508,1051513,1051514,1051515,1051516,1051518,1051521,1051522,1051523,1051527,1051528,1051531,1051537,1051542,1051544,1051545,1051560,1051562,1051565,1051572,1051576,1051580,1051581,1051583,1051585,1051586,1051588,1051589,1051590,1051592,1051593,1051596,1051597,1051598,1051599,1051601,1051602,1051607,1051608,1051609,1051610,1051611,1051614,1051616,1051618,1051620,1051621,1051622,1051627,1051628,1051629,1051630,1051631,1051639,1051644,1051645,1051648,1051649,1051652,1051654,1051656,1051657,1051662,1051664,1051666,1051667,1051671,1051672,1051673,1051674,1051678,1051682,1051685,1051688,1051689,1051696,1051700,1051702,1051703,1051706,1051707,1051708,1051709,1051711,1051713,1051717,1051720,1051723,1051725,1051728,1051731,1051732,1051733,1051739,1051741,1051756,1051757,1051760,1051762,1051764,1051767,1051770,1051772,1051773,1051777,1051778
77:1048587,1049849,1050016,1050026,1050048,1050210,1050533,1050843,1051142
93:1048591,1048593,1048609,1048612,1048613,1048621,1048622,1048626,1048635,1048636,1048638,1048644,1048646,1048653,1048663,1048679,1048684,1048698,1048738,1048759,1048763,1048775,1048776,1048787,1048824,1048828,1048833,1048839,1048841,1048851,1048867,1048874,1048878,1048894,1048897,1048910,1048963,1048964,1048995,1049004,1049007,1049013,1049016,1049021,1049056,1049064,1049070,1049072,1049076,1049077,1049079,1049081,1049082,1049086,1049088,1049105,1049108,1049111,1049116,1049127,1049136,1049145,1049149,1049189,1049191,1049206,1049228,1049235,1049245,1049246,1049253,1049254,1049263,1049264,1049266,1049271,1049278,1049355,1049363,1049394,1049424,1049431,1049433,1049435,1049447,1049465,1049466,1049476,1049483,1049503,1049509,1049516,1049537,1049539,1049546,1049549,1049554,1049578,1049586,1049587,1049588,1049602,1049604,1049617,1049621,1049630,1049633,1049641,1049654,1049655,1049656,1049657,1049667,1049677,1049686,1049688,1049689,1049701,1049720,1049721,1049730,1049739,1049742,1049743,1049747,1049750,1049754,1049762,1049774,1049781,1049784,1049785,1049792,1049793,1049794,1049800,1049801,1049803,1049810,1049822,1049823,1049835,1049839,1049840,1049845,1049853,1049869,1049870,1049873,1049878,1049883,1049888,1049898,1049909,1049923,1049924,1049925,1049927,1049943,1049954,1049959,1049961,1049964,1049966,1049973,1049978,1049992,1050002,1050004,1050006,1050008,1050010,1050015,1050020,1050029,1050057,1050061,1050072,1050076,1050079,1050086,1050096,1050108,1050109,1050111,1050116,1050118,1050122,1050130,1050132,1050135,1050138,1050142,1050145,1050149,1050154,1050155,1050156,1050157,1050158,1050159,1050160,1050164,1050166,1050168,1050170,1050176,1050177,1050179,1050183,1050184,1050185,1050188,1050197,1050204,1050206,1050207,1050212,1050226,1050229,1050234,1050236,1050240,1050251,1050256,1050266,1050272,1050274,1050275,1050280,1050281,1050284,1050293,1050294,1050295,1050298,1050300,1050302,1050304,1050312,1050316,1050319,1050322,1050325,1050333,1050337,1050343,1050346,1050357,1050365,1050369,1050373,1050384,1050393,1050400,1050417,1050418,1050423,1050431,1050432,1050433,1050441,1050449,1050459,1050460,1050463,1050472,1050473,1050480,1050481,1050486,1050500,1050507,1050510,1050511,1050513,1050519,1050521,1050522,1050530,1050532,1050533,1050535,1050536,1050540,1050560,1050561,1050562,1050567,1050570,1050577,1050584,1050590,1050592,1050600,1050605,1050621,1050633,1050634,1050637,1050638,1050642,1050658,1050667,1050670,1050673,1050678,1050679,1050681,1050685,1050687,1050688,1050696,1050705,1050706,1050707,1050709,1050710,1050711,1050716,1050720,1050722,1050728,1050731,1050737,1050739,1050756,1050759,1050762,1050771,1050775,1050776,1050778,1050784,1050792,1050795,1050796,1050797,1050800,1050801,1050803,1050806,1050808,1050816,1050817,1050818,1050820,1050830,1050831,1050832,1050833,1050836,1050841,1050853,1050858,1050860,1050863,1050869,1050872,1050876,1050879,1050880,1050885,1050892,1050893,1050906,1050911,1050915,1050917,1050919,1050920,1050926,1050932,1050936,1050943,1050947,1050948,1050953,1050955,1050971,1050976,1050987,1050988,1050993,1050999,1051006,1051009,1051010,1051014,1051028,1051032,1051040,1051056,1051058,1051071,1051090,1051104,1051107,1051115,1051116,1051121,1051126,1051128,1051130,1051133,1051135,1051142,1051144,1051159,1051167,1051172,1051177,1051183,1051192,1051193,1051197,1051200,1051203,1051206,1051220,1051222,1051223,1051236,1051239,1051241,1051246,1051247,1051257,1051261,1051273,1051276,1051278,1051283,1051286,1051287,1051289,1051291,1051303,1051305,1051308,1051315,1051319,1051320,1051323,1051325,1051329,1051344,1051350,1051352,1051364,1051381,1051384,1051391,1051397,1051398,1051399,1051405,1051410,1051412,1051414,1051422,1051424,1051426,1051427,1051432,1051435,1051436,1051438,1051439,1051440,1051441,1051446,1051453,1051459,1051464,1051471,1051478,1051486,1051491,1051494,1051500,1051503,1051506,1051510,1051511,1051515,1051516,1051524,1051525,1051526,1051527,1051528,1051534,1051537,1051542,1051545,1051549,1051551,1051552,1051553,1051555,1051556,1051568,1051572,1051573,1051575,1051577,1051580,1051581,1051583,1051584,1051595,1051597,1051599,1051600,1051601,1051603,1051604,1051614,1051616,1051619,1051621,1051623,1051627,1051629,1051632,1051637,1051647,1051648,1051649,1051650,1051656,1051660,1051663,1051669,1051671,1051673,1051680,1051681,1051683,1051692,1051697,1051703,1051704,1051706,1051711,1051716,1051720,1051721,1051722,1051725,1051728,1051731,1051732,1051734,1051738,1051740,1051750,1051755,1051762,1051770,1051772,1051774
109:1048595,1048686,1048729,1048955,1049111,1049469,1049684,1049686,1049734,1049772,1049787,1049835,1049921,1049976,1050010,1050161,1050176,1050183,1050208,1050220,1050267,1050297,1050381,1050622,1050804,1050841,1050928,1051119,1051272,1051317,1051590
125:1048595,1048614,1048623,1048643,1048644,1048669,1048681,1048699,1048847,1048853,1048895,1048942,1048955,1049070,1049072,1049170,1049171,1049194,1049252,1049270,1049292,1049301,1049306,1049334,1049371,1049374,1049429,1049440,1049467,1049524,1049526,1049548,1049588,1049590,1049604,1049622,1049623,1049626,1049647,1049685,1049686,1049691,1049719,1049720,1049730,1049734,1049744,1049747,1049755,1049760,1049774,1049785,1049790,1049806,1049834,1049840,1049846,1049853,1049863,1049881,1049901,1049902,1049906,1049907,1049923,1049925,1049926,1049928,1049933,1049938,1049944,1049958,1049961,1049970,1049974,1049983,1050000,1050008,1050016,1050018,1050019,1050028,1050030,1050031,1050043,1050048,1050061,1050070,1050076,1050079,1050100,1050103,1050109,1050115,1050117,1050125,1050138,1050141,1050142,1050162,1050167,1050170,1050176,1050183,1050184,1050189,1050211,1050216,1050220,1050221,1050240,1050258,1050260,1050272,1050282,1050283,1050286,1050288,1050295,1050298,1050299,1050302,1050314,1050315,1050318,1050319,1050327,1050341,1050343,1050345,1050346,1050357,1050359,1050381,1050385,1050400,1050402,1050403,1050404,1050409,1050410,1050411,1050428,1050430,1050436,1050449,1050450,1050451,1050452,1050453,1050459,1050460,1050461,1050465,1050477,1050481,1050485,1050486,1050487,1050504,1050508,1050509,1050510,1050520,1050531,1050532,1050535,1050536,1050548,1050551,1050552,1050563,1050577,1050578,1050579,1050590,1050595,1050608,1050610,1050611,1050628,1050629,1050634,1050637,1050640,1050651,1050656,1050669,1050671,1050687,1050688,1050709,1050719,1050735,1050744,1050750,1050751,1050753,1050770,1050783,1050785,1050791,1050802,1050803,1050806,1050807,1050820,1050823,1050826,1050839,1050852,1050861,1050872,1050875,1050877,1050882,1050884,1050887,1050891,1050894,1050896,1050898,1050912,1050913,1050915,1050917,1050942,1050948,1050958,1050962,1050984,1051022,1051026,1051027,1051031,1051059,1051066,1051074,1051088,1051089,1051090,1051099,1051113,1051118,1051119,1051120,1051134,1051135,1051143,1051180,1051184,1051197,1051198,1051200,1051207,1051221,1051225,1051232,1051241,1051242,1051243,1051254,1051259,1051261,1051263,1051270,1051271,1051275,1051276,1051278,1051282,1051285,1051287,1051297,1051298,1051312,1051313,1051341,1051344,1051346,1051347,1051355,1051370,1051374,1051375,1051377,1051381,1051383,1051384,1051388,1051391,1051397,1051403,1051404,1051410,1051411,1051412,1051415,1051439,1051440,1051451,1051452,1051458,1051461,1051480,1051482,1051486,1051489,1051497,1051502,1051505,1051507,1051521,1051530,1051533,1051543,1051548,1051553,1051562,1051565,1051574,1051576,1051580,1051602,1051606,1051608,1051611,1051616,1051617,1051621,1051629,1051630,1051631,1051632,1051647,1051649,1051652,1051654,1051655,1051657,1051658,1051667,1051669,1051673,1051676,1051677,1051685,1051689,1051696,1051699,1051700,1051703,1051709,1051713,1051714,1051724,1051727,1051732,1051739,1051742,1051745
141:1048598,1048984,1049294,1049467,1049547,1049733,1049882,1049916,1049984,1050045,1050094,1050198,1050246,1050256,1050281,1050399,1050404,1050498,1050512,1050578,1050610,1050611,1050827,1051058,1051168,1051204,1051220,1051305,1051307,1051361,1051387,1051522,1051648
157:1048602,1049111,1049417,1049716,1049718,1049729,1049901,1049926,1050098,1050099,1050210,1050247,1050273,1050422,1050434,1050505,1050506,1050536,1050572,1050573,1050606,1050624,1050636,1050685,1050752,1050823,1050977,1051119,1051130,1051146,1051170,1051172,1051180,1051185,1051206,1051240,1051272,1051276,1051285,1051341,1051346,1051359,1051375,1051380,1051381,1051402,1051412,1051431,1051441,1051453,1051496,1051500,1051502,1051506,1051529,1051583,1051608,1051616,1051625,1051656,1051657,1051661,1051672,1051687,1051693,1051724,1051727,1051728,1051731
173:1048605,1048606,1048667,1048668,1048669,1048670,1048786,1048787,1048788,1048789,1048790,1048791,1048792,1048943,1048944,1048945,1048946,1048947,1048948,1048949,1048950,1048951,1048952,1048953,1048954,1048955,1048956,1049192,1049193,1049194,1049195,1049196,1049197,1049198,1049199,1049200,1049201,1049202,1049203,1049204,1049205,1049206,1049466,1049467,1049468,1049469,1049470,1049471,1049472,1049473,1049474,1049475,1049476,1049477,1049478,1049479,1049480,1049481,1049482,1049483,1049484,1049485,1049486,1049487,1049488,1049489,1049490,1049491,1049492,1049493,1049494,1049495,1049683,1049684,1049685,1049686,1049687,1049688,1049689,1049690,1049691,1049692,1049693,1049694,1049695,1049696,1049697,1049698,1049699,1049700,1049701,1049702,1049703,1049704,1049705,1049866,1049867,1049868,1049869,1049870,1049871,1049872,1049873,1049874,1049875,1049876,1049877,1049878,1049879,1049880,1049881,1050030,1050031,1050032,1050033,1050034,1050035,1050036,1050037,1050038,1050039,1050040,1050041,1050042,1050043,1050044,1050045,1050046,1050051,1050190,1050191,1050192,1050193,1050194,1050195,1050196,1050197,1050198,1050199,1050200,1050201,1050202,1050203,1050345,1050346,1050492,1050493,1050494,1050495,1050496,1050497,1050498,1050499,1050500,1050501,1050659,1050660,1050661,1050662,1050663,1050664,1050665,1050666,1050667,1050668,1050669,1050670,1050671,1050672,1050780,1050781,1050782,1050783,1050784,1050785,1050786,1050835,1050948,1050949,1050950,1050951,1050952,1050953,1050954,1050955,1051103,1051104,1051105,1051106,1051107,1051108,1051109,1051110,1051111,1051112,1051113,1051245,1051246,1051247,1051248,1051249,1051250,1051251,1051252,1051253,1051254,1051255,1051256,1051257,1051258,1051352,1051353,1051354,1051355,1051356,1051357,1051358,1051359,1051360,1051361,1051362,1051451,1051452,1051453,1051454,1051557,1051558,1051559,1051560,1051561,1051562,1051563,1051564,1051565,1051566,1051580,1051581,1051582,1051583,1051584,1051585,1051586,1051587,1051705,1051706,1051707,1051708,1051709,1051761,1051763,1051773
189:1048608,1050355,1050808,1051021
205:1048613,1048975,1048979,1049249,1049255,1049715,1049879,1049925,1050701,1050974
221:1048615,1048643,1048646,1048667,1048670,1048875,1048896,1048910,1048980,1049016,1049070,1049106,1049173,1049205,1049212,1049230,1049245,1049250,1049334,1049399,1049429,1049466,1049515,1049517,1049547,1049585,1049587,1049588,1049605,1049659,1049719,1049744,1049756,1049759,1049769,1049771,1049781,1049801,1049827,1049833,1049853,1049898,1049902,1049924,1049929,1049940,1049956,1049964,1049967,1049969,1049988,1049996,1049998,1050010,1050019,1050020,1050028,1050042,1050045,1050050,1050051,1050057,1050060,1050167,1050217,1050225,1050240,1050266,1050273,1050274,1050329,1050342,1050358,1050360,1050363,1050380,1050383,1050419,1050421,1050431,1050526,1050551,1050639,1050640,1050658,1050671,1050743,1050760,1050769,1050771,1050772,1050836,1050838,1050861,1050864,1050879,1050881,1050898,1050918,1050933,1050940,1050951,1050958,1051013,1051014,1051102,1051117,1051159,1051184,1051197,1051254,1051277,1051278,1051282,1051297,1051325,1051328,1051346,1051382,1051403,1051425,1051426,1051431,1051461,1051494,1051498,1051500,1051506,1051522,1051562,1051564,1051571,1051599,1051623,1051631,1051635,1051643,1051653,1051680,1051685,1051687,1051691,1051706,1051715,1051717,1051722,1051741,1051763
237:1048615,1048678,1048681,1048691,1048797,1048816,1048853,1048896,1048904,1048907,1049039,1049054,1049067,1049072,1049106,1049235,1049245,1049294,1049299,1049436,1049467,1049525,1049546,1049624,1049626,1049646,1049659,1049690,1049692,1049709,1049718,1049720,1049722,1049729,1049730,1049746,1049754,1049772,1049840,1049908,1049921,1049927,1049941,1049956,1049964,1049965,1049983,1049985,1049987,1050001,1050008,1050028,1050029,1050037,1050038,1050044,1050063,1050072,1050078,1050102,1050115,1050190,1050198,1050225,1050226,1050259,1050266,1050275,1050284,1050310,1050316,1050319,1050324,1050344,1050360,1050380,1050387,1050401,1050403,1050411,1050419,1050420,1050429,1050449,1050454,1050460,1050461,1050483,1050511,1050523,1050549,1050577,1050595,1050605,1050621,1050635,1050639,1050668,1050669,1050703,1050720,1050721,1050742,1050751,1050761,1050769,1050773,1050777,1050791,1050795,1050822,1050829,1050838,1050876,1050877,1050894,1050899,1050931,1050975,1050995,1050996,1051028,1051045,1051057,1051075,1051101,1051112,1051113,1051145,1051156,1051184,1051197,1051206,1051222,1051245,1051254,1051259,1051263,1051277,1051284,1051298,1051305,1051308,1051309,1051316,1051317,1051323,1051324,1051332,1051362,1051385,1051402,1051408,1051434,1051439,1051440,1051459,1051460,1051468,1051469,1051472,1051476,1051488,1051493,1051496,1051506,1051521,1051522,1051528,1051531,1051541,1051568,1051576,1051577,1051580,1051585,1051589,1051592,1051595,1051612,1051634,1051635,1051640,1051646,1051650,1051651,1051652,1051667,1051670,1051671,1051675,1051676,1051685,1051687,1051696,1051700,1051709,1051713,1051717,1051720,1051727,1051728,1051729,1051733,1051738,1051741
253:1048615,1048670,1048895,1049791,1049810,1049812,1050004,1050028,1050044,1050198,1050240,1050578,1050594,1050808,1050996,1051026,1051112,1051277,1051554,1051589,1051627,1051655,1051708,1051711
269:1048615,1048691,1050777
285:1048617,1048623,1048795,1048897,1049245,1049292,1049430,1049525,1049604,1049674,1049740,1049760,1049785,1049791,1049809,1049823,1049870,1049962,1050009,1050044,1050045,1050104,1050111,1050166,1050177,1050196,1050199,1050200,1050225,1050255,1050302,1050325,1050382,1050427,1050449,1050608,1050628,1050681,1050735,1050753,1050785,1050808,1050827,1050848,1050931,1050952,1051014,1051052,1051090,1051109,1051116,1051117,1051167,1051169,1051194,1051195,1051240,1051267,1051319,1051341,1051352,1051426,1051476,1051477,1051495,1051502,1051506,1051515,1051532,1051546,1051556,1051608,1051618,1051623,1051681,1051683,1051729,1051755,1051762,1051768,1051777,1051778
301:1048621,1048646,1048657,1048667,1048799,1049548,1049549,1049683,1049901,1050184,1050323,1050461,1050608,1050629,1050761,1050875,1050914,1051147,1051241,1051262,1051328,1051497,1051526,1051633
317:1048621,1048760,1048790,1048853,1048971,1049010,1049253,1049371,1049430,1049546,1049547,1049608,1049626,1049740,1049741,1049748,1049754,1049775,1049788,1049812,1049837,1049839,1049922,1050030,1050034,1050039,1050045,1050066,1050081,1050090,1050098,1050108,1050109,1050117,1050166,1050179,1050200,1050221,1050222,1050232,1050246,1050252,1050273,1050302,1050303,1050323,1050325,1050386,1050399,1050461,1050467,1050491,1050503,1050522,1050549,1050611,1050628,1050655,1050705,1050750,1050795,1050824,1050837,1050838,1050839,1050840,1050848,1050872,1050918,1050919,1050932,1050947,1050953,1050988,1050996,1051011,1051014,1051023,1051065,1051074,1051102,1051109,1051145,1051146,1051169,1051173,1051180,1051195,1051220,1051242,1051249,1051260,1051294,1051301,1051302,1051344,1051370,1051377,1051395,1051425,1051426,1051430,1051431,1051439,1051459,1051464,1051473,1051491,1051500,1051504,1051513,1051519,1051534,1051564,1051580,1051612,1051639,1051647,1051656,1051669,1051696,1051700,1051719,1051735,1051736,1051746
333:1048622,1048658,1048811,1049264,1049924,1051670
349:1048623,1048709,1048760,1048873,1048940,1048942,1049016,1049041,1049070,1049093,1049094,1049106,1049108,1049146,1049155,1049241,1049245,1049322,1049345,1049346,1049371,1049429,1049481,1049482,1049500,1049525,1049546,1049720,1049730,1049735,1049744,1049776,1049798,1049845,1049859,1049870,1049938,1049964,1049967,1049978,1050048,1050076,1050104,1050118,1050133,1050134,1050166,1050169,1050183,1050198,1050210,1050218,1050222,1050225,1050240,1050254,1050298,1050300,1050301,1050338,1050342,1050352,1050388,1050397,1050402,1050419,1050425,1050434,1050461,1050509,1050531,1050578,1050586,1050587,1050592,1050595,1050696,1050700,1050702,1050704,1050705,1050730,1050732,1050750,1050751,1050752,1050759,1050764,1050782,1050785,1050823,1050839,1050849,1050913,1050918,1050928,1050940,1050956,1050969,1050988,1050995,1051018,1051029,1051062,1051108,1051129,1051130,1051142,1051145,1051146,1051174,1051181,1051192,1051209,1051225,1051243,1051256,1051267,1051272,1051274,1051280,1051289,1051291,1051296,1051309,1051314,1051316,1051340,1051342,1051369,1051372,1051375,1051384,1051387,1051402,1051421,1051435,1051452,1051460,1051464,1051470,1051473,1051476,1051477,1051486,1051506,1051518,1051524,1051538,1051583,1051615,1051616,1051632,1051649,1051657,1051659,1051660,1051662,1051671,1051689,1051690,1051703,1051716,1051718,1051722,1051724,1051725,1051727,1051732,1051772,1051774
365:1048623,1049106,1049271,1049547,1049890,1050051,1050510,1050611,1050790,1050794,1050803,1050827,1050930,1050951,1051424,1051624,1051625
381:1048623,1048645,1048681,1048797,1049068,1049102,1049108,1049330,1049429,1049519,1049601,1049729,1049775,1049787,1049798,1049845,1049857,1049868,1049939,1049969,1049995,1050044,1050093,1050161,1050179,1050220,1050249,1050270,1050273,1050409,1050449,1050467,1050480,1050500,1050511,1050667,1050669,1050684,1050735,1050761,1050804,1050842,1050850,1050862,1050863,1050898,1050901,1050917,1050948,1050999,1051013,1051032,1051115,1051120,1051122,1051136,1051170,1051222,1051275,1051277,1051286,1051303,1051354,1051370,1051375,1051377,1051384,1051440,1051441,1051445,1051458,1051464,1051482,1051491,1051495,1051515,1051520,1051545,1051555,1051566,1051576,1051581,1051596,1051627,1051632,1051642,1051643,1051652,1051675,1051687,1051710,1051724,1051725
397:1048624,1048634,1048659,1048661,1048989,1048992,1049103,1049245,1049271,1049710,1050050,1050064,1050443,1050756,1051135,1051238,1051293,1051463,1051481,1051534,1051546,1051711,1051720,1051722,1051756,1051757
413:1048627,1048663,1049340,1049415,1049442,1049459,1049548,1049721,1049883,1050579,1050813,1050849,1051253,1051267,1051268,1051271,1051326,1051335,1051336,1051370,1051402,1051403,1051404,1051416,1051488,1051499,1051500,1051622,1051691
429:1048631,1048639,1048657,1048731,1048751,1048781,1048784,1048785,1048786,1048797,1048799,1048840,1048953,1048968,1049019,1049149,1049219,1049230,1049296,1049297,1049334,1049337,1049519,1049555,1049608,1049637,1049695,1049696,1049737,1049738,1049741,1049755,1049785,1049791,1049795,1049796,1049808,1049825,1049827,1049830,1049832,1049889,1049906,1049919,1049920,1049925,1049961,1049962,1049963,1049970,1049972,1050118,1050164,1050191,1050227,1050239,1050256,1050268,1050272,1050280,1050281,1050328,1050343,1050360,1050461,1050523,1050640,1050656,1050665,1050686,1050739,1050740,1050744,1050745,1050828,1050889,1051024,1051061,1051069,1051198,1051220,1051425,1051454,1051476,1051496,1051533,1051646,1051653,1051654,1051669,1051683,1051775,1051776,1051778
445:1048633,1051013,1051329
461:1048634,1048659,1048661,1048679,1048696,1048698,1048777,1048799,1048811,1048826,1048847,1048875,1049014,1049192,1049193,1049213,1049254,1049266,1049271,1049338,1049539,1049546,1049547,1049566,1049589,1049591,1049608,1049609,1049657,1049683,1049688,1049710,1049773,1049774,1049788,1049839,1049865,1049879,1049882,1049883,1049906,1049913,1049916,1049923,1049928,1049934,1049937,1049960,1049984,1049999,1050007,1050038,1050051,1050109,1050117,1050127,1050164,1050166,1050178,1050196,1050211,1050227,1050246,1050252,1050255,1050301,1050310,1050322,1050367,1050380,1050419,1050433,1050477,1050481,1050491,1050497,1050504,1050522,1050537,1050549,1050575,1050578,1050611,1050634,1050635,1050655,1050658,1050725,1050728,1050751,1050761,1050777,1050820,1050829,1050831,1050854,1050862,1050882,1050889,1050895,1050896,1050919,1050939,1050941,1050945,1051008,1051013,1051014,1051031,1051058,1051060,1051074,1051089,1051094,1051097,1051109,1051111,1051146,1051153,1051201,1051226,1051243,1051276,1051284,1051328,1051396,1051401,1051416,1051424,1051426,1051444,1051451,1051452,1051453,1051463,1051468,1051476,1051497,1051498,1051503,1051514,1051515,1051524,1051536,1051560,1051586,1051589,1051598,1051609,1051610,1051618,1051623,1051625,1051631,1051641,1051647,1051656,1051676,1051680,1051695,1051703,1051706,1051713,1051716,1051728,1051729,1051758
477:1048638,1049762,1050313
493:1048638
509:1048643,1049557,1050116,1050117,1050228,1050253,1050363,1050520,1050738,1050772,1050882,1050885,1050893,1050965,1051370,1051385,1051533,1051587,1051610,1051715,1051717
525:1048643
541:1048643,1048811,1048878,1049675,1049678,1049780,1049956,1049958,1049959,1049960,1049973,1050196,1050229,1050234,1050253,1050295,1050346,1050384,1050437,1050502,1050520,1050579,1050717,1050722,1050738,1050756,1050762,1050881,1050885,1050887,1050899,1050900,1050904,1050965,1051053,1051077,1051113,1051128,1051209,1051388,1051395,1051398,1051427,1051436,1051454,1051474,1051505,1051510,1051537,1051560,1051578,1051585,1051594,1051597,1051697,1051705,1051715,1051735,1051736,1051751
557:1048646,1048698,1048818,1049245,1049627,1049813,1049839,1049855,1049898,1049908,1049962,1050000,1050033,1050045,1050092,1050102,1050161,1050166,1050180,1050226,1050255,1050380,1050443,1050483,1050579,1050610,1050753,1050807,1050808,1050919,1051326,1051340,1051443,1051515,1051578,1051676,1051689
573:1048646,1048873,1048907,1048993,1049031,1049108,1049201,1049359,1049402,1049429,1049431,1049440,1049448,1049473,1049515,1049543,1049588,1049616,1049648,1049690,1049728,1049764,1049765,1049777,1049804,1049845,1049868,1049919,1049952,1049953,1049995,1050009,1050050,1050148,1050206,1050223,1050238,1050249,1050266,1050291,1050325,1050361,1050369,1050387,1050395,1050422,1050460,1050469,1050505,1050508,1050510,1050514,1050526,1050572,1050632,1050697,1050698,1050751,1050808,1050815,1050824,1050836,1050851,1050908,1050909,1050924,1050996,1051065,1051089,1051091,1051124,1051140,1051144,1051145,1051195,1051203,1051211,1051224,1051243,1051254,1051261,1051297,1051491,1051566,1051621,1051672,1051673
589:1048646,1048895,1048992,1049245,1049546,1049576,1049658,1049710,1049842,1049960,1049979,1049988,1050031,1050116,1050259,1050273,1050300,1050323,1050345,1050356,1050460,1050503,1050514,1050621,1050667,1050702,1050872,1050881,1050889,1050894,1050932,1050952,1050958,1050974,1050981,1051061,1051077,1051093,1051128,1051197,1051273,1051280,1051340,1051448,1051461,1051498,1051506,1051511,1051543,1051575,1051608,1051723,1051729,1051763
605:1048648
621:1048653,1048896,1050162,1050184,1050431,1050461,1050605,1050790,1050947,1051046,1051112,1051274,1051287,1051408,1051700,1051740
637:1048653,1048670,1048686,1048687,1048719,1048788,1048900,1048910,1048942,1048953,1049222,1049266,1049272,1049302,1049330,1049447,1049468,1049517,1049519,1049525,1049591,1049603,1049604,1049608,1049623,1049624,1049627,1049659,1049679,1049685,1049718,1049722,1049737,1049771,1049781,1049787,1049849,1049853,1049855,1049873,1049883,1049908,1049921,1049927,1049928,1049938,1049939,1049944,1049956,1049962,1049963,1049979,1049998,1050016,1050028,1050081,1050091,1050099,1050118,1050119,1050164,1050174,1050176,1050177,1050183,1050211,1050227,1050267,1050281,1050297,1050319,1050341,1050357,1050381,1050384,1050462,1050465,1050467,1050484,1050521,1050523,1050531,1050533,1050553,1050554,1050565,1050572,1050575,1050576,1050594,1050680,1050699,1050728,1050761,1050763,1050804,1050808,1050872,1050900,1050913,1050914,1050928,1050929,1050990,1051022,1051055,1051119,1051135,1051142,1051166,1051167,1051180,1051221,1051259,1051270,1051284,1051354,1051374,1051375,1051391,1051546,1051553,1051591,1051669,1051713,1051728,1051741,1051759,1051775,1051779
653:1048656,1049065,1049642,1049688,1050501,1050916
669:1048664,1048714,1048948,1049033,1049070,1049078,1049089,1049144,1049214,1049215,1049254,1049476,1049526,1049539,1049641,1049655,1049684,1049761,1049772,1049844,1049862,1049940,1049961,1049962,1049968,1049986,1050005,1050055,1050089,1050118,1050220,1050247,1050359,1050392,1050521,1050552,1050707,1050724,1050744,1050792,1051142,1051195,1051269,1051272,1051309,1051345,1051402,1051486,1051559,1051590,1051646,1051774
685:1048667
701:1048668,1048686,1048896,1049054,1049058,1049072,1049111,1049193,1049212,1049252,1049303,1049330,1049424,1049430,1049440,1049442,1049469,1049548,1049603,1049723,1049742,1049775,1049827,1049854,1049855,1049906,1049927,1049954,1049963,1049979,1049983,1050002,1050058,1050063,1050072,1050100,1050111,1050141,1050183,1050187,1050208,1050212,1050213,1050218,1050250,1050266,1050267,1050326,1050381,1050385,1050386,1050402,1050411,1050418,1050421,1050422,1050434,1050442,1050448,1050449,1050482,1050484,1050485,1050498,1050499,1050506,1050507,1050511,1050526,1050533,1050548,1050572,1050573,1050593,1050628,1050667,1050684,1050686,1050714,1050723,1050726,1050754,1050761,1050767,1050792,1050803,1050804,1050806,1050822,1050838,1050842,1050862,1050864,1050876,1050917,1050919,1050929,1050933,1050948,1050949,1050995,1051030,1051031,1051045,1051062,1051100,1051101,1051111,1051120,1051144,1051145,1051157,1051170,1051178,1051181,1051184,1051194,1051200,1051202,1051203,1051218,1051221,1051262,1051276,1051277,1051278,1051282,1051285,1051286,1051287,1051297,1051301,1051307,1051308,1051342,1051345,1051359,1051362,1051375,1051380,1051382,1051413,1051415,1051421,1051426,1051438,1051442,1051451,1051459,1051460,1051463,1051464,1051478,1051480,1051486,1051488,1051493,1051502,1051514,1051519,1051532,1051536,1051541,1051548,1051555,1051556,1051561,1051562,1051566,1051571,1051573,1051583,1051589,1051590,1051593,1051606,1051627,1051630,1051647,1051656,1051657,1051659,1051661,1051671,1051681,1051685,1051700,1051703,1051711,1051721,1051723,1051724,1051727,1051732,1051737,1051738
717:1048671,1049105
733:1048671,1048864,1048947,1049044,1049632,1049647,1049720,1049835,1050255,1050437,1050629,1050652,1050670,1051204,1051379,1051717
749:1048676,1048808,1049890
765:1048678,1049106,1049133,1049589,1049600,1049610,1049674,1049882,1049956,1049998,1050029,1050034,1050047,1050166,1050188,1050195,1050198,1050280,1050302,1050313,1050316,1050401,1050444,1050576,1050684,1050770,1050877,1050880,1050889,1050894,1050930,1050958,1050965,1050977,1050996,1051046,1051200,1051219,1051221,1051258,1051267,1051309,1051328,1051386,1051462,1051465,1051496,1051518,1051520,1051607,1051687,1051695,1051702,1051779
781:1048678,1048824,1048853,1049171,1049244,1049299,1049371,1049397,1049426,1049561,1049564,1049608,1049619,1049660,1049677,1049722,1049730,1049734,1049736,1049743,1049748,1049761,1049788,1049833,1049838,1049919,1049922,1049940,1049943,1049960,1049971,1049983,1050010,1050028,1050043,1050044,1050045,1050059,1050091,1050227,1050259,1050270,1050314,1050346,1050420,1050429,1050475,1050486,1050491,1050509,1050548,1050578,1050610,1050629,1050687,1050713,1050727,1050729,1050735,1050764,1050778,1050779,1050785,1050792,1050805,1050852,1050875,1050891,1050896,1050899,1050931,1050955,1051027,1051058,1051111,1051113,1051120,1051131,1051180,1051201,1051207,1051226,1051232,1051258,1051263,1051277,1051278,1051291,1051293,1051295,1051296,1051308,1051314,1051328,1051340,1051347,1051385,1051386,1051387,1051417,1051435,1051444,1051448,1051470,1051505,1051515,1051516,1051523,1051533,1051545,1051547,1051556,1051565,1051579,1051580,1051605,1051606,1051651,1051662,1051666,1051669,1051679,1051715,1051722,1051725,1051741,1051745
797:1048679,1048719,1049245,1049264,1049540,1049556,1049597,1049637,1049647,1049673,1049710,1049757,1049798,1049809,1049836,1049839,1049840,1049855,1049883,1049968,1049985,1049987,1050018,1050061,1050094,1050183,1050382,1050421,1050522,1050533,1050577,1050603,1050606,1050658,1050756,1050808,1050894,1050940,1051095,1051112,1051144,1051267,1051320,1051410,1051435,1051515,1051538,1051561,1051586,1051618,1051624,1051652,1051675,1051688,1051689,1051693,1051705,1051709,1051710,1051731,1051732,1051774
813:1048681,1049440,1049692,1049760,1049837,1050594,1050759,1051112,1051634,1051661,1051663
829:1048681,1049673,1049730,1049840,1049962,1049964,1049968,1049969,1050031,1050201,1050216,1050246,1050283,1050401,1050428,1050453,1050486,1050547,1050667,1050671,1050712,1050753,1050849,1051088,1051294,1051298,1051408,1051497,1051573,1051656,1051687,1051778,1051779
845:1048684
861:1048689,1048912,1049534,1049539,1049807,1049839,1049936,1049989,1050275,1050331,1050580,1051767
877:1048691,1049585,1049781,1050591,1051055
893:1048695,1051241
909:1048698,1049160,1049191,1049800,1050090,1050272
925:1048700,1048701
941:1048707,1051330,1051377
957:1048712,1049039,1049054,1049219,1049252,1049334,1049369,1049426,1049435,1049436,1049437,1049440,1049443,1049524,1049557,1049582,1049587,1049637,1049659,1049755,1049786,1049809,1049933,1049934,1049965,1049970,1049972,1049974,1050030,1050044,1050117,1050140,1050145,1050167,1050240,1050246,1050256,1050281,1050314,1050343,1050399,1050551,1050610,1050611,1050685,1050687,1050688,1050702,1050714,1050716,1050721,1050840,1050847,1050849,1050916,1051112,1051151,1051156,1051170,1051206,1051225,1051273,1051314,1051320,1051321,1051394,1051439,1051476,1051491,1051522,1051571,1051581,1051627,1051642,1051669,1051683,1051690,1051737,1051777
973:1048718,1049319,1049871
989:1048719,1049108,1049431,1049689,1050037,1050210,1050420,1050434,1050463,1050595,1050739,1050791,1050916,1051046,1051142,1051199,1051403,1051446,1051448,1051532,1051588
1005:1048721,1050108,1050402,1050756,1051351,1051735
1021:1048724,1049743,1051349
1037:1048731,1049799,1050498,1050873,1051055
1053:1048742,1049205,1049549,1049770,1050049,1050109,1050165,1050403,1050590,1050750,1050761,1050838,1050943,1050952,1050971,1051314,1051434,1051444,1051513,1051556,1051589,1051596,1051606,1051755
1069:1048750,1049697,1049733,1049905,1050315,1051585,1051701
1085:1048759,1048904,1049014,1049070,1049170,1049399,1049400,1049538,1049548,1049557,1049683,1049781,1049842,1049899,1050018,1050057,1050093,1050101,1050176,1050179,1050212,1050228,1050303,1050344,1050367,1050385,1050402,1050507,1050591,1050592,1050670,1050726,1050728,1050783,1050892,1050919,1050947,1050950,1050977,1051025,1051195,1051244,1051329,1051373,1051386,1051413,1051421,1051434,1051455,1051466,1051467,1051468,1051469,1051477,1051526,1051543,1051559,1051563,1051565,1051573,1051575,1051595,1051627,1051647,1051661,1051664,1051666,1051711,1051720
1101:1048760,1049955,1049965,1050411,1051045,1051346,1051445,1051496,1051759
1117:1048765,1049430
1133:1048775,1049166,1050008,1050442,1050572,1051170,1051376,1051561,1051583,1051617,1051630,1051644,1051727,1051739
1149:1048777,1049191,1049818,1049828,1049956,1050020,1050044,1050045,1050128,1050200,1050344,1050467,1050657,1050681,1050730,1050763,1050892,1050902,1050971,1051054,1051309,1051339,1051370,1051471,1051488,1051496,1051506,1051725,1051745
1165:1048780,1049070,1049102,1049114,1049115,1049125,1049126,1049150,1049465,1049547,1049577,1049600,1049710,1049718,1049755,1049812,1049813,1049825,1049912,1049958,1049983,1049996,1050006,1050030,1050031,1050042,1050052,1050066,1050180,1050189,1050193,1050246,1050382,1050428,1050436,1050444,1050457,1050460,1050486,1050623,1050636,1050658,1050713,1050739,1050753,1050761,1050807,1050829,1050839,1050851,1050873,1050876,1050948,1050981,1051031,1051058,1051129,1051143,1051259,1051292,1051316,1051385,1051387,1051403,1051404,1051417,1051439,1051448,1051452,1051461,1051481,1051484,1051506,1051515,1051525,1051555,1051643,1051672,1051676,1051699,1051741
1181:1048790,1049583,1050464
1197:1048797,1049525,1049533,1049577,1049578,1049600,1049627,1049658,1049908,1049921,1049956,1049964,1049985,1049992,1050008,1050043,1050102,1050190,1050220,1050297,1050384,1050436,1050483,1050490,1050504,1050549,1050593,1050595,1050608,1050772,1050861,1050876,1050947,1050995,1051027,1051028,1051071,1051195,1051206,1051272,1051292,1051382,1051383,1051412,1051413,1051434,1051442,1051475,1051506,1051518,1051522,1051565,1051640,1051652,1051653,1051667,1051673,1051738,1051760
1213:1048799,1048818,1048859,1048896,1049072,1049106,1049133,1049268,1049270,1049299,1049399,1049466,1049537,1049757,1049772,1049921,1049923,1049924,1049925,1049959,1049960,1049962,1050072,1050079,1050080,1050103,1050209,1050240,1050297,1050444,1050453,1050459,1050464,1050483,1050511,1050876,1050918,1050930,1050933,1050977,1050981,1051055,1051068,1051071,1051112,1051157,1051171,1051173,1051285,1051297,1051317,1051382,1051385,1051480,1051506,1051538,1051552,1051612,1051651,1051667,1051692,1051711,1051738,1051763
1229:1048811,1048972,1049173,1049621,1049730,1049847,1049853,1049908,1050226,1050240,1050513,1050626,1050804,1050879,1051147,1051203,1051263,1051449,1051651,1051756
1245:1048814,1048974,1049131,1049210,1049219,1049253,1049393,1049605,1049608,1049691,1049726,1049763,1049782,1049836,1049904,1049954,1050030,1050258,1050292,1050461,1050491,1050503,1050642,1050735,1050915,1051344,1051540,1051561,1051731,1051743,1051744
1261:1048816,1048972,1049180,1049194,1049373,1049608,1049641,1049710,1049747,1049812,1049902,1049929,1050045,1050259,1050275,1050404,1050593,1050628,1050702,1050783,1050795,1050838,1050848,1050889,1050974,1050998,1051028,1051046,1051076,1051118,1051134,1051173,1051197,1051266,1051276,1051381,1051553,1051609,1051628,1051688,1051751,1051768
1277:1048818,1049755,1049830,1049842,1049898,1049972,1049984,1050007,1050252,1050325,1050347,1050348,1050419,1050626,1050653,1050755,1050964,1051244,1051323,1051449,1051562,1051651,1051716
1293:1048818,1050299,1050920
1309:1048823,1049972,1051735
1325:1048826
1341:1048827,1049072,1049111,1049180,1049205,1049423,1049578,1049585,1049590,1049624,1049673,1049723,1049772,1049788,1049840,1049865,1049898,1049924,1049998,1050020,1050049,1050080,1050115,1050183,1050209,1050261,1050316,1050480,1050536,1050549,1050575,1050606,1050629,1050635,1050669,1050756,1050763,1050773,1050783,1050806,1050975,1051112,1051146,1051172,1051245,1051270,1051305,1051328,1051380,1051408,1051480,1051506,1051534,1051561,1051565,1051568,1051599,1051618,1051652,1051656,1051693,1051706,1051728,1051738,1051757,1051759,1051766,1051775
1357:1048829,1049556,1049641,1050089,1050280,1050431,1050491,1051055
1373:1048832
1389:1048839,1048874,1049054,1049252,1049435,1049436,1049437,1049692,1050721,1050972
1405:1048846,1049323,1049735,1049742,1051406,1051437,1051453,1051547,1051606,1051653
1421:1048851,1050808
1437:1048853,1049112,1049336,1049472,1049961,1050213,1050300,1050409,1050452,1050536,1050617,1050739,1050767,1050785,1050792,1050802,1050839,1050917,1051045,1051172,1051232,1051275,1051352,1051379,1051426,1051440,1051441,1051444,1051471,1051506,1051515,1051518,1051521,1051524,1051533,1051547,1051556,1051565,1051583,1051589,1051605,1051606,1051654,1051679,1051708,1051715,1051718,1051732,1051745
1453:1048857,1048905,1048971,1049010,1049170,1049254,1049273,1049430,1049442,1049662,1049720,1049735,1049760,1049865,1049940,1050002,1050044,1050118,1050170,1050198,1050211,1050227,1050234,1050240,1050246,1050252,1050253,1050296,1050301,1050346,1050384,1050465,1050502,1050523,1050553,1050608,1050634,1050653,1050688,1050755,1050772,1050783,1050885,1050890,1050892,1050996,1051122,1051131,1051159,1051179,1051312,1051388,1051404,1051494,1051500,1051537,1051542,1051590,1051603,1051649,1051667,1051705,1051739,1051740,1051770,1051772,1051773
1469:1048859,1050197,1050537,1050761,1051117,1051131,1051462,1051647
1485:1048863,1049160,1051489
1501:1048867,1050222
1517:1048873,1048896,1048897,1049037,1049102,1049271,1049273,1049279,1049294,1049303,1049342,1049371,1049423,1049462,1049517,1049558,1049565,1049663,1049809,1049906,1049990,1050002,1050105,1050222,1050256,1050266,1050270,1050275,1050281,1050316,1050359,1050361,1050454,1050501,1050537,1050547,1050573,1050671,1050685,1050714,1050727,1050790,1050791,1050808,1050876,1051030,1051118,1051120,1051180,1051317,1051346,1051402,1051407,1051453,1051608,1051669,1051672,1051691
1533:1048875,1048992,1049548,1049710,1049748,1049954,1049988,1050249,1050286,1050344,1050419,1050498,1050510,1050933,1050974,1051012,1051026,1051297,1051301,1051403,1051462,1051581,1051592,1051651,1051653,1051691,1051708,1051754,1051757,1051758
1549:1048880,1049139
1565:1048889
1581:1048895,1049831,1049929,1050259,1050507,1051092,1051266,1051285,1051425
1597:1048896,1048897,1049432,1049601,1049625,1049674,1049688,1049730,1049811,1050006,1050125,1050762,1050918,1050943,1050977,1051136,1051178,1051272,1051274,1051278,1051317,1051396,1051397,1051408,1051415,1051460,1051568,1051581,1051655,1051658
1613:1048896,1050102,1050165,1050431,1050443,1050951,1051102,1051116,1051622,1051655,1051656
1629:1048897,1049957,1049959,1050063,1050384,1050592,1050756,1050762,1050883,1051385
1645:1048904,1050002,1050119,1050301,1050945
1661:1048910
1677:1048919,1049085,1049119
1693:1048932,1049865,1050051,1050222
1709:1048943,1048962
1725:1048954
1741:1048961,1049497,1050236
1757:1048971
1773:1048972,1049253,1049333,1049429,1049547,1049589,1049605,1049607,1049621,1049662,1049692,1049772,1049828,1049870,1049900,1049960,1049987,1050010,1050014,1050045,1050060,1050098,1050100,1050204,1050421,1050460,1050487,1050549,1050652,1050713,1050763,1050772,1050773,1050785,1050864,1050885,1050891,1050892,1050943,1050955,1051076,1051117,1051351,1051387,1051468,1051513,1051524,1051542,1051555,1051556,1051583,1051585,1051595,1051606,1051610,1051623,1051624,1051639,1051652,1051653,1051665,1051666,1051667,1051693,1051712,1051720,1051774
1789:1048982,1049254
1805:1048989,1050204,1051097
1821:1048992,1049193,1049245,1049641,1050010,1050166,1050294,1050320,1051310,1051385,1051622,1051691,1051721,1051735,1051755
1837:1048995,1049040,1049096
1853:1049004,1049016,1049037,1049361,1049409,1049424,1049447,1049469,1049619,1049667,1049811,1049873,1049900,1049927,1049988,1050148,1050431,1050437,1050533,1050623,1050668,1050709,1050916,1050977,1050997,1051046,1051070,1051125,1051131,1051161,1051342,1051362,1051455,1051461,1051465,1051579,1051722,1051727
1869:1049009,1049299,1049448,1051351,1051707,1051717,1051751
1885:1049014
1901:1049015,1049106,1049890,1051331
1917:1049017,1049029,1049613,1049894
1933:1049028
1949:1049037,1049549,1049900
1965:1049039,1049295
1981:1049047,1049127,1049240,1049289,1049355,1049507,1049509,1049593,1049629,1049698,1050157,1050816,1050817,1051185,1051382
1997:1049056,1049360,1049552,1049585,1049663,1049722,1049849,1050322,1050512,1050593,1051070,1051161,1051603
2013:1049060
2029:1049067
2045:1049072,1049442,1049805,1050188,1050559,1051071,1051246
2061:1049093,1050862
2077:1049104,1049331,1049419,1049467,1049618,1049641,1049791,1049847,1049856,1049971,1050062,1050077,1050098,1050227,1050339,1050501,1050537,1050610,1050827,1050874,1050889,1050971,1050974,1051076,1051225,1051395,1051522,1051555
2093:1049106,1049111,1049212,1049214,1049230,1049274,1049299,1049308,1049309,1049310,1049388,1049429,1049454,1049455,1049456,1049466,1049470,1049476,1049517,1049526,1049547,1049549,1049610,1049624,1049626,1049642,1049659,1049673,1049685,1049723,1049744,1049745,1049746,1049759,1049772,1049781,1049811,1049818,1049828,1049834,1049855,1049857,1049925,1049940,1049968,1050001,1050032,1050034,1050037,1050044,1050058,1050078,1050092,1050100,1050124,1050140,1050180,1050184,1050212,1050225,1050251,1050367,1050385,1050449,1050454,1050463,1050477,1050551,1050574,1050577,1050578,1050595,1050605,1050623,1050627,1050629,1050636,1050637,1050668,1050701,1050702,1050704,1050715,1050716,1050735,1050742,1050743,1050751,1050752,1050773,1050777,1050778,1050794,1050808,1050823,1050829,1050840,1050877,1050928,1051032,1051046,1051059,1051062,1051098,1051100,1051101,1051145,1051179,1051197,1051201,1051241,1051249,1051260,1051295,1051296,1051309,1051326,1051376,1051385,1051394,1051445,1051453,1051461,1051468,1051481,1051486,1051518,1051536,1051565,1051577,1051588,1051590,1051591,1051596,1051619,1051630,1051632,1051642,1051649,1051651,1051663,1051665,1051687,1051689,1051702,1051717,1051719,1051728,1051769
2109:1049106
2125:1049108,1049830,1050010,1050212
2141:1049111,1049710,1049720,1049811,1050278,1050742,1050795,1050964,1051112,1051545,1051714,1051733
2157:1049129,1049380
2173:1049134,1049325,1049751,1049860,1050076,1050152,1050192,1050237,1050529,1050543,1050618,1050910,1050983
2189:1049147,1049148
2205:1049160,1050271
2221:1049161
2237:1049169
2253:1049175,1051142
2269:1049180,1049424,1049757,1050089,1050100,1050302,1050531,1050685,1050963,1051065,1051088,1051179,1051225,1051276,1051321,1051422,1051612,1051687,1051728,1051732
2285:1049191
2301:1049191
2317:1049194,1050294
2333:1049194
2349:1049205,1049516,1049581
2365:1049209,1049811,1050032,1050502,1050882,1051286,1051565
2381:1049218
2397:1049229,1050251,1050429,1051467
2413:1049235
2429:1049243,1049720,1049967,1050279,1050313,1051271,1051391
2445:1049245,1049246,1049271,1049865,1049985,1050033,1050094,1050164,1050296,1050367,1050402,1050433,1050480,1050521,1050533,1050551,1050605,1050608,1050624,1050651,1050711,1050941,1051129,1051198,1051270,1051324,1051568,1051652
2461:1049245,1049900
2477:1049246,1049736,1049922,1049987,1050595,1050681,1050739,1051514
2493:1049250,1049745,1050064,1050380,1050453,1050681,1050770,1050872,1050894,1050953,1051267,1051294,1051370,1051437,1051662,1051714
2509:1049251
2525:1049254
2541:1049263,1049617,1049630,1049654
2557:1049269
2573:1049271,1051060
2589:1049271
2605:1049274,1050577,1050859,1050944,1051129
2621:1049286
2637:1049294,1050902,1051669
2653:1049299
2669:1049299,1049466,1050003,1050029,1050185
2685:1049303,1049987,1050045,1050060,1050948,1050952,1051408,1051432,1051437,1051439,1051503
2701:1049306,1049556,1049848,1049867,1050072,1050195,1050219,1050280,1050358,1050359,1050433,1050454,1050480,1050521,1050533,1050573,1050624,1050820,1050842,1050919,1050941,1051100,1051129,1051155,1051184,1051270,1051278,1051568,1051705
2717:1049319
2733:1049329
2749:1049336,1049548,1050822,1051745
2765:1049345,1049481
2781:1049360,1049552
2797:1049371
2813:1049373,1051696
2829:1049385
2845:1049395,1050717,1050957,1051735
2861:1049400,1049909,1050261,1050301,1050504,1050716
2877:1049408
2893:1049417
2909:1049425
2925:1049429,1049674,1049800,1049857,1050045,1050060,1050385,1050595,1050753,1050776,1051562
2941:1049436
2957:1049445
2973:1049466,1051009,1051497
2989:1049485,1050768,1050952
3005:1049510
3021:1049521,1049941,1050062,1050203,1050652,1050681,1050756,1050877,1050941,1050942,1051182,1051197,1051226,1051255,1051259,1051279,1051284,1051331,1051397,1051425,1051531,1051604,1051662,1051677,1051678,1051694,1051705,1051757,1051758
3037:1049525
3053:1049536,1049637,1049835,1051376,1051777
3069:1049540,1049597,1049737,1049968,1050363,1050603,1050606,1050881,1051095,1051634,1051647
3085:1049544,1049814
3101:1049548,1049549,1050533,1051058,1051561
3117:1049551,1049553,1050137,1050171
3133:1049557,1049720,1050671,1050772,1050790,1050943,1051046,1051055,1051058,1051383,1051533,1051554,1051587,1051715
3149:1049568,1049612
3165:1049576
3181:1049578,1049604,1049969,1050537,1050932,1051587,1051717
3197:1049578,1050167,1051666
3213:1049583,1050339
3229:1049588,1050363,1050481,1050534,1050627,1050915,1051075,1051593,1051651,1051717,1051758
3245:1049594,1050056,1050747,1050959,1051001,1051177,1051253
3261:1049602
3277:1049607,1049621,1050002,1050124,1050323,1050607,1050722,1050772,1050981,1051101,1051102,1051314,1051418,1051427,1051678,1051692
3293:1049610,1049880,1050005
3309:1049620,1051601
3325:1049623
3341:1049627,1049903,1049908,1049938,1049940,1049962,1050016,1050210,1050297,1050358,1050433,1050521,1051062,1051181,1051267
3357:1049641
3373:1049646
3389:1049659,1049974,1050362,1050430,1050687,1051461,1051496,1051529,1051616,1051671
3405:1049671,1050288
3421:1049674,1049690,1049742,1049748,1049834,1049902,1050089,1050216,1050325,1050592,1050636,1050730,1050785,1050892,1050953,1051074,1051135,1051491,1051544
3437:1049679,1049780,1049956,1049957,1049959,1049966,1050346,1050728,1050982,1051053,1051705
3453:1049684,1050337,1051350
3469:1049688,1049742,1050553
3485:1049690
3501:1049696,1049956,1050038,1050475,1050595,1050628,1050729,1050807,1050895,1051662,1051766
3517:1049710,1050092,1050278,1050322,1050345,1050578,1050888,1051468
3533:1049719,1049849,1050092,1051287,1051699
3549:1049721,1051312,1051542
3565:1049728,1049964,1050190,1050200,1050325,1050361,1050367,1050521,1050761,1050851,1051142,1051295,1051344,1051407,1051561,1051576,1051621,1051655,1051673,1051681,1051706,1051739
3581:1049731
3597:1049736
3613:1049739,1049740,1050873,1051623,1051773
3629:1049744,1050577,1050720,1051008,1051312,1051328
3645:1049745
3661:1049747,1050259
3677:1049754,1050445,1051002
3693:1049756
3709:1049759
3725:1049768,1049793
3741:1049770
3757:1049775,1051757
3773:1049785,1050098,1050232,1050616,1050714,1051107,1051168,1051415
3789:1049795,1049796,1049862,1050182
3805:1049803,1050617,1050797,1051254
3821:1049810
3837:1049813
3853:1049822
3869:1049830
3885:1049836
3901:1049839
3917:1049847,1050363,1051424
3933:1049855,1049924,1049939,1050190,1050266
3949:1049863,1049941
3965:1049869,1051462
3981:1049882,1049959,1049966,1050146,1050344,1050524,1050877,1050942,1051094,1051155,1051698
3997:1049884
4013:1049890,1050735,1051573,1051687,1051710
4029:1049898
4045:1049909,1050196,1051061,1051361
4061:1049916,1050430,1050681,1051474
4077:1049924,1049996,1050326,1050436,1051328
4093:1049926,1050305
4109:1049937
4125:1049940
4141:1049943,1050771
4157:1049954,1051344,1051561,1051731
4173:1049959,1050284,1050486,1051397,1051652,1051705
4189:1049961,1050444
4205:1049966,1050361,1050659
4221:1049972,1050671,1050912,1051065,1051588
4237:1049976
4253:1049983
4269:1049985
4285:1049988,1051259,1051640
4301:1049992,1051711
4317:1049998
4333:1050002,1050103,1050166,1050974,1051326,1051569
4349:1050005,1050029,1050505,1050651,1050862,1051031,1051244,1051346
4365:1050009
4381:1050016
4397:1050024,1050182,1050305,1050337,1050373,1050441,1050471,1050472,1050473,1050530,1050568,1050586,1050587,1050588,1050694,1051350
4413:1050030
4429:1050039
4445:1050044,1051571
4461:1050049
4477:1050055
4493:1050062,1050657
4509:1050072,1050073,1050074,1050075,1050076,1050077,1050078,1050079,1050080,1050081,1050082,1050083,1050084,1050085,1050086,1050087,1050088,1050089,1050090,1050091,1050092,1050093,1050094,1050095,1050096,1050097,1050098,1050099,1050100,1050101,1050102,1050103,1050104,1050105,1050106,1050107,1050108,1050109,1050110,1050111,1050112,1050113,1050114,1050115,1050116,1050117,1050118,1050119,1050120,1050121,1050122,1050123,1050124,1050125,1050126,1050127,1050128,1050129,1050130,1050131,1050132,1050133,1050134,1050135,1050136,1050137,1050138,1050139,1050140,1050141,1050142,1050143,1050144,1050145,1050146,1050147,1050148,1050149,1050150,1050151,1050152,1050153,1050154,1050155,1050156,1050157,1050158,1050159,1050160,1050161,1050162,1050163,1050164,1050165,1050166,1050167,1050168,1050169,1050170,1050171,1050172,1050173,1050174,1050175,1050176,1050177,1050178,1050179,1050180,1050181,1050182,1050183,1050184,1050185,1050186,1050187,1050188,1050189,1050190,1050191,1050192,1050193,1050194,1050195,1050196,1050197,1050198,1050199,1050200,1050201,1050202,1050203,1050204,1050205,1050206,1050207,1050208,1050209,1050210,1050211,1050212,1050213,1050214,1050215,1050216,1050217,1050218,1050219,1050220,1050221,1050222,1050223,1050224,1050225,1050226,1050227,1050228,1050229,1050339,1050475,1050505,1050580,1050729,1051765
4525:1050081
4541:1050086,1050423
4557:1050092
4573:1050094,1050320,1050513,1050526,1050535,1051443,1051563
4589:1050102
4605:1050108,1050763
4621:1050115
4637:1050121
4653:1050127
4669:1050138,1050543,1050641,1051368
4685:1050142
4701:1050153,1050173,1050215
4717:1050164
4733:1050166,1050216,1050628
4749:1050170
4765:1050180,1051224
4781:1050186,1050694
4797:1050196
4813:1050202,1050227
4829:1050207
4845:1050213
4861:1050222
4877:1050226
4893:1050232
4909:1050240
4925:1050246,1050955
4941:1050252
4957:1050257,1050713,1051207,1051515
4973:1050265,1050663
4989:1050270
5005:1050273,1051413
5021:1050278
5037:1050280
5053:1050286
5069:1050288,1050345,1051601,1051662
5085:1050297
5101:1050301,1051522
5117:1050307
5133:1050313
5149:1050316
5165:1050326,1050756,1051756
5181:1050339
5197:1050344
5213:1050346,1050462,1050791,1051351,1051398,1051503,1051597,1051693
5229:1050360,1050361,1050593,1050826,1050987,1051118,1051549,1051628,1051649
5245:1050370
5261:1050383,1050808,1051686,1051752
5277:1050394
5293:1050401,1050428,1050444,1050453,1050547,1051298,1051408,1051413,1051471
5309:1050404,1050793,1050794,1051056,1051563,1051630,1051642
5325:1050419
5341:1050422
5357:1050431,1050971
5373:1050437
5389:1050446,1050636
5405:1050454,1050459,1051488
5421:1050464
5437:1050466
5453:1050483,1051221
5469:1050490,1050944,1050959,1051016,1051048,1051139,1051212,1051213,1051267,1051326,1051402,1051488
5485:1050500,1050590
5501:1050508
5517:1050521
5533:1050526
5549:1050536
5565:1050548,1051024,1051234,1051616
5581:1050553
5597:1050563
5613:1050572,1050603,1050606
5629:1050578
5645:1050590
5661:1050595,1051761
5677:1050608
5693:1050611,1051522,1051656
5709:1050626,1051382
5725:1050634,1051121
5741:1050639,1051102,1051231
5757:1050648
5773:1050658
5789:1050668
5805:1050674,1050856,1051380,1051381
5821:1050681,1050882
5837:1050692
5853:1050708
5869:1050717
5885:1050720
5901:1050726
5917:1050733,1050843,1051375
5933:1050740,1050790,1051382,1051590
5949:1050750,1051056,1051407,1051623,1051627
5965:1050756
5981:1050764,1051404
5997:1050772,1051240,1051522
6013:1050777
6029:1050785,1050901,1051032,1051446,1051482,1051589,1051732
6045:1050792
6061:1050805,1051157
6077:1050808
6093:1050808
6109:1050808,1051055
6125:1050815
6141:1050824
6157:1050835,1051210,1051302,1051366
6173:1050848
6189:1050859
6205:1050866
6221:1050875,1051735
6237:1050878,1051152
6253:1050881
6269:1050889,1051316
6285:1050897
6301:1050907
6317:1050916
6333:1050924
6349:1050933
6365:1050944,1051253,1051335,1051336,1051403,1051622
6381:1050955
6397:1050962
6413:1050975,1051485
6429:1050978
6445:1050990
6461:1050999
6477:1051004
6493:1051011
6509:1051020
6525:1051028
6541:1051037
6557:1051043
6573:1051049
6589:1051058
6605:1051061
6621:1051069
6637:1051074
6653:1051086
6669:1051096
6685:1051105
6701:1051113,1051705
6717:1051121,1051136
6733:1051134
6749:1051143,1051593
6765:1051155
6781:1051165
6797:1051170,1051392
6813:1051179
6829:1051189
6845:1051196,1051197,1051749
6861:1051203
6877:1051208
6893:1051220
6909:1051230,1051231
6925:1051243
6941:1051255
6957:1051267
6973:1051274
6989:1051281,1051593
7005:1051287
7021:1051292
7037:1051296
7053:1051300,1051342
7069:1051310,1051398,1051597
7085:1051317
7101:1051325
7117:1051336
7133:1051351
7149:1051360
7165:1051367
7181:1051380
7197:1051386
7213:1051395
7229:1051400
7245:1051408
7261:1051418
7277:1051424
7293:1051440
7309:1051453
7325:1051464
7341:1051468
7357:1051474
7373:1051481,1051658
7389:1051488
7405:1051496
7421:1051499
7437:1051504
7453:1051515
7469:1051524
7485:1051534
7501:1051548
7517:1051559
7533:1051568
7549:1051575
7565:1051584,1051738
7581:1051589
7597:1051596
7613:1051599
7629:1051604
7645:1051613
7661:1051622
7677:1051630
7693:1051642
7709:1051651,1051665,1051753
7725:1051658
7741:1051662
7757:1051668
7773:1051675
7789:1051686
7805:1051692
7821:1051700
7837:1051707
7853:1051714
7869:1051721
7885:1051735
7901:1051739
7917:1051747
7933:1051757
7949:1051763
7965:1051769
7981:1051777
