7:1048576,1048586,1048589,1048590,1048595,1048602,1048608,1048625,1048626,1048627,1048632,1048635,1048639,1048640,1048644,1048645,1048647,1048658,1048660,1048663,1048668,1048669,1048670,1048674,1048675,1048677,1048679,1048689,1048691,1048694,1048700,1048701,1048703,1048704,1048712,1048720,1048724,1048728,1048736,1048739,1048744,1048751,1048762,1048766,1048771,1048781,1048782,1048784,1048785,1048793,1048794,1048795,1048802,1048803,1048813,1048814,1048815,1048816,1048817,1048820,1048827,1048829,1048834,1048835,1048843,1048845,1048847,1048849,1048852,1048861,1048866,1048867,1048880,1048881,1048885,1048888,1048894,1048895,1048896,1048900,1048908,1048914,1048915,1048916,1048917,1048918,1048919,1048920,1048921,1048922,1048923,1048924,1048925,1048926,1048927,1048928,1048929,1048930,1048935,1048942,1048945,1048946,1048951,1048955,1048963,1048965,1048968,1048981,1048991,1049000,1049007,1049008,1049009,1049010,1049012,1049015,1049025,1049032,1049046,1049047,1049056,1049057,1049059,1049063,1049066,1049071,1049076,1049079,1049081,1049082,1049086,1049088,1049100,1049105,1049107,1049127,1049129,1049133,1049136,1049140,1049147,1049148,1049149,1049150,1049154,1049161,1049164,1049165,1049166,1049167,1049168,1049172,1049175,1049178,1049179,1049181,1049183,1049184,1049185,1049186,1049187,1049202,1049206,1049207,1049208,1049210,1049212,1049219,1049222,1049224,1049225,1049227,1049233,1049244,1049247,1049248,1049249,1049253,1049256,1049257,1049263,1049264,1049265,1049267,1049271,1049291,1049295,1049296,1049305,1049306,1049312,1049314,1049319,1049320,1049321,1049328,1049329,1049332,1049338,1049351,1049356,1049357,1049358,1049369,1049375,1049376,1049380,1049392,1049414,1049416,1049419,1049420,1049425,1049428,1049431,1049432,1049443,1049445,1049448,1049472,1049479,1049480,1049481,1049482,1049484,1049485,1049487,1049489,1049493,1049495,1049499,1049506,1049516,1049517,1049520,1049523,1049525,1049528,1049532,1049533,1049535,1049537,1049541,1049543,1049544,1049550,1049555,1049575,1049577,1049585,1049589,1049590,1049592,1049597,1049607,1049611,1049617,1049621,1049622,1049624,1049625,1049627,1049630,1049634,1049635,1049636,1049637,1049641,1049645,1049647,1049653,1049654,1049655,1049656,1049657,1049658,1049659,1049663,1049668,1049675,1049681,1049683,1049687,1049691,1049696,1049697,1049701,1049703,1049707,1049712,1049722,1049724,1049725,1049727,1049730,1049733,1049735,1049752,1049754,1049755,1049757,1049760,1049767,1049769,1049770,1049788,1049791,1049792,1049793,1049794,1049795,1049796,1049801,1049813,1049823,1049826,1049829,1049834,1049835,1049839,1049843,1049849,1049855,1049859,1049862,1049863,1049871,1049872,1049874,1049878,1049881,1049882,1049883,1049885,1049888,1049893,1049898,1049900,1049909,1049919,1049920,1049928,1049929,1049939,1049941,1049945,1049955,1049956,1049962,1049971,1049984,1049991,1049993,1050004,1050012,1050016,1050018,1050022,1050023,1050028,1050033,1050038,1050039,1050044,1050046,1050049,1050057,1050062,1050068,1050071,1050074,1050075,1050093,1050094,1050096,1050098,1050101,1050103,1050104,1050105,1050108,1050109,1050116,1050118,1050128,1050130,1050132,1050133,1050134,1050142,1050148,1050151,1050152,1050153,1050162,1050166,1050170,1050172,1050173,1050174,1050182,1050189,1050191,1050192,1050197,1050199,1050202,1050205,1050213,1050215,1050216,1050218,1050220,1050222,1050226,1050227,1050233,1050237,1050239,1050240,1050241,1050246,1050251,1050252,1050255,1050259,1050263,1050266,1050268,1050270,1050273,1050279,1050284,1050285,1050286,1050291,1050292,1050293,1050298,1050302,1050316,1050320,1050326,1050328,1050329,1050336,1050339,1050340,1050349,1050352,1050354,1050356,1050363,1050367,1050370,1050376,1050377,1050380,1050386,1050388,1050395,1050396,1050398,1050399,1050400,1050401,1050403,1050404,1050405,1050408,1050411,1050417,1050424,1050427,1050428,1050435,1050439,1050442,1050449,1050451,1050453,1050457,1050460,1050463,1050464,1050466,1050476,1050477,1050484,1050485,1050487,1050495,1050505,1050508,1050514,1050516,1050517,1050521,1050523,1050525,1050530,1050533,1050535,1050536,1050538,1050540,1050541,1050547,1050548,1050550,1050552,1050558,1050563,1050568,1050579,1050585,1050590,1050591,1050597,1050600,1050607,1050612,1050613,1050614,1050616,1050619,1050620,1050625,1050627,1050635,1050636,1050643,1050649,1050652,1050658,1050660,1050665,1050666,1050667,1050671,1050672,1050678,1050679,1050680,1050682,1050685,1050694,1050696,1050708,1050709,1050711,1050715,1050722,1050723,1050724,1050725,1050730,1050739,1050740,1050742,1050746,1050747,1050750,1050755,1050756,1050758,1050763,1050766,1050767,1050774,1050776,1050777,1050781,1050783,1050785,1050789,1050790,1050792,1050794,1050811,1050820,1050821,1050823,1050825,1050827,1050829,1050836,1050844,1050849,1050850,1050851,1050852,1050854,1050857,1050869,1050871,1050874,1050887,1050891,1050898,1050900,1050901,1050907,1050916,1050917,1050919,1050921,1050934,1050945,1050948,1050950,1050952,1050955,1050958,1050960,1050971,1050978,1050982,1050987,1050988,1050989,1050995,1051003,1051004,1051007,1051014,1051019,1051021,1051025,1051029,1051032,1051033,1051034,1051035,1051038,1051039,1051045,1051049,1051057,1051059,1051061,1051063,1051065,1051066,1051072,1051075,1051076,1051081,1051082,1051090,1051091,1051092,1051097,1051098,1051100,1051101,1051102,1051103,1051115,1051117,1051119,1051120,1051125,1051132,1051133,1051141,1051145,1051146,1051150,1051152,1051162,1051163,1051167,1051168,1051171,1051174,1051188,1051191,1051192,1051194,1051195,1051199,1051201,1051202,1051206,1051208,1051218,1051220,1051221,1051223,1051232,1051238,1051242,1051244,1051257,1051261,1051263,1051266,1051272,1051274,1051275,1051277,1051279,1051282,1051291,1051297,1051299,1051300,1051304,1051308,1051309,1051316,1051318,1051321,1051324,1051333,1051335,1051342,1051343,1051348,1051351,1051356,1051360,1051363,1051369,1051372,1051373,1051374,1051382,1051383,1051387,1051389,1051392,1051393,1051399,1051400,1051402,1051403,1051404,1051409,1051415,1051416,1051418,1051423,1051425,1051433,1051434,1051441,1051444,1051448,1051452,1051453,1051455,1051463,1051468,1051472,1051473,1051479,1051481,1051486,1051490,1051493,1051499,1051512,1051516,1051517,1051519,1051520,1051521,1051529,1051530,1051532,1051533,1051538,1051542,1051543,1051546,1051552,1051556,1051561,1051563,1051569,1051570,1051572,1051577,1051583,1051588,1051591,1051593,1051605,1051606,1051610,1051611,1051612,1051614,1051624,1051632,1051634,1051641,1051642,1051643,1051644,1051646,1051647,1051652,1051663,1051668,1051669,1051670,1051674,1051675,1051678,1051684,1051691,1051695,1051696,1051704,1051707,1051711,1051713,1051715,1051718,1051719,1051723,1051728,1051735,1051736,1051738,1051739,1051741,1051772,1051773,1051774,1051776,1051778
23:1048577,1048593,1048618,1048632,1048633,1048644,1048746,1048763,1048775,1048776,1048779,1048785,1048800,1048859,1049027,1049052,1049072,1049101,1049159,1049170,1049191,1049212,1049223,1049251,1049252,1049324,1049335,1049454,1049455,1049456,1049526,1049542,1049587,1049632,1049637,1049641,1049710,1049734,1049739,1049740,1049741,1049755,1049756,1049765,1049812,1049833,1049856,1049876,1049898,1049909,1049918,1049925,1049941,1049946,1049948,1049953,1049963,1049975,1049982,1049996,1050005,1050025,1050033,1050048,1050066,1050070,1050094,1050105,1050109,1050117,1050126,1050138,1050144,1050149,1050150,1050154,1050155,1050156,1050157,1050158,1050159,1050160,1050163,1050181,1050186,1050197,1050209,1050213,1050240,1050249,1050251,1050270,1050296,1050300,1050302,1050303,1050307,1050310,1050339,1050380,1050396,1050399,1050422,1050425,1050456,1050461,1050465,1050470,1050481,1050499,1050506,1050518,1050549,1050577,1050606,1050614,1050626,1050635,1050675,1050720,1050723,1050732,1050752,1050774,1050794,1050808,1050827,1050886,1050892,1050912,1050917,1050929,1050930,1050950,1050953,1050955,1050956,1050967,1050970,1050971,1050977,1050981,1051024,1051048,1051060,1051061,1051095,1051109,1051111,1051143,1051146,1051147,1051170,1051181,1051204,1051206,1051217,1051221,1051232,1051241,1051242,1051257,1051259,1051267,1051275,1051280,1051288,1051289,1051295,1051304,1051306,1051316,1051319,1051331,1051337,1051346,1051359,1051361,1051373,1051376,1051392,1051394,1051395,1051412,1051415,1051420,1051425,1051470,1051472,1051475,1051480,1051481,1051490,1051491,1051531,1051542,1051543,1051546,1051559,1051568,1051595,1051603,1051625,1051631,1051632,1051634,1051641,1051647,1051663,1051690,1051700,1051719,1051728,1051763,1051774
39:1048580,1048610,1048617,1048637,1048669,1048697,1048701,1048759,1048769,1048795,1048821,1048841,1048872,1048909,1048994,1049001,1049070,1049072,1049073,1049093,1049094,1049111,1049301,1049340,1049376,1049414,1049415,1049423,1049442,1049444,1049445,1049459,1049474,1049508,1049537,1049760,1049835,1049998,1050000,1050015,1050018,1050086,1050095,1050142,1050153,1050173,1050181,1050193,1050207,1050215,1050219,1050225,1050242,1050336,1050391,1050396,1050423,1050457,1050468,1050490,1050507,1050553,1050574,1050576,1050594,1050614,1050676,1050709,1050813,1050983,1051042,1051063,1051132,1051160,1051245,1051285,1051345,1051354,1051368,1051374,1051381,1051633,1051686,1051713,1051775
55:1048584,1048595,1048598,1048599,1048604,1048615,1048627,1048630,1048633,1048643,1048646,1048647,1048653,1048654,1048655,1048663,1048667,1048669,1048670,1048679,1048681,1048692,1048699,1048705,1048731,1048761,1048772,1048777,1048783,1048789,1048799,1048825,1048828,1048829,1048849,1048850,1048853,1048857,1048859,1048861,1048867,1048869,1048888,1048891,1048895,1048896,1048907,1048908,1048925,1048943,1048956,1048968,1048972,1048980,1048984,1049010,1049016,1049039,1049067,1049072,1049106,1049108,1049111,1049120,1049160,1049168,1049169,1049171,1049173,1049190,1049191,1049193,1049194,1049205,1049211,1049212,1049217,1049219,1049230,1049231,1049246,1049252,1049255,1049265,1049266,1049268,1049271,1049273,1049274,1049293,1049302,1049305,1049328,1049330,1049333,1049363,1049369,1049371,1049400,1049402,1049423,1049430,1049431,1049439,1049440,1049442,1049466,1049467,1049469,1049487,1049520,1049525,1049529,1049547,1049557,1049580,1049582,1049587,1049590,1049600,1049602,1049605,1049606,1049607,1049608,1049609,1049610,1049619,1049623,1049624,1049637,1049641,1049647,1049658,1049662,1049672,1049679,1049683,1049685,1049688,1049689,1049691,1049694,1049697,1049707,1049709,1049710,1049717,1049719,1049720,1049721,1049722,1049723,1049730,1049734,1049735,1049737,1049740,1049741,1049744,1049748,1049754,1049755,1049760,1049761,1049762,1049763,1049770,1049780,1049790,1049791,1049798,1049799,1049800,1049801,1049808,1049810,1049811,1049822,1049827,1049828,1049830,1049832,1049833,1049834,1049835,1049836,1049839,1049840,1049842,1049845,1049846,1049847,1049849,1049867,1049870,1049880,1049883,1049889,1049898,1049901,1049907,1049909,1049919,1049923,1049925,1049926,1049934,1049935,1049937,1049938,1049940,1049941,1049944,1049954,1049955,1049956,1049959,1049960,1049961,1049963,1049965,1049967,1049968,1049969,1049970,1049978,1049979,1049984,1049985,1049986,1049990,1049996,1049998,1050003,1050006,1050007,1050008,1050014,1050019,1050030,1050031,1050035,1050039,1050043,1050045,1050046,1050047,1050051,1050062,1050064,1050066,1050070,1050071,1050072,1050073,1050076,1050077,1050079,1050081,1050082,1050089,1050091,1050092,1050093,1050094,1050099,1050101,1050104,1050109,1050115,1050116,1050117,1050119,1050124,1050125,1050126,1050142,1050143,1050145,1050146,1050147,1050148,1050162,1050164,1050165,1050166,1050169,1050170,1050176,1050180,1050183,1050184,1050185,1050189,1050190,1050191,1050196,1050197,1050198,1050200,1050201,1050203,1050207,1050211,1050216,1050218,1050219,1050221,1050222,1050226,1050227,1050229,1050232,1050239,1050240,1050243,1050251,1050254,1050256,1050257,1050266,1050269,1050270,1050271,1050274,1050275,1050281,1050284,1050285,1050292,1050297,1050298,1050300,1050301,1050302,1050303,1050309,1050310,1050313,1050314,1050315,1050316,1050319,1050321,1050322,1050325,1050326,1050329,1050341,1050343,1050359,1050361,1050362,1050365,1050380,1050381,1050384,1050385,1050386,1050399,1050400,1050402,1050403,1050404,1050408,1050409,1050412,1050415,1050417,1050419,1050421,1050422,1050427,1050430,1050431,1050433,1050435,1050437,1050443,1050444,1050445,1050454,1050455,1050459,1050460,1050461,1050465,1050466,1050475,1050477,1050480,1050483,1050485,1050487,1050490,1050492,1050494,1050496,1050498,1050500,1050503,1050505,1050506,1050508,1050509,1050512,1050520,1050523,1050526,1050531,1050533,1050534,1050536,1050537,1050542,1050549,1050551,1050552,1050553,1050555,1050560,1050563,1050564,1050572,1050574,1050577,1050578,1050579,1050591,1050592,1050593,1050595,1050597,1050605,1050606,1050608,1050610,1050611,1050617,1050622,1050624,1050625,1050626,1050627,1050629,1050634,1050635,1050636,1050637,1050639,1050640,1050641,1050651,1050655,1050656,1050657,1050658,1050669,1050671,1050680,1050683,1050685,1050688,1050693,1050695,1050700,1050701,1050704,1050709,1050711,1050719,1050720,1050721,1050723,1050724,1050727,1050728,1050729,1050730,1050736,1050737,1050741,1050742,1050749,1050750,1050751,1050752,1050753,1050756,1050759,1050760,1050762,1050763,1050767,1050769,1050771,1050775,1050776,1050782,1050783,1050785,1050786,1050790,1050791,1050792,1050793,1050795,1050801,1050806,1050807,1050808,1050820,1050821,1050822,1050823,1050827,1050829,1050836,1050838,1050839,1050840,1050841,1050843,1050849,1050851,1050858,1050861,1050863,1050864,1050872,1050873,1050874,1050876,1050880,1050882,1050883,1050889,1050894,1050897,1050902,1050906,1050915,1050916,1050917,1050919,1050928,1050931,1050932,1050934,1050940,1050941,1050943,1050945,1050946,1050947,1050948,1050952,1050953,1050954,1050963,1050964,1050965,1050971,1050973,1050975,1050976,1050977,1050982,1050984,1050988,1050995,1050998,1050999,1051008,1051012,1051013,1051019,1051022,1051026,1051027,1051030,1051037,1051045,1051054,1051055,1051058,1051059,1051066,1051072,1051074,1051076,1051088,1051089,1051090,1051093,1051105,1051110,1051111,1051113,1051116,1051118,1051119,1051121,1051122,1051129,1051130,1051133,1051135,1051142,1051143,1051146,1051147,1051148,1051152,1051156,1051157,1051167,1051168,1051169,1051170,1051171,1051172,1051173,1051179,1051180,1051181,1051184,1051185,1051197,1051199,1051200,1051203,1051206,1051207,1051209,1051217,1051223,1051227,1051231,1051232,1051233,1051240,1051241,1051242,1051243,1051244,1051255,1051256,1051258,1051259,1051261,1051262,1051267,1051270,1051271,1051274,1051277,1051278,1051279,1051286,1051287,1051289,1051290,1051291,1051293,1051296,1051297,1051312,1051313,1051314,1051315,1051317,1051319,1051320,1051321,1051323,1051324,1051325,1051329,1051334,1051339,1051342,1051343,1051344,1051352,1051356,1051361,1051362,1051363,1051369,1051370,1051371,1051373,1051375,1051377,1051379,1051383,1051384,1051387,1051390,1051392,1051394,1051396,1051399,1051401,1051402,1051403,1051407,1051408,1051411,1051413,1051414,1051415,1051416,1051423,1051424,1051426,1051430,1051431,1051432,1051433,1051437,1051438,1051440,1051443,1051450,1051452,1051456,1051458,1051461,1051463,1051464,1051465,1051466,1051468,1051471,1051475,1051476,1051479,1051480,1051482,1051486,1051487,1051488,1051491,1051492,1051494,1051496,1051497,1051498,1051499,1051500,1051501,1051502,1051503,1051504,1051506,1051511,1051512,1051514,1051516,1051517,1051520,1051521,1051522,1051525,1051531,1051532,1051533,1051536,1051538,1051539,1051540,1051543,1051544,1051548,1051552,1051554,1051555,1051556,1051561,1051563,1051565,1051566,1051568,1051569,1051573,1051574,1051576,1051577,1051579,1051580,1051581,1051583,1051587,1051588,1051590,1051591,1051596,1051599,1051602,1051605,1051606,1051608,1051609,1051610,1051611,1051614,1051615,1051616,1051617,1051628,1051629,1051630,1051631,1051633,1051640,1051641,1051642,1051643,1051645,1051646,1051649,1051650,1051652,1051654,1051656,1051659,1051660,1051661,1051662,1051663,1051665,1051666,1051668,1051669,1051670,1051671,1051675,1051676,1051678,1051679,1051681,1051684,1051685,1051686,1051690,1051691,1051695,1051699,1051703,1051705,1051706,1051707,1051708,1051709,1051710,1051712,1051713,1051714,1051716,1051717,1051720,1051721,1051722,1051723,1051724,1051726,1051727,1051728,1051729,1051731,1051732,1051733,1051735,1051736,1051738,1051739,1051740,1051742,1051743,1051744,1051747,1051748,1051751,1051758,1051764,1051765,1051768,1051770,1051774,1051775,1051776,1051779
71:1048586,1048589
87:1048590,1048624,1048637,1048669,1048892,1049072,1049163,1049225,1049243,1049272,1049390,1049391,1049407,1049442,1049535,1049577,1049652,1049781,1050014,1050053,1050054,1050074,1050075,1050149,1050160,1050214,1050279,1050296,1050335,1050413,1050465,1050556,1050715,1050770,1050845,1050850,1050975,1051063,1051230,1051231,1051312,1051402,1051485,1051499,1051552,1051562,1051627,1051642,1051724
103:1048593,1048600,1048614,1048615,1048621,1048634,1048635,1048646,1048659,1048661,1048667,1048673,1048679,1048718,1048719,1048765,1048772,1048777,1048813,1048814,1048817,1048818,1048826,1048827,1048846,1048850,1048851,1048852,1048857,1048859,1048869,1048875,1048895,1048897,1048909,1048942,1048966,1048971,1048972,1048973,1048984,1048989,1048992,1049010,1049013,1049014,1049015,1049108,1049160,1049161,1049169,1049172,1049190,1049191,1049192,1049193,1049194,1049208,1049212,1049218,1049226,1049227,1049231,1049245,1049246,1049250,1049270,1049271,1049273,1049274,1049299,1049303,1049305,1049306,1049370,1049373,1049397,1049426,1049429,1049430,1049435,1049466,1049519,1049538,1049539,1049546,1049547,1049555,1049562,1049578,1049581,1049585,1049587,1049605,1049607,1049608,1049609,1049618,1049621,1049641,1049645,1049646,1049658,1049662,1049663,1049672,1049674,1049683,1049685,1049688,1049735,1049736,1049738,1049739,1049740,1049743,1049745,1049748,1049754,1049756,1049769,1049770,1049771,1049774,1049800,1049801,1049808,1049811,1049813,1049822,1049827,1049830,1049836,1049839,1049842,1049845,1049846,1049849,1049854,1049855,1049865,1049879,1049882,1049883,1049884,1049890,1049899,1049900,1049907,1049909,1049916,1049920,1049922,1049923,1049924,1049935,1049940,1049955,1049961,1049962,1049963,1049966,1049968,1049969,1049971,1049976,1049983,1049984,1049985,1049987,1049990,1049992,1050002,1050003,1050007,1050010,1050014,1050015,1050016,1050019,1050028,1050031,1050032,1050033,1050034,1050036,1050037,1050038,1050039,1050042,1050043,1050044,1050045,1050046,1050047,1050048,1050051,1050057,1050059,1050060,1050061,1050062,1050064,1050077,1050080,1050081,1050082,1050086,1050089,1050090,1050091,1050092,1050093,1050094,1050098,1050100,1050101,1050108,1050109,1050116,1050117,1050118,1050119,1050124,1050127,1050145,1050146,1050147,1050164,1050165,1050166,1050179,1050180,1050186,1050191,1050192,1050198,1050201,1050202,1050206,1050211,1050222,1050226,1050227,1050228,1050232,1050239,1050240,1050246,1050251,1050252,1050255,1050256,1050257,1050259,1050260,1050267,1050270,1050272,1050273,1050274,1050283,1050285,1050286,1050287,1050288,1050294,1050296,1050303,1050309,1050315,1050316,1050319,1050320,1050322,1050323,1050324,1050325,1050326,1050327,1050328,1050329,1050330,1050342,1050349,1050356,1050367,1050385,1050386,1050399,1050401,1050402,1050403,1050404,1050419,1050420,1050421,1050423,1050427,1050428,1050429,1050431,1050437,1050452,1050453,1050455,1050460,1050461,1050466,1050467,1050476,1050477,1050483,1050485,1050487,1050498,1050499,1050501,1050502,1050503,1050506,1050510,1050512,1050513,1050514,1050521,1050523,1050526,1050532,1050534,1050535,1050537,1050552,1050553,1050563,1050564,1050571,1050573,1050577,1050578,1050579,1050591,1050592,1050595,1050605,1050609,1050610,1050611,1050621,1050629,1050639,1050640,1050645,1050650,1050655,1050658,1050662,1050666,1050667,1050670,1050672,1050680,1050681,1050686,1050688,1050689,1050701,1050702,1050705,1050712,1050713,1050718,1050726,1050727,1050728,1050733,1050738,1050740,1050741,1050742,1050743,1050744,1050756,1050759,1050763,1050764,1050770,1050773,1050776,1050777,1050784,1050786,1050793,1050794,1050803,1050811,1050820,1050822,1050837,1050843,1050849,1050852,1050863,1050872,1050880,1050883,1050884,1050886,1050888,1050889,1050892,1050893,1050894,1050895,1050896,1050898,1050900,1050917,1050918,1050919,1050920,1050928,1050931,1050932,1050933,1050934,1050940,1050945,1050946,1050947,1050949,1050950,1050951,1050952,1050953,1050954,1050955,1050964,1050965,1050973,1050974,1050977,1050980,1050981,1050982,1050996,1050998,1050999,1051010,1051014,1051027,1051045,1051054,1051056,1051057,1051060,1051061,1051071,1051072,1051073,1051074,1051075,1051076,1051089,1051091,1051094,1051097,1051100,1051101,1051110,1051111,1051116,1051117,1051135,1051136,1051142,1051145,1051146,1051147,1051152,1051153,1051156,1051157,1051158,1051168,1051169,1051171,1051172,1051179,1051193,1051196,1051197,1051198,1051199,1051200,1051201,1051202,1051204,1051206,1051207,1051209,1051217,1051219,1051220,1051221,1051225,1051242,1051243,1051244,1051256,1051257,1051259,1051264,1051265,1051272,1051275,1051286,1051290,1051293,1051294,1051305,1051313,1051314,1051315,1051316,1051322,1051324,1051325,1051328,1051334,1051339,1051340,1051342,1051343,1051361,1051369,1051371,1051373,1051380,1051381,1051382,1051386,1051387,1051392,1051393,1051394,1051395,1051396,1051403,1051404,1051408,1051413,1051415,1051416,1051420,1051421,1051424,1051425,1051427,1051428,1051434,1051435,1051439,1051440,1051442,1051443,1051444,1051445,1051446,1051450,1051451,1051453,1051457,1051463,1051467,1051469,1051492,1051493,1051494,1051495,1051499,1051503,1051511,1051513,1051516,1051518,1051522,1051523,1051525,1051526,1051529,1051530,1051534,1051540,1051542,1051545,1051546,1051547,1051554,1051559,1051560,1051563,1051564,1051565,1051567,1051570,1051574,1051575,1051576,1051577,1051581,1051586,1051587,1051590,1051591,1051596,1051598,1051599,1051600,1051601,1051602,1051603,1051623,1051624,1051625,1051627,1051634,1051639,1051642,1051643,1051645,1051646,1051647,1051651,1051652,1051653,1051655,1051657,1051662,1051663,1051664,1051665,1051667,1051678,1051680,1051687,1051692,1051694,1051696,1051699,1051702,1051703,1051704,1051706,1051709,1051711,1051712,1051717,1051719,1051722,1051723,1051725,1051728,1051732,1051743,1051744,1051749,1051752,1051755,1051756,1051757,1051758,1051765,1051777,1051779
119:1048595,1048679,1049270,1049400,1049578,1049740,1049842,1049855,1049865,1049983,1050001,1050091,1050227,1050273,1050276,1050301,1050344,1050380,1050381,1050467,1050537,1050629,1050786,1050864,1050948,1051058,1051170,1051195,1051296,1051468,1051503,1051525,1051571,1051581,1051585,1051647,1051672,1051692,1051707
135:1048597
151:1048601,1048670,1048777,1048840,1048968,1049039,1049270,1049306,1049371,1049399,1049401,1049517,1049537,1049555,1049578,1049600,1049604,1049619,1049637,1049693,1049741,1049754,1049775,1049785,1049789,1049791,1049822,1049830,1049839,1049852,1049857,1049907,1049922,1049968,1050007,1050045,1050111,1050177,1050178,1050249,1050399,1050505,1050630,1050777,1050822,1050842,1050874,1050998,1051096,1051337,1051514,1051776
167:1048604
183:1048607,1048671,1048672,1048673,1048674,1048675,1048752,1048793,1048794,1048795,1048796,1048797,1048798,1048799,1048800,1048801,1048802,1048803,1048804,1048805,1048806,1048957,1048958,1048959,1048960,1048961,1048962,1048963,1048964,1048965,1048966,1048967,1048968,1048969,1048970,1048972,1049207,1049208,1049209,1049210,1049211,1049212,1049213,1049214,1049215,1049216,1049217,1049496,1049497,1049498,1049499,1049500,1049501,1049502,1049503,1049504,1049505,1049506,1049706,1049707,1049708,1049709,1049710,1049711,1049712,1049713,1049714,1049715,1049716,1049717,1049882,1049883,1049884,1049885,1049886,1049887,1049888,1049889,1049890,1049891,1049892,1049893,1049894,1049895,1049896,1049897,1049898,1050047,1050048,1050049,1050050,1050051,1050052,1050053,1050054,1050055,1050056,1050057,1050058,1050059,1050060,1050061,1050164,1050204,1050205,1050206,1050207,1050208,1050209,1050210,1050211,1050212,1050213,1050214,1050215,1050216,1050217,1050347,1050348,1050349,1050350,1050351,1050352,1050353,1050354,1050355,1050356,1050502,1050503,1050504,1050505,1050506,1050507,1050508,1050509,1050510,1050511,1050512,1050673,1050674,1050675,1050676,1050677,1050678,1050679,1050680,1050681,1050682,1050683,1050684,1050685,1050686,1050687,1050688,1050689,1050787,1050788,1050789,1050790,1050791,1050792,1050793,1050794,1050795,1050956,1050957,1050958,1050959,1050960,1050961,1050962,1050963,1050964,1050965,1051114,1051115,1051116,1051117,1051118,1051119,1051120,1051121,1051122,1051259,1051260,1051261,1051262,1051263,1051363,1051364,1051365,1051366,1051367,1051368,1051369,1051370,1051371,1051372,1051373,1051455,1051456,1051457,1051458,1051459,1051460,1051461,1051567,1051568,1051569,1051570,1051571,1051572,1051573,1051574,1051588,1051589,1051590,1051591,1051592,1051593,1051594,1051595,1051596,1051597,1051697,1051698,1051699,1051700,1051701,1051702,1051703,1051704,1051765
199:1048611,1048612,1048613,1048614,1048615,1048616,1048617,1048618,1048619,1048620,1048621,1048622,1048623,1048624,1048625,1048626,1048627,1048628,1048629,1048630,1048631,1048632,1048633,1048634,1048635,1048636,1048637,1048638,1048639,1048640,1048641,1048642,1048643,1048644,1048645,1048646,1048647,1048648,1048649,1048650,1048651,1048652,1048653,1048654,1048655,1048656,1048657,1048658,1048659,1048660,1048661,1048662,1048663,1048664,1048665,1048666,1048667,1048668,1048669,1048670,1048671,1048672,1048673,1048674,1048675,1048676,1048792,1051769
215:1048615
231:1048615,1049769,1049914,1049996,1050035,1050103,1050429,1050572,1050713,1050776,1050884,1050892,1050899,1050902,1050965,1051385,1051600,1051735
247:1048615,1048777,1048896,1048971,1048972,1048992,1049010,1049037,1049039,1049102,1049230,1049245,1049246,1049250,1049266,1049303,1049306,1049334,1049336,1049371,1049397,1049424,1049429,1049524,1049576,1049604,1049608,1049622,1049674,1049710,1049718,1049746,1049790,1049811,1049827,1049839,1049842,1049881,1049898,1049902,1049906,1049908,1049925,1049933,1049937,1049940,1049955,1049963,1049965,1049969,1049986,1049998,1050014,1050028,1050043,1050049,1050060,1050072,1050091,1050100,1050101,1050127,1050139,1050145,1050147,1050166,1050168,1050186,1050197,1050222,1050226,1050254,1050258,1050260,1050270,1050280,1050286,1050303,1050314,1050316,1050318,1050327,1050344,1050361,1050363,1050386,1050399,1050404,1050431,1050446,1050449,1050454,1050461,1050464,1050481,1050491,1050499,1050511,1050520,1050536,1050548,1050552,1050553,1050579,1050595,1050605,1050637,1050666,1050703,1050712,1050727,1050737,1050738,1050739,1050751,1050754,1050771,1050773,1050792,1050793,1050805,1050806,1050808,1050863,1050880,1050895,1050901,1050915,1050919,1050929,1050944,1050952,1050965,1050971,1050975,1050981,1051029,1051031,1051045,1051058,1051076,1051089,1051098,1051109,1051116,1051173,1051202,1051220,1051223,1051232,1051272,1051276,1051278,1051287,1051298,1051301,1051303,1051312,1051326,1051346,1051352,1051359,1051398,1051403,1051410,1051413,1051416,1051422,1051425,1051426,1051432,1051434,1051445,1051448,1051464,1051480,1051496,1051500,1051503,1051504,1051514,1051515,1051524,1051530,1051533,1051542,1051543,1051544,1051545,1051547,1051548,1051553,1051554,1051560,1051564,1051584,1051586,1051588,1051600,1051605,1051607,1051609,1051612,1051635,1051641,1051642,1051643,1051650,1051651,1051652,1051659,1051660,1051661,1051662,1051666,1051669,1051672,1051673,1051678,1051689,1051696,1051703,1051717,1051723,1051727,1051731,1051735,1051738,1051754,1051756,1051774,1051779
263:1048615,1048623,1048646,1048648,1048678,1048699,1048719,1048721,1048749,1048760,1048778,1048799,1048816,1048846,1048847,1048853,1048857,1048897,1048910,1048955,1048971,1049010,1049013,1049016,1049132,1049160,1049192,1049194,1049212,1049253,1049270,1049279,1049280,1049330,1049342,1049343,1049369,1049371,1049397,1049401,1049424,1049427,1049429,1049433,1049462,1049463,1049517,1049525,1049546,1049547,1049577,1049578,1049609,1049618,1049626,1049643,1049646,1049647,1049687,1049688,1049692,1049693,1049720,1049736,1049741,1049745,1049747,1049748,1049754,1049756,1049771,1049788,1049790,1049800,1049809,1049812,1049827,1049836,1049839,1049855,1049856,1049870,1049879,1049882,1049890,1049900,1049916,1049922,1049924,1049925,1049929,1049939,1049941,1049966,1049983,1049984,1049985,1049987,1049988,1049992,1050008,1050016,1050030,1050034,1050037,1050039,1050047,1050062,1050064,1050078,1050079,1050081,1050093,1050094,1050098,1050100,1050101,1050115,1050119,1050125,1050139,1050146,1050147,1050162,1050165,1050178,1050179,1050180,1050184,1050190,1050194,1050196,1050201,1050212,1050213,1050216,1050217,1050218,1050220,1050221,1050232,1050233,1050250,1050252,1050254,1050260,1050269,1050271,1050274,1050275,1050283,1050287,1050288,1050294,1050301,1050302,1050310,1050314,1050315,1050322,1050323,1050327,1050344,1050349,1050386,1050399,1050402,1050405,1050419,1050422,1050430,1050444,1050459,1050461,1050466,1050467,1050483,1050490,1050491,1050499,1050503,1050506,1050511,1050513,1050522,1050531,1050537,1050548,1050549,1050551,1050553,1050572,1050595,1050605,1050608,1050611,1050627,1050628,1050629,1050637,1050666,1050667,1050685,1050686,1050688,1050700,1050703,1050705,1050709,1050715,1050720,1050726,1050743,1050744,1050750,1050751,1050752,1050761,1050763,1050771,1050777,1050782,1050793,1050794,1050795,1050806,1050808,1050820,1050822,1050824,1050838,1050848,1050863,1050864,1050872,1050891,1050895,1050919,1050934,1050941,1050946,1050947,1050948,1050950,1050955,1050963,1050988,1050996,1050999,1051013,1051014,1051027,1051028,1051030,1051056,1051058,1051060,1051065,1051071,1051072,1051074,1051075,1051076,1051088,1051090,1051091,1051097,1051101,1051110,1051112,1051118,1051132,1051142,1051145,1051159,1051169,1051173,1051195,1051196,1051202,1051203,1051204,1051220,1051225,1051239,1051240,1051242,1051249,1051255,1051262,1051270,1051276,1051277,1051278,1051280,1051282,1051284,1051291,1051294,1051295,1051297,1051301,1051309,1051317,1051320,1051321,1051324,1051329,1051340,1051341,1051359,1051362,1051390,1051395,1051396,1051403,1051409,1051413,1051414,1051416,1051421,1051431,1051435,1051437,1051439,1051442,1051449,1051458,1051460,1051464,1051477,1051478,1051486,1051487,1051497,1051498,1051501,1051502,1051504,1051513,1051514,1051519,1051522,1051523,1051525,1051526,1051528,1051529,1051538,1051543,1051548,1051563,1051564,1051566,1051572,1051575,1051576,1051580,1051589,1051593,1051598,1051600,1051606,1051608,1051612,1051616,1051618,1051620,1051621,1051623,1051631,1051632,1051637,1051639,1051640,1051644,1051647,1051649,1051650,1051652,1051657,1051660,1051663,1051664,1051666,1051669,1051670,1051672,1051678,1051681,1051682,1051685,1051687,1051688,1051689,1051693,1051696,1051700,1051702,1051706,1051713,1051726,1051728,1051731,1051737,1051738,1051746,1051749,1051751,1051765,1051770,1051779
279:1048616,1048623,1048633,1048653,1048679,1048713,1048716,1048745,1048817,1048840,1048842,1048853,1048857,1048878,1048894,1048895,1048896,1048910,1048978,1048984,1049037,1049039,1049072,1049160,1049170,1049230,1049236,1049245,1049269,1049270,1049336,1049337,1049429,1049432,1049467,1049517,1049524,1049576,1049578,1049609,1049621,1049626,1049641,1049673,1049691,1049696,1049697,1049708,1049709,1049722,1049729,1049730,1049772,1049785,1049789,1049790,1049800,1049810,1049811,1049827,1049837,1049842,1049855,1049898,1049916,1049921,1049939,1049941,1049957,1049966,1049968,1049971,1049973,1049975,1049986,1049987,1050006,1050008,1050016,1050028,1050043,1050049,1050061,1050062,1050082,1050093,1050123,1050162,1050167,1050183,1050186,1050194,1050195,1050198,1050200,1050203,1050209,1050211,1050221,1050224,1050225,1050249,1050252,1050272,1050274,1050295,1050297,1050300,1050301,1050302,1050318,1050323,1050328,1050339,1050341,1050345,1050346,1050359,1050381,1050385,1050402,1050421,1050436,1050437,1050444,1050445,1050446,1050454,1050460,1050464,1050465,1050482,1050502,1050513,1050551,1050553,1050574,1050575,1050591,1050595,1050608,1050611,1050621,1050625,1050628,1050635,1050652,1050656,1050671,1050684,1050689,1050700,1050719,1050727,1050730,1050740,1050741,1050742,1050750,1050751,1050759,1050769,1050773,1050776,1050785,1050790,1050792,1050793,1050802,1050804,1050821,1050839,1050849,1050851,1050863,1050876,1050877,1050882,1050890,1050891,1050892,1050896,1050916,1050929,1050933,1050944,1050953,1050954,1050955,1050958,1050962,1050963,1050971,1050974,1051022,1051029,1051058,1051062,1051074,1051092,1051098,1051099,1051100,1051101,1051135,1051142,1051155,1051157,1051194,1051197,1051208,1051219,1051220,1051234,1051244,1051254,1051277,1051279,1051280,1051293,1051301,1051303,1051324,1051355,1051360,1051362,1051369,1051381,1051383,1051384,1051416,1051430,1051432,1051433,1051434,1051440,1051445,1051448,1051453,1051455,1051458,1051461,1051467,1051475,1051480,1051486,1051487,1051495,1051502,1051516,1051526,1051531,1051543,1051552,1051564,1051568,1051573,1051574,1051575,1051576,1051588,1051589,1051598,1051599,1051623,1051635,1051647,1051655,1051666,1051674,1051707,1051709,1051713,1051717,1051725,1051732,1051748,1051778,1051779
295:1048620,1048678,1049250,1049333,1049516,1049546,1049648,1049805,1049808,1049830,1049865,1049880,1049969,1049973,1050032,1050063,1050184,1050285,1050294,1050313,1050346,1050402,1050430,1050460,1050486,1050520,1050577,1050610,1050666,1050672,1050738,1050741,1050773,1050778,1050785,1050822,1050863,1050882,1050942,1050953,1051054,1051121,1051407,1051417,1051494,1051513,1051602,1051624,1051740,1051765
311:1048621,1048623,1048638,1048645,1048646,1048653,1048670,1048678,1048691,1048698,1048719,1048721,1048777,1048799,1048811,1048816,1048817,1048818,1048823,1048826,1048827,1048829,1048840,1048851,1048856,1048857,1048859,1048878,1048894,1048896,1048904,1048972,1048992,1049010,1049016,1049037,1049039,1049054,1049067,1049070,1049072,1049102,1049106,1049108,1049111,1049133,1049160,1049170,1049171,1049173,1049190,1049191,1049192,1049194,1049205,1049212,1049230,1049245,1049250,1049254,1049293,1049294,1049296,1049301,1049303,1049306,1049330,1049399,1049423,1049426,1049429,1049431,1049442,1049468,1049515,1049517,1049519,1049525,1049538,1049546,1049555,1049556,1049557,1049576,1049578,1049587,1049589,1049590,1049604,1049621,1049623,1049624,1049626,1049627,1049641,1049674,1049683,1049688,1049696,1049709,1049710,1049729,1049730,1049734,1049736,1049737,1049738,1049739,1049741,1049748,1049759,1049771,1049772,1049774,1049775,1049785,1049790,1049799,1049801,1049808,1049810,1049811,1049822,1049823,1049828,1049832,1049833,1049836,1049837,1049839,1049840,1049842,1049847,1049856,1049863,1049865,1049867,1049869,1049879,1049880,1049881,1049882,1049890,1049898,1049900,1049901,1049902,1049908,1049916,1049920,1049921,1049922,1049923,1049924,1049927,1049928,1049929,1049934,1049937,1049941,1049955,1049956,1049957,1049965,1049969,1049973,1049977,1049978,1049979,1049983,1049985,1049987,1049988,1049990,1049991,1049995,1049999,1050000,1050002,1050005,1050007,1050008,1050010,1050014,1050016,1050028,1050029,1050033,1050037,1050038,1050040,1050043,1050044,1050048,1050049,1050051,1050059,1050060,1050061,1050064,1050066,1050071,1050072,1050073,1050079,1050080,1050081,1050090,1050091,1050092,1050093,1050099,1050100,1050101,1050102,1050103,1050105,1050106,1050109,1050110,1050111,1050116,1050118,1050123,1050124,1050126,1050139,1050147,1050162,1050166,1050169,1050170,1050177,1050183,1050185,1050187,1050191,1050198,1050201,1050202,1050203,1050205,1050207,1050210,1050213,1050218,1050222,1050224,1050225,1050226,1050227,1050232,1050233,1050234,1050239,1050240,1050246,1050250,1050252,1050254,1050255,1050256,1050257,1050258,1050259,1050266,1050273,1050275,1050280,1050282,1050284,1050288,1050294,1050296,1050297,1050300,1050301,1050302,1050310,1050314,1050316,1050321,1050322,1050326,1050339,1050340,1050343,1050344,1050345,1050346,1050361,1050363,1050380,1050381,1050383,1050385,1050386,1050399,1050400,1050401,1050409,1050411,1050419,1050420,1050421,1050427,1050428,1050431,1050437,1050443,1050453,1050454,1050460,1050465,1050477,1050480,1050481,1050483,1050484,1050485,1050486,1050490,1050498,1050502,1050504,1050505,1050509,1050511,1050512,1050513,1050520,1050523,1050526,1050533,1050534,1050549,1050550,1050551,1050552,1050553,1050564,1050572,1050577,1050579,1050592,1050595,1050605,1050608,1050611,1050622,1050623,1050624,1050625,1050629,1050634,1050639,1050640,1050653,1050655,1050657,1050666,1050667,1050668,1050669,1050680,1050681,1050705,1050709,1050712,1050713,1050715,1050717,1050719,1050721,1050726,1050727,1050729,1050730,1050735,1050738,1050740,1050741,1050743,1050744,1050745,1050749,1050750,1050751,1050754,1050756,1050761,1050762,1050763,1050768,1050769,1050770,1050771,1050772,1050773,1050776,1050777,1050783,1050784,1050790,1050793,1050794,1050795,1050801,1050805,1050806,1050807,1050820,1050821,1050822,1050828,1050829,1050837,1050838,1050840,1050858,1050860,1050863,1050864,1050872,1050873,1050876,1050879,1050880,1050883,1050885,1050889,1050890,1050891,1050893,1050895,1050901,1050902,1050912,1050914,1050915,1050917,1050929,1050930,1050931,1050934,1050941,1050942,1050943,1050944,1050947,1050949,1050951,1050952,1050953,1050954,1050955,1050958,1050963,1050964,1050965,1050973,1050975,1050976,1050977,1050981,1050995,1050996,1050998,1051008,1051009,1051010,1051011,1051012,1051013,1051014,1051026,1051027,1051028,1051032,1051044,1051055,1051057,1051059,1051068,1051072,1051074,1051075,1051076,1051092,1051097,1051100,1051101,1051102,1051109,1051110,1051112,1051113,1051116,1051117,1051122,1051130,1051131,1051132,1051134,1051135,1051142,1051143,1051144,1051146,1051147,1051154,1051155,1051156,1051167,1051168,1051169,1051170,1051171,1051172,1051173,1051178,1051195,1051196,1051197,1051198,1051199,1051202,1051203,1051204,1051206,1051207,1051219,1051221,1051224,1051227,1051232,1051242,1051245,1051249,1051255,1051258,1051259,1051261,1051262,1051263,1051267,1051270,1051272,1051274,1051277,1051278,1051279,1051281,1051282,1051283,1051284,1051285,1051290,1051291,1051292,1051293,1051294,1051296,1051297,1051301,1051303,1051309,1051312,1051313,1051314,1051316,1051317,1051319,1051320,1051321,1051324,1051325,1051328,1051341,1051343,1051351,1051352,1051360,1051361,1051369,1051370,1051374,1051375,1051378,1051379,1051383,1051387,1051388,1051391,1051392,1051394,1051397,1051401,1051402,1051404,1051407,1051408,1051410,1051412,1051413,1051414,1051415,1051417,1051418,1051420,1051421,1051422,1051423,1051425,1051426,1051427,1051431,1051433,1051434,1051435,1051437,1051438,1051439,1051440,1051442,1051444,1051445,1051446,1051448,1051449,1051451,1051452,1051453,1051457,1051458,1051460,1051461,1051462,1051464,1051466,1051467,1051468,1051471,1051472,1051473,1051474,1051475,1051477,1051480,1051481,1051482,1051486,1051488,1051490,1051494,1051495,1051496,1051497,1051498,1051499,1051500,1051501,1051502,1051503,1051505,1051506,1051511,1051512,1051513,1051514,1051515,1051519,1051520,1051521,1051523,1051524,1051525,1051526,1051528,1051529,1051533,1051534,1051536,1051538,1051541,1051544,1051545,1051548,1051552,1051553,1051563,1051564,1051568,1051569,1051573,1051574,1051576,1051577,1051580,1051585,1051587,1051588,1051589,1051590,1051591,1051593,1051595,1051596,1051598,1051599,1051603,1051605,1051606,1051607,1051608,1051609,1051611,1051618,1051621,1051622,1051625,1051629,1051631,1051632,1051633,1051634,1051635,1051641,1051643,1051644,1051645,1051646,1051648,1051649,1051650,1051651,1051652,1051653,1051655,1051658,1051660,1051662,1051665,1051666,1051667,1051668,1051669,1051670,1051671,1051672,1051673,1051674,1051676,1051678,1051679,1051680,1051685,1051686,1051687,1051689,1051690,1051691,1051692,1051693,1051695,1051700,1051704,1051705,1051709,1051710,1051714,1051716,1051721,1051722,1051723,1051724,1051725,1051727,1051732,1051735,1051738,1051739,1051746,1051747,1051748,1051749,1051750,1051752,1051754,1051756,1051758,1051759,1051763,1051764,1051766,1051768,1051770,1051773,1051779
327:1048621,1048681,1048719,1049641,1049676,1049718,1050010,1050228,1050324,1050325,1050327,1050404,1050422,1050535,1050720,1050725,1050745,1050753,1050783,1050873,1050914,1050965,1050991,1051061,1051092,1051101,1051168,1051180,1051194,1051203,1051341,1051426,1051560,1051573,1051603,1051632,1051665,1051690
343:1048623,1048883,1049082,1049351,1049642,1049960,1050278,1050719,1050777,1051254,1051360
359:1048623,1048972,1049067,1049106,1049180,1049468,1049607,1049618,1049687,1049906,1050062,1050226,1050278,1050522,1050625,1051201,1051532
375:1048623,1048780,1048856,1048896,1049016,1049212,1049245,1049299,1049334,1049621,1049648,1049690,1049718,1049720,1049730,1049754,1049757,1049758,1049853,1049921,1049962,1049985,1050008,1050049,1050050,1050079,1050081,1050183,1050184,1050185,1050202,1050218,1050222,1050226,1050285,1050300,1050301,1050302,1050316,1050323,1050385,1050401,1050447,1050478,1050501,1050531,1050551,1050651,1050666,1050720,1050735,1050764,1050771,1050804,1050808,1050826,1050892,1050919,1050940,1050951,1050976,1050995,1051101,1051226,1051262,1051267,1051270,1051274,1051276,1051277,1051289,1051292,1051297,1051359,1051376,1051403,1051413,1051417,1051418,1051448,1051455,1051459,1051478,1051481,1051577,1051614,1051616,1051656,1051659,1051678,1051707,1051717,1051760
391:1048623,1048823,1048829,1048878,1049180,1049191,1049770,1050051,1050368,1050437,1050545,1050546,1050580,1050581,1050691,1050692,1050722,1050738,1050756,1051630,1051635,1051735
407:1048626,1048711,1048931,1048977,1048978,1049023,1049024,1049737
423:1048629,1048775,1048776,1048985,1049459,1049476,1050200,1050919,1051403,1051416,1051430,1051573,1051646,1051681
439:1048633,1048657,1048678,1049171,1049230,1049432,1049519,1049549,1049587,1049588,1049628,1049734,1049823,1049932,1049957,1049992,1049993,1050001,1050032,1050125,1050145,1050184,1050203,1050228,1050229,1050233,1050250,1050270,1050294,1050385,1050403,1050422,1050449,1050452,1050499,1050526,1050578,1050607,1050608,1050715,1050721,1050742,1050777,1050837,1050886,1050893,1050917,1050949,1051009,1051029,1051032,1051068,1051072,1051094,1051143,1051147,1051200,1051270,1051295,1051296,1051298,1051352,1051355,1051385,1051416,1051445,1051446,1051460,1051493,1051505,1051562,1051581,1051583,1051591,1051592,1051651,1051657,1051666,1051669,1051670,1051720,1051728,1051740,1051757
455:1048633,1050776
471:1048636,1048678,1048796,1048815,1048836,1048857,1048986,1049051,1049052,1049156,1049211,1049252,1049269,1049271,1049327,1049371,1049374,1049396,1049426,1049429,1049433,1049435,1049436,1049440,1049532,1049539,1049549,1049558,1049591,1049610,1049638,1049639,1049692,1049729,1049785,1049824,1049839,1049883,1049975,1049991,1049997,1050000,1050008,1050017,1050050,1050065,1050083,1050084,1050091,1050402,1050545,1050546,1050610,1050691,1051239,1051767
487:1048638,1050043,1050808
503:1048641,1048689,1048912,1048972,1049561,1049645,1049660,1049807,1049839,1049936,1049989,1050091,1050275,1050331,1050580,1050998,1051755
519:1048643,1050001,1050080,1050280,1050452,1050535,1050582,1050784,1050794,1050950,1050962,1051056,1051147,1051182,1051295,1051331,1051453,1051525,1051642,1051647,1051755,1051758,1051770,1051772
535:1048643,1048679,1048691,1048719,1048760,1048797,1048799,1048856,1048984,1049016,1049037,1049106,1049108,1049170,1049194,1049250,1049270,1049294,1049399,1049424,1049432,1049440,1049519,1049556,1049578,1049588,1049623,1049626,1049627,1049628,1049641,1049663,1049688,1049710,1049718,1049720,1049747,1049771,1049773,1049798,1049823,1049827,1049833,1049840,1049847,1049857,1049865,1049882,1049883,1049916,1049923,1049937,1049940,1049954,1049960,1049962,1049963,1049964,1049965,1049969,1049988,1049990,1050031,1050037,1050044,1050050,1050072,1050081,1050094,1050123,1050142,1050176,1050178,1050180,1050184,1050188,1050195,1050211,1050213,1050224,1050225,1050227,1050232,1050249,1050252,1050255,1050272,1050274,1050275,1050280,1050286,1050296,1050297,1050301,1050317,1050325,1050342,1050343,1050357,1050358,1050362,1050384,1050399,1050403,1050409,1050418,1050419,1050421,1050422,1050427,1050431,1050437,1050445,1050449,1050452,1050461,1050464,1050483,1050485,1050491,1050498,1050509,1050511,1050531,1050536,1050537,1050552,1050553,1050563,1050577,1050590,1050606,1050607,1050608,1050621,1050625,1050627,1050629,1050634,1050636,1050639,1050681,1050688,1050689,1050705,1050717,1050720,1050726,1050761,1050763,1050769,1050771,1050772,1050777,1050793,1050802,1050804,1050805,1050827,1050838,1050849,1050873,1050874,1050883,1050885,1050889,1050891,1050894,1050898,1050914,1050917,1050919,1050920,1050929,1050934,1050940,1050942,1050950,1050977,1050981,1050982,1051014,1051026,1051029,1051046,1051059,1051061,1051076,1051091,1051101,1051102,1051112,1051113,1051130,1051131,1051132,1051143,1051144,1051167,1051168,1051179,1051185,1051199,1051206,1051218,1051219,1051227,1051242,1051244,1051260,1051262,1051267,1051270,1051275,1051277,1051287,1051294,1051296,1051302,1051317,1051325,1051342,1051369,1051408,1051418,1051420,1051423,1051431,1051432,1051434,1051437,1051440,1051441,1051451,1051453,1051461,1051462,1051471,1051472,1051481,1051488,1051490,1051494,1051500,1051515,1051524,1051525,1051532,1051544,1051547,1051555,1051561,1051563,1051569,1051573,1051583,1051592,1051603,1051606,1051615,1051617,1051622,1051632,1051639,1051655,1051669,1051671,1051678,1051680,1051681,1051685,1051686,1051691,1051692,1051700,1051705,1051707,1051711,1051717,1051721,1051724,1051725,1051732,1051738,1051740,1051751,1051752,1051754,1051755,1051757,1051774,1051775,1051779
551:1048645,1048760,1048857,1048873,1048911,1048935,1049033,1049072,1049106,1049111,1049170,1049180,1049235,1049238,1049258,1049272,1049299,1049316,1049317,1049420,1049429,1049442,1049468,1049477,1049538,1049541,1049548,1049587,1049606,1049609,1049622,1049668,1049689,1049703,1049719,1049734,1049746,1049752,1049799,1049842,1049853,1049856,1049901,1049922,1049944,1049949,1049963,1050001,1050016,1050048,1050066,1050110,1050142,1050146,1050165,1050167,1050193,1050201,1050205,1050213,1050258,1050270,1050296,1050319,1050340,1050386,1050411,1050452,1050457,1050462,1050465,1050485,1050486,1050491,1050500,1050506,1050507,1050511,1050521,1050552,1050626,1050684,1050688,1050700,1050714,1050717,1050735,1050751,1050760,1050761,1050764,1050824,1050840,1050841,1050849,1050861,1050864,1050944,1050976,1050977,1051001,1051026,1051046,1051063,1051071,1051091,1051112,1051122,1051129,1051197,1051223,1051224,1051231,1051256,1051257,1051270,1051277,1051278,1051295,1051296,1051307,1051312,1051326,1051340,1051343,1051369,1051373,1051381,1051410,1051413,1051415,1051433,1051435,1051437,1051452,1051468,1051474,1051495,1051496,1051500,1051572,1051593,1051597,1051609,1051611,1051615,1051646,1051660,1051661,1051666,1051669,1051691,1051713,1051722,1051724,1051728,1051729,1051774
567:1048646,1048678,1048777,1048818,1048827,1048870,1049072,1049191,1049469,1049519,1049557,1049622,1049720,1049744,1049757,1049786,1049869,1049925,1049937,1049984,1049996,1050000,1050028,1050037,1050045,1050143,1050167,1050168,1050224,1050273,1050282,1050318,1050404,1050422,1050428,1050610,1050672,1050685,1050726,1050751,1050756,1050759,1050773,1050777,1050806,1050876,1050892,1050971,1051010,1051055,1051069,1051092,1051129,1051136,1051183,1051263,1051270,1051280,1051344,1051404,1051467,1051516,1051529,1051554,1051587,1051588,1051596,1051621,1051673,1051680,1051689,1051710
583:1048646,1049010,1049469,1049686,1050452,1050521,1050838,1050916,1050971,1051046,1051468,1051667
599:1048646,1049628,1050301
615:1048652,1048815,1048891,1048983,1049737,1050321,1050436,1050637,1050988,1051117,1051145,1051192,1051276,1051283,1051581,1051668
631:1048653,1049072,1049469,1049517,1049588,1049620,1049687,1049746,1049961,1049962,1049965,1049973,1049998,1050008,1050016,1050072,1050099,1050109,1050184,1050195,1050302,1050317,1050399,1050421,1050431,1050490,1050531,1050626,1050627,1050656,1050657,1050668,1050759,1050763,1050772,1050773,1050807,1050843,1050858,1050878,1050883,1050918,1050919,1050995,1051030,1051100,1051136,1051181,1051204,1051280,1051296,1051314,1051324,1051418,1051462,1051480,1051496,1051573,1051585,1051624,1051634,1051641,1051652,1051666,1051687,1051707,1051732,1051747
647:1048655,1048857,1048864,1048947,1049044,1049524,1049632,1049773,1049801,1050003,1050186,1050321,1050356,1050381,1050725,1050885,1050895,1050988,1051055,1051117,1051157,1051231,1051316,1051497,1051672,1051735
663:1048659
679:1048667,1048851,1049037,1049231,1049674,1049730,1050061,1050073,1050671,1050739,1050742,1050763,1050771,1051046,1051111,1051131,1051225,1051339
695:1048667,1049300,1049720,1049883,1050066,1050118,1050145,1050147,1050207,1050239,1050248,1050256,1050318,1050386,1050476,1050577,1050590,1050595,1050608,1050668,1050671,1050680,1050769,1050792,1050807,1050872,1050899,1050951,1050971,1050977,1051044,1051045,1051055,1051109,1051240,1051254,1051286,1051296,1051305,1051328,1051329,1051370,1051384,1051417,1051426,1051438,1051451,1051457,1051469,1051503,1051506,1051595,1051645,1051653,1051655,1051661,1051679,1051762
711:1048670,1048840,1049621,1049645,1049769,1049813,1049847,1049967,1050038,1050044,1050212,1050227,1050255,1050344,1051472,1051474,1051608,1051764
727:1048671,1048927,1050118,1050239
743:1048672,1048698,1048733,1048734,1048735,1048739,1048752,1048753,1048845,1048848,1048853,1048879,1048908,1048913,1048914,1048933,1048944,1048961,1048965,1048981,1048984,1048994,1049005,1049006,1049009,1049018,1049067,1049069,1049085,1049087,1049090,1049106,1049158,1049196,1049228,1049234,1049260,1049262,1049290,1049308,1049309,1049310,1049311,1049336,1049378,1049379,1049406,1049410,1049411,1049413,1049424,1049431,1049437,1049446,1049448,1049452,1049458,1049475,1049497,1049614,1049615,1049666,1049684,1049690,1049711,1049721,1049741,1049769,1049984,1049990,1049992,1050001,1050003,1050013,1050026,1050067,1050070,1050163,1050169,1050184,1050277,1050464,1050499,1050583,1050607,1050644,1050652,1050744,1050761,1050767,1050776,1050791,1050799,1050865,1050869,1050873,1050949,1050996,1051057,1051117,1051133,1051197,1051202,1051238,1051249,1051262,1051263,1051264,1051270,1051298,1051344,1051373,1051387,1051398,1051429,1051492,1051516,1051522,1051527,1051552,1051556,1051576,1051587,1051597,1051656
759:1048678,1049547,1049769,1049984,1050081,1050094,1050109,1050164,1050256,1050273,1050316,1050611,1051779
775:1048678,1048823,1049303,1049583,1049710,1049937,1049972,1050505,1050627,1050681,1050756,1050931,1051074,1051194,1051624,1051625
791:1048679,1049191,1049902,1050419,1050481,1050532,1050592,1050822,1051110,1051203,1051453,1051466,1051630,1051645,1051728
807:1048679,1049180,1049332,1049546,1050465,1050467,1050526,1050621,1050634,1051263,1051324
823:1048681,1049229,1049466,1049813,1049916,1050102,1050177,1051026,1051584
839:1048682,1049601,1049867,1050775
855:1048686,1048853,1048984,1049133,1049393,1050001,1050252,1050713,1050981,1050998,1051044,1051066,1051167,1051207,1051257,1051438,1051451,1051495,1051511,1051514,1051527
871:1048691,1049174,1050167,1050725,1050965,1051172,1051470,1051521,1051695,1051768
887:1048691,1049064,1049266,1049547,1049675,1050287,1050437,1050722,1051255,1051385,1051398,1051597
903:1048698,1049212,1049813,1050772
919:1048699,1048702,1048761,1048768,1048789,1048896,1049180,1049239,1049277,1049278,1049284,1049418,1049433,1049515,1049565,1049587,1049588,1049647,1049689,1049734,1049810,1049854,1049870,1049906,1049925,1050009,1050115,1050180,1050281,1050322,1050419,1050461,1050626,1050635,1050671,1050708,1050709,1050749,1050753,1050777,1050783,1050914,1051045,1051073,1051255,1051270,1051433,1051459,1051463,1051518,1051580,1051632,1051647,1051750,1051774
935:1048705,1048853,1048943,1049069,1049363,1049369,1049469,1049604,1049659,1049686,1049737,1049822,1049909,1049925,1050122,1050140,1050243,1050285,1050299,1050302,1050365,1050488,1050492,1050570,1050635,1050636,1050735,1050752,1050829,1050907,1051074,1051167,1051169,1051170,1051262,1051267,1051270,1051277,1051290,1051312,1051319,1051341,1051375,1051425,1051430,1051433,1051499,1051650,1051671,1051747
951:1048709,1050580
967:1048715,1048727,1048933,1048944,1049133,1050008,1050860,1051382
983:1048719,1048797,1048859,1048910,1048956,1049039,1049108,1049133,1049153,1049160,1049192,1049194,1049252,1049254,1049273,1049306,1049408,1049525,1049587,1049622,1049637,1049673,1049718,1049735,1049737,1049744,1049745,1049755,1049760,1049810,1049823,1049834,1049835,1049848,1049853,1049867,1049884,1049898,1049902,1049922,1049925,1049927,1049939,1049954,1049968,1049991,1049998,1050015,1050045,1050048,1050051,1050060,1050063,1050077,1050103,1050105,1050139,1050170,1050177,1050197,1050200,1050252,1050256,1050259,1050280,1050301,1050314,1050363,1050399,1050419,1050430,1050431,1050436,1050443,1050480,1050485,1050486,1050501,1050504,1050506,1050514,1050572,1050593,1050605,1050617,1050621,1050628,1050639,1050640,1050656,1050658,1050667,1050687,1050688,1050719,1050771,1050775,1050785,1050821,1050840,1050842,1050849,1050889,1050916,1050917,1050963,1050971,1051031,1051055,1051129,1051143,1051172,1051270,1051292,1051294,1051387,1051396,1051416,1051426,1051465,1051467,1051481,1051500,1051515,1051528,1051532,1051534,1051554,1051556,1051579,1051643,1051652,1051660,1051669,1051685,1051689,1051690,1051708,1051713,1051715,1051727,1051740,1051759,1051775,1051777
999:1048719,1048829,1049037,1049191,1049972,1050203,1050466,1050610,1050879,1051361,1051385,1051735,1051758
1015:1048721,1049539,1050339
1031:1048728,1049329
1047:1048739,1048780,1048894,1049236,1049254,1049266,1049305,1049334,1049601,1049696,1049827,1049878,1049898,1050028,1050066,1050105,1050118,1050144,1050251,1050281,1050363,1050431,1050730,1050759,1050784,1050880,1050895,1050971,1051094,1051226,1051259,1051279,1051417,1051484,1051508,1051531,1051718,1051777
1063:1048748,1048849,1049621,1050094,1050105,1051603
1079:1048755,1050070,1050220
1095:1048760,1048780,1048799,1049624,1049710,1049922,1049956,1050008,1050292,1050505,1050860,1051396,1051749
1111:1048761,1048789,1048829,1048984,1049058,1049102,1049191,1049219,1049306,1049431,1049442,1049467,1049601,1049605,1049647,1049683,1049781,1049837,1049840,1049870,1049883,1049923,1049928,1049933,1049954,1049965,1049978,1049983,1049985,1050000,1050014,1050031,1050035,1050046,1050051,1050063,1050064,1050066,1050165,1050187,1050189,1050203,1050209,1050228,1050229,1050240,1050246,1050258,1050259,1050260,1050268,1050280,1050322,1050326,1050328,1050436,1050476,1050511,1050513,1050531,1050532,1050563,1050590,1050607,1050627,1050634,1050636,1050640,1050653,1050657,1050689,1050727,1050753,1050754,1050764,1050767,1050784,1050785,1050789,1050803,1050823,1050829,1050839,1050895,1050898,1050901,1050916,1050942,1050944,1050951,1050954,1051031,1051045,1051059,1051067,1051099,1051207,1051226,1051231,1051259,1051278,1051279,1051297,1051298,1051314,1051328,1051377,1051387,1051391,1051392,1051403,1051404,1051440,1051441,1051481,1051482,1051495,1051515,1051516,1051525,1051532,1051546,1051571,1051579,1051642,1051657,1051669,1051699,1051703,1051707,1051708,1051710,1051724,1051732,1051756,1051759
1127:1048771,1051652
1143:1048777,1049735,1049754,1049900,1050221,1050222,1050259,1050628,1050681,1051109,1051112,1051283,1051328,1051395
1159:1048779,1049231,1051325
1175:1048787,1048945,1049516
1191:1048796,1049809,1050044,1050170,1050481,1050734,1050839,1051147,1051312,1051414,1051562,1051584,1051640,1051671,1051738,1051740
1207:1048799,1049374,1049547,1049736,1050033,1050240,1050270,1050362,1050564,1050917,1050995,1051178,1051188,1051243,1051321,1051344,1051439,1051561,1051600,1051652,1051662,1051721,1051731
1223:1048809
1239:1048812
1255:1048816,1049466,1049672,1049674,1049754,1049790,1049998,1050029,1050233,1050383,1050444,1050548,1050804,1050892,1050916,1050930,1050981,1051110,1051249,1051309,1051432,1051504,1051586,1051614,1051623,1051667,1051751
1271:1048817,1048823,1049469,1049621,1049772,1049865,1049882,1049907,1049977,1050028,1050177,1050503,1050505,1050712,1050721,1050790,1050791,1050795,1050803,1050822,1050827,1050838,1050999,1051028,1051071,1051072,1051075,1051157,1051197,1051262,1051287,1051309,1051341,1051374,1051408,1051426,1051465,1051506,1051596,1051599,1051609,1051672,1051679,1051691,1051700,1051707,1051713,1051748,1051777
1287:1048818,1050037,1050123,1050316,1050481,1050721,1050806
1303:1048820,1048885,1048915,1048916,1048917,1048918,1048919,1048920,1048921,1048922,1048923,1048924,1048925,1048926,1048927,1048928,1048929,1048930
1319:1048823,1048996,1049070,1049099,1049292,1049299,1049466,1049591,1049744,1049978,1050005,1050092,1050183,1050193,1050220,1050282,1050293,1050302,1050320,1050449,1050451,1050457,1050550,1050577,1050579,1050610,1050738,1050742,1050764,1050804,1050805,1050828,1050894,1050969,1050984,1051061,1051071,1051122,1051129,1051147,1051361,1051384,1051407,1051538,1051560,1051608,1051622,1051651,1051691,1051735,1051736,1051747
1335:1048826
1351:1048828
1367:1048830
1383:1048835,1049118,1049740
1399:1048843,1051390,1051421,1051452,1051480,1051499,1051506,1051512,1051573,1051592,1051647,1051680,1051691,1051701,1051751
1415:1048850,1048854,1049232
1431:1048853
1447:1048857,1048911,1049371,1049429,1049588,1049736,1050266,1050531,1050721,1050751,1050763,1050838,1050919,1051004,1051068,1051157,1051174,1051244,1051255,1051286,1051312,1051340,1051391,1051438,1051593,1051616,1051633,1051693,1051775
1463:1048859,1049111,1049556,1049627,1049718,1049723,1049908,1049968,1050086,1050207,1050225,1050269,1050302,1050423,1050531,1050624,1050717,1050719,1050769,1050794,1050985,1051100,1051129,1051130,1051181,1051295,1051319,1051321,1051361,1051522,1051553,1051576,1051588,1051632
1479:1048860
1495:1048866,1049632,1051744
1511:1048873
1527:1048873,1050092,1050437,1050681,1050688,1050820,1051280,1051404,1051672,1051681
1543:1048878
1559:1048884,1049082,1050224,1050719
1575:1048894,1049260,1049912,1050052,1050066,1050117,1050575,1050727
1591:1048896,1049673,1049730,1049745,1049882,1049916,1050222,1050274,1050578,1050666,1050772,1050792,1051046,1051055,1051361,1051395,1051448,1051462,1051546,1051554,1051651,1051717,1051720,1051748
1607:1048896,1049070,1049273,1049294,1049467,1049536,1049577,1049581,1049608,1049610,1049710,1049729,1049740,1049785,1049789,1049798,1049801,1049837,1049856,1049870,1049915,1049933,1049965,1049974,1049984,1049991,1050099,1050105,1050109,1050115,1050127,1050201,1050224,1050232,1050240,1050278,1050284,1050310,1050358,1050361,1050403,1050419,1050431,1050437,1050514,1050564,1050608,1050639,1050653,1050655,1050658,1050681,1050705,1050713,1050728,1050730,1050735,1050743,1050768,1050776,1050822,1050826,1050848,1050849,1050889,1050901,1050919,1050933,1050950,1050952,1050964,1050971,1050999,1051013,1051058,1051067,1051171,1051193,1051203,1051226,1051274,1051282,1051298,1051302,1051307,1051328,1051329,1051346,1051360,1051386,1051391,1051395,1051401,1051404,1051416,1051418,1051426,1051432,1051448,1051451,1051458,1051464,1051472,1051473,1051480,1051491,1051495,1051497,1051498,1051503,1051515,1051531,1051545,1051562,1051576,1051593,1051606,1051611,1051614,1051625,1051642,1051656,1051661,1051672,1051685,1051703,1051751,1051767,1051768
1623:1048897,1050005,1050187,1050252,1050419,1050998
1639:1048902
1655:1048907,1049270,1049600,1050124,1050287,1050453,1051283,1051620,1051664,1051668
1671:1048913,1048933,1049354
1687:1048927
1703:1048942,1050380
1719:1048950,1049087,1049357,1050652,1050808
1735:1048958,1050201,1051592
1751:1048968,1049136,1050850,1051151,1051374,1051601,1051676,1051713
1767:1048971,1049823,1049847,1050772,1051057,1051755
1783:1048980,1049809,1051195,1051642,1051650,1051727,1051731
1799:1048984,1049546,1049627,1049735,1049937,1049941,1050203,1050246,1050300,1050725,1050822,1050948,1051058,1051069,1051203,1051437,1051443,1051529,1051532,1051571
1815:1048991,1049624
1831:1048992,1050286
1847:1049001,1049073,1049074,1049075,1049078,1049080,1049093,1049094
1863:1049007,1049104,1049111,1049746,1050284,1050377,1050792,1050970,1051666,1051711,1051765
1879:1049013,1051469,1051763
1895:1049015,1049772,1049921,1050240,1050575,1050722,1050829,1051118,1051316,1051413,1051434,1051511,1051521,1051591,1051614,1051700
1911:1049016
1927:1049025,1049874
1943:1049035,1049314
1959:1049037,1049250,1049900,1050487,1051721
1975:1049045,1049260,1049334,1049614,1050570,1050624,1050719,1050758,1050857,1050907,1051287
1991:1049054,1049468,1049556,1049577,1049637,1049658,1049729,1049809,1049923,1049937,1049969,1049983,1050018,1050147,1050165,1050169,1050292,1050419,1050429,1050509,1050595,1050705,1050829,1050901,1050919,1051024,1051179,1051226,1051369,1051404,1051413,1051473
2007:1049059,1049311,1049460,1049731
2023:1049064
2039:1049070
2055:1049078,1049195,1049215,1051464,1051705
2071:1049102
2087:1049106,1049245,1049987,1050512,1051029,1051396,1051651
2103:1049106
2119:1049108,1049979,1050824,1051720
2135:1049111
2151:1049114,1049125
2167:1049133,1049371,1049577,1049658,1049718,1049798,1049823,1049881,1049954,1049956,1050029,1050147,1050184,1050201,1050226,1050240,1050274,1050380,1050483,1050595,1050735,1050808,1050880,1050889,1050919,1050958,1051072,1051075,1051197,1051258,1051305,1051325,1051342,1051494,1051503,1051506,1051560,1051564,1051729
2183:1049145
2199:1049153,1049687,1050165,1051631
2215:1049160,1050120,1050124,1050176,1050635,1050941
2231:1049165,1049283
2247:1049172,1049883,1050139,1050419,1050508,1050822,1050894,1051442
2263:1049179,1049493
2279:1049191,1049710,1050773,1051168
2295:1049191,1050339,1050769
2311:1049192,1049464,1049578,1049735,1049902,1050031,1050045,1050240,1050402,1050404,1050563,1050564,1050577,1050723,1050839,1050852,1050915,1050953,1050971,1051028,1051058,1051067,1051092,1051328,1051398,1051463,1051519,1051609,1051688,1051739,1051756,1051757,1051773
2327:1049194,1049691,1049720,1049882,1049940,1050197,1050343,1050399,1050431,1050452,1050513,1050669,1050786,1050792,1051499,1051565,1051750
2343:1049200,1049948,1050220,1051224,1051627
2359:1049207,1050870,1051380
2375:1049213
2391:1049223,1050732,1050956
2407:1049233,1050670,1051614,1051687
2423:1049240,1050222
2439:1049245,1049247,1049710,1049842,1050266,1050322,1050635,1050877,1050919,1051027,1051110,1051117,1051255,1051519,1051656,1051660,1051671,1051729
2455:1049245,1050316,1051599
2471:1049245,1049718,1050044,1050252,1051286,1051515,1051624,1051695
2487:1049250,1050270
2503:1049250,1049589,1049603,1049720,1049839,1049870,1050125,1050177,1050285,1050385,1050610,1050783,1050892,1051302,1051506,1051679,1051739
2519:1049252,1049589,1049718,1049774,1049786,1050081,1050166,1050195,1050302,1050401,1050419,1050429,1050504,1050791,1050828,1050963,1051055,1051421,1051475,1051707,1051773
2535:1049261
2551:1049266,1049270,1049423,1049538,1049576,1049646,1049940,1049987,1050101,1050268,1050357,1050382,1050481,1050483,1050549,1050715,1050883,1051074,1051075,1051092,1051142,1051154,1051220,1051244,1051390,1051449,1051462,1051477,1051503,1051587,1051623,1051642
2567:1049270,1049796
2583:1049271,1049273,1049547,1049900,1050081,1050109,1050119,1050256,1050257,1050274,1050404,1050419,1050464,1051014,1051076,1051111,1051523,1051749,1051779
2599:1049273,1050629,1051156
2615:1049279,1049342,1049462
2631:1049292,1049674,1049983,1050078,1050195,1050499,1050838,1051361,1051491,1051545,1051590
2647:1049299,1050327
2663:1049299,1049899,1050431,1050702,1051181,1051280,1051414
2679:1049302,1049397,1049621,1049737,1049741,1050010,1050030,1050292,1050511,1050627,1050634,1050635,1050687,1050764,1050802,1050805,1050838,1050840,1050928,1050934,1051206,1051276,1051426,1051446,1051676,1051728
2695:1049305,1050454,1050958,1051073,1051171,1051309,1051477,1051530,1051687,1051710
2711:1049314,1049320,1049321,1049871
2727:1049324
2743:1049334,1049609,1049769,1049836,1049924,1049987,1050044,1050061,1050066,1050123,1050285,1050323,1050449,1050467,1050476,1050522,1050535,1050550,1050716,1050762,1050804,1050820,1050827,1050828,1050877,1050944,1050995,1051062,1051194,1051296,1051355,1051369,1051425,1051452,1051532,1051560,1051593,1051640,1051644,1051662,1051666,1051677,1051692,1051699,1051703,1051708,1051711
2759:1049341,1049760,1049950,1050011,1051778
2775:1049355
2791:1049365
2807:1049371
2823:1049377,1049378,1049501,1049700
2839:1049391
2855:1049400
2871:1049404
2887:1049412
2903:1049424,1049577,1049728,1050007,1050101,1050166,1050841,1050864,1050916,1051167,1051346,1051362,1051676
2919:1049429,1050437,1050523,1051045,1051267,1051339,1051482,1051498,1051555,1051585,1051610,1051616
2935:1049433,1049558
2951:1049442,1051569
2967:1049465
2983:1049469,1049908,1050301,1050419,1050490,1051292,1051589,1051612,1051621,1051673,1051751
2999:1049502,1049538,1049769,1050261,1050678,1050679
3015:1049517,1049519,1049610,1049908,1049920,1049969,1050191,1050212,1050302,1050325,1050851,1050948,1051669
3031:1049524,1049674,1049694,1049954,1049990,1050117,1051185,1051231,1051240,1051282,1051566,1051584,1051628,1051658,1051686,1051728
3047:1049528,1049658,1049687,1049745,1049810,1049847,1049899,1049975,1050030,1050032,1050062,1050066,1050077,1050140,1050166,1050188,1050189,1050191,1050227,1050272,1050275,1050301,1050314,1050431,1050501,1050577,1050610,1050625,1050808,1050827,1050874,1050916,1050971,1051061,1051076,1051112,1051157,1051198,1051206,1051209,1051314,1051321,1051361,1051394,1051491,1051492,1051498,1051522,1051580,1051690,1051695,1051729,1051737,1051750
3063:1049539
3079:1049543,1049641,1050072,1051451,1051770,1051778
3095:1049547,1049984,1049987,1050146,1050178,1050385,1050404,1050498,1050553,1050578,1050896,1050945,1051204,1051291,1051361,1051702
3111:1049548,1049853,1049976,1050341
3127:1049556,1049987,1050879,1050888,1051435,1051767,1051771
3143:1049565
3159:1049573
3175:1049577,1049683,1049908
3191:1049578,1050977,1051296,1051710,1051769
3207:1049582
3223:1049587
3239:1049591,1049758,1050110,1050500,1050717,1051325,1051722
3255:1049598,1049665,1049704,1049705,1049797,1049891,1049930,1050024,1050306,1050394,1050471,1050694,1050704,1050979
3271:1049607,1049838,1049923
3287:1049609,1051449
3303:1049617,1049892
3319:1049622
3335:1049626
3351:1049635,1049858
3367:1049643
3383:1049655,1049656,1049657
3399:1049664
3415:1049674,1050315
3431:1049674,1049890,1050047,1050346,1051705
3447:1049683,1050300
3463:1049687
3479:1049688
3495:1049692,1049847,1050636,1050705,1050998,1051573,1051704
3511:1049709,1050621
3527:1049718,1049890
3543:1049720,1050072,1050521,1051531
3559:1049725,1050073,1051591
3575:1049730
3591:1049735,1050103
3607:1049737,1049738,1049740,1050061,1050255
3623:1049741,1049832,1049906,1050460,1050514,1050549,1050634,1051285,1051297,1051391,1051414,1051464,1051543,1051550,1051553,1051584,1051617,1051640,1051671,1051683,1051684,1051738,1051763
3639:1049744,1050805,1051403,1051486,1051632
3655:1049746,1049830,1049868,1050195,1050220,1050421,1050504,1050753,1050886,1051025,1051154,1051242,1051382,1051511,1051525,1051556,1051599,1051624,1051635
3671:1049753,1049972,1050077,1050440,1050827,1050874,1051157,1051242,1051390,1051735,1051770
3687:1049755,1050409,1050995,1051440,1051444,1051518,1051606
3703:1049757,1051060,1051309,1051486,1051552,1051560,1051757
3719:1049764
3735:1049770
3751:1049773
3767:1049781,1049806,1051180,1051413
3783:1049790,1050073,1050356,1050362,1051440,1051471,1051531,1051612
3799:1049801
3815:1049809,1050057,1050240,1050268,1050428,1051421,1051426,1051430,1051432,1051573,1051649
3831:1049811
3847:1049817,1049951,1050025,1050174,1050242,1050338,1050468,1050866,1050960
3863:1049828,1049941,1050078,1050093
3879:1049833,1049975
3895:1049839,1049915,1050109,1050705
3911:1049844
3927:1049850,1049906,1050705,1050750
3943:1049860,1049861,1050414
3959:1049865,1050453,1051109
3975:1049879,1050047,1050093,1050125,1050228,1050553,1051255
3991:1049883
4007:1049890
4023:1049894
4039:1049902,1050177,1051513
4055:1049915,1050575
4071:1049922
4087:1049925
4103:1049930,1050471,1050473,1050568
4119:1049939,1050739,1051130
4135:1049941
4151:1049954
4167:1049957,1049967
4183:1049960
4199:1049964
4215:1049970
4231:1049973
4247:1049980,1049981
4263:1049984
4279:1049987
4295:1049990,1050062
4311:1049997
4327:1050000
4343:1050004,1051241,1051362
4359:1050008
4375:1050014
4391:1050019
4407:1050029,1050702
4423:1050038
4439:1050043,1051693
4455:1050046
4471:1050051,1050165,1050270,1050421,1050481,1050864,1051326
4487:1050061
4503:1050069
4519:1050079,1050500,1050752,1050764,1050864,1051080,1051343,1051432,1051555,1051583
4535:1050082,1050287
4551:1050091,1050165,1050716,1050998,1051198,1051376,1051394,1051421,1051553,1051608,1051688,1051751
4567:1050093
4583:1050100,1050243,1050244,1050412,1050415,1050416,1050492,1050494,1050496,1050791,1051045
4599:1050104,1050224,1050549,1050958,1051754
4615:1050111,1050752,1051292,1051586
4631:1050119,1050534,1050686,1050942,1050947,1051255,1051544
4647:1050126
4663:1050131
4679:1050140
4695:1050147,1050595,1050772,1050793,1051477
4711:1050164
4727:1050165,1050577
4743:1050169,1050671,1050773,1051442
4759:1050178
4775:1050183
4791:1050191
4807:1050198,1051385,1051725,1051756
4823:1050205,1050296,1051588
4839:1050211
4855:1050217
4871:1050225,1050409
4887:1050229,1050772,1051779
4903:1050239,1050928
4919:1050246
4935:1050251
4951:1050256,1050274
4967:1050261,1050481
4983:1050268
4999:1050272
5015:1050275,1050551,1051130,1051280
5031:1050280,1051523
5047:1050284,1050779,1051377
5063:1050286
5079:1050293
5095:1050301
5111:1050304,1050438,1050798,1051084,1051085
5127:1050310,1050595
5143:1050316
5159:1050322,1050608,1051144,1051270,1051422,1051621,1051682
5175:1050339,1051427
5191:1050342
5207:1050344,1051111,1051460
5223:1050353,1050516
5239:1050367
5255:1050380,1050566
5271:1050387
5287:1050399,1051643
5303:1050403,1050689,1050759,1050953,1051291,1051340,1051592,1051709
5319:1050415
5335:1050420
5351:1050429,1051520
5367:1050437
5383:1050444,1051488
5399:1050452,1050803,1050855,1050951,1051442
5415:1050462
5431:1050465
5447:1050481
5463:1050487
5479:1050495
5495:1050504
5511:1050512
5527:1050523
5543:1050535
5559:1050544,1050572,1050791
5575:1050551,1050778,1051435,1051566,1051650
5591:1050559
5607:1050571,1050811,1051206
5623:1050577
5639:1050586,1050587,1050588
5655:1050594
5671:1050602
5687:1050610
5703:1050623
5719:1050630,1050633,1050967
5735:1050636
5751:1050642
5767:1050655
5783:1050667
5799:1050671,1050912,1051359
5815:1050680,1050820,1050919
5831:1050687
5847:1050703,1051670
5863:1050713
5879:1050720
5895:1050724
5911:1050728
5927:1050739,1051039
5943:1050748,1050749
5959:1050755
5975:1050762
5991:1050771
6007:1050776
6023:1050780,1050782
6039:1050790,1051545
6055:1050799
6071:1050808
6087:1050808,1051133,1051197,1051201,1051613
6103:1050808,1051386,1051720
6119:1050812,1050813
6135:1050820,1051030,1051276,1051412,1051413,1051491,1051511,1051538,1051617,1051737,1051751
6151:1050830,1050958,1051055,1051078,1051079,1051155
6167:1050844
6183:1050853
6199:1050864,1051547,1051605
6215:1050875
6231:1050877
6247:1050880
6263:1050884
6279:1050894
6295:1050903
6311:1050914
6327:1050919
6343:1050929,1050930,1050952
6359:1050939,1050941,1051100
6375:1050949
6391:1050958
6407:1050973
6423:1050976
6439:1050984
6455:1050996
6471:1051002
6487:1051009
6503:1051016,1051048,1051139,1051212,1051213
6519:1051025
6535:1051032
6551:1051041
6567:1051046
6583:1051058
6599:1051059
6615:1051065,1051751
6631:1051072
6647:1051079
6663:1051092
6679:1051102
6695:1051111
6711:1051117
6727:1051129
6743:1051141
6759:1051150
6775:1051162,1051257
6791:1051168
6807:1051176
6823:1051186
6839:1051195
6855:1051198
6871:1051206,1051321,1051522
6887:1051215
6903:1051226
6919:1051240
6935:1051252
6951:1051257
6967:1051272
6983:1051277,1051308,1051669
6999:1051285
7015:1051290
7031:1051296
7047:1051298
7063:1051305
7079:1051315
7095:1051322
7111:1051332
7127:1051346
7143:1051355
7159:1051363
7175:1051375
7191:1051386
7207:1051391,1051553
7223:1051398,1051526,1051597
7239:1051404
7255:1051415
7271:1051424
7287:1051435
7303:1051448,1051474
7319:1051457,1051645
7335:1051466
7351:1051470,1051497,1051500,1051504,1051513,1051524,1051541,1051542,1051562,1051572
7367:1051477
7383:1051488
7399:1051494
7415:1051498,1051627
7431:1051502
7447:1051512
7463:1051519
7479:1051530
7495:1051543
7511:1051554
7527:1051565
7543:1051572
7559:1051580
7575:1051587
7591:1051593
7607:1051596
7623:1051602
7639:1051609
7655:1051617
7671:1051627
7687:1051637
7703:1051646
7719:1051653
7735:1051661
7751:1051665
7767:1051672
7783:1051681
7799:1051690
7815:1051698
7831:1051704
7847:1051711
7863:1051719,1051758
7879:1051731
7895:1051736
7911:1051741
7927:1051755,1051758
7943:1051758
7959:1051766
7975:1051774
