4:1048576,1048629,1048657,1048668,1048674,1048698,1048719,1048771,1048780,1048783,1048799,1048824,1048829,1048840,1048867,1048875,1048878,1048896,1048982,1048984,1049010,1049038,1049039,1049159,1049191,1049203,1049206,1049212,1049219,1049226,1049228,1049229,1049230,1049233,1049254,1049256,1049264,1049266,1049299,1049306,1049336,1049337,1049338,1049370,1049375,1049404,1049405,1049464,1049467,1049495,1049524,1049557,1049562,1049565,1049587,1049600,1049607,1049608,1049610,1049618,1049658,1049659,1049661,1049673,1049677,1049709,1049710,1049712,1049713,1049714,1049715,1049717,1049720,1049724,1049735,1049737,1049738,1049741,1049742,1049743,1049753,1049754,1049755,1049758,1049759,1049763,1049791,1049798,1049809,1049812,1049819,1049828,1049829,1049830,1049832,1049837,1049840,1049847,1049857,1049863,1049880,1049881,1049882,1049883,1049884,1049890,1049898,1049899,1049911,1049923,1049925,1049933,1049934,1049941,1049954,1049955,1049964,1049965,1049970,1049972,1049990,1049996,1050000,1050028,1050029,1050030,1050031,1050032,1050033,1050034,1050038,1050041,1050042,1050044,1050045,1050046,1050058,1050059,1050060,1050061,1050062,1050066,1050071,1050094,1050102,1050105,1050106,1050116,1050117,1050118,1050124,1050128,1050139,1050140,1050145,1050163,1050164,1050166,1050177,1050178,1050187,1050189,1050197,1050198,1050200,1050207,1050216,1050222,1050240,1050251,1050253,1050255,1050256,1050257,1050260,1050268,1050274,1050275,1050278,1050281,1050285,1050292,1050314,1050322,1050342,1050343,1050344,1050356,1050362,1050363,1050399,1050410,1050427,1050431,1050435,1050436,1050440,1050444,1050460,1050475,1050477,1050486,1050498,1050512,1050533,1050534,1050563,1050564,1050577,1050578,1050611,1050625,1050626,1050634,1050635,1050636,1050653,1050656,1050657,1050659,1050666,1050667,1050672,1050681,1050685,1050687,1050701,1050702,1050713,1050723,1050727,1050729,1050730,1050737,1050744,1050753,1050759,1050767,1050773,1050777,1050805,1050821,1050827,1050829,1050839,1050840,1050876,1050880,1050885,1050889,1050891,1050892,1050895,1050916,1050947,1050964,1050971,1050981,1050998,1051008,1051014,1051045,1051055,1051066,1051089,1051094,1051102,1051109,1051116,1051117,1051120,1051121,1051131,1051133,1051136,1051168,1051178,1051195,1051204,1051219,1051220,1051223,1051225,1051226,1051227,1051236,1051259,1051273,1051274,1051278,1051279,1051280,1051285,1051290,1051292,1051305,1051308,1051314,1051339,1051342,1051360,1051361,1051362,1051369,1051370,1051387,1051389,1051396,1051417,1051425,1051448,1051449,1051461,1051462,1051470,1051473,1051481,1051490,1051496,1051497,1051504,1051506,1051512,1051513,1051514,1051515,1051516,1051518,1051522,1051529,1051531,1051532,1051533,1051534,1051542,1051543,1051546,1051573,1051580,1051600,1051602,1051605,1051618,1051629,1051635,1051652,1051655,1051662,1051669,1051676,1051677,1051680,1051702,1051715,1051720,1051723,1051725,1051746,1051759,1051760,1051763,1051769,1051773,1051776
20:1048577,1048633,1048638,1048646,1048653,1048672,1048679,1048699,1048710,1048719,1048723,1048732,1048741,1048746,1048750,1048764,1048773,1048817,1048826,1048898,1048990,1049014,1049037,1049039,1049066,1049106,1049108,1049180,1049181,1049201,1049253,1049301,1049399,1049404,1049468,1049469,1049506,1049548,1049549,1049577,1049601,1049605,1049648,1049680,1049681,1049683,1049710,1049719,1049723,1049729,1049758,1049771,1049836,1049867,1049900,1049941,1049958,1049969,1049984,1049999,1050003,1050007,1050048,1050051,1050100,1050118,1050129,1050141,1050146,1050165,1050168,1050190,1050209,1050219,1050239,1050261,1050270,1050293,1050300,1050340,1050358,1050418,1050421,1050446,1050503,1050504,1050511,1050594,1050629,1050700,1050717,1050719,1050842,1050862,1050879,1050896,1050945,1050977,1051100,1051144,1051180,1051204,1051218,1051224,1051296,1051319,1051329,1051376,1051394,1051404,1051424,1051488,1051569,1051588,1051596,1051622,1051632,1051735,1051740
36:1048579,1048582,1048585,1048588,1048594,1048744,1048804,1048878,1049250,1049465,1050186,1050751,1050880,1050965,1051143,1051369,1051579,1051603
52:1048583,1048670,1048891,1048980,1049647,1049730,1049741,1049834,1049840,1049925,1049974,1050200,1050256,1050280,1050635,1050656,1050658,1050759,1050764,1050767,1050901,1051051,1051100,1051178,1051195,1051241,1051284,1051301,1051485,1051502,1051516,1051555,1051588,1051593,1051632,1051645,1051699,1051718
68:1048586,1048589,1048595,1048668,1048802,1049219,1049755
84:1048588,1048589,1048590,1048591,1048592,1048644,1048645,1048646,1048647,1048732,1048733,1048734,1048735,1048736,1048737,1048738,1048739,1048740,1048869,1048870,1048871,1048872,1048873,1048874,1048875,1048876,1048877,1048878,1049067,1049068,1049069,1049070,1049071,1049072,1049073,1049074,1049075,1049076,1049077,1049078,1049079,1049080,1049081,1049082,1049083,1049084,1049085,1049086,1049087,1049088,1049089,1049090,1049091,1049092,1049093,1049094,1049095,1049096,1049097,1049098,1049099,1049100,1049101,1049102,1049330,1049331,1049332,1049333,1049334,1049335,1049336,1049337,1049338,1049339,1049340,1049341,1049342,1049343,1049344,1049345,1049346,1049347,1049348,1049349,1049350,1049351,1049352,1049353,1049354,1049355,1049356,1049357,1049358,1049359,1049360,1049361,1049362,1049363,1049364,1049365,1049366,1049367,1049368,1049369,1049370,1049371,1049372,1049586,1049587,1049588,1049589,1049590,1049591,1049592,1049593,1049594,1049595,1049596,1049597,1049598,1049599,1049600,1049601,1049602,1049603,1049604,1049696,1049781,1049782,1049783,1049784,1049785,1049786,1049787,1049788,1049789,1049790,1049791,1049792,1049793,1049794,1049795,1049796,1049797,1049798,1049961,1049962,1049963,1049964,1049965,1049966,1049967,1049968,1049969,1049970,1049971,1049972,1050121,1050122,1050123,1050124,1050125,1050126,1050127,1050128,1050129,1050276,1050277,1050278,1050279,1050280,1050281,1050282,1050283,1050284,1050285,1050286,1050287,1050288,1050339,1050430,1050431,1050432,1050433,1050434,1050435,1050436,1050437,1050580,1050581,1050582,1050583,1050584,1050585,1050586,1050587,1050588,1050589,1050590,1050591,1050592,1050593,1050594,1050595,1050739,1050740,1050741,1050742,1050743,1050744,1050745,1050865,1050866,1050867,1050868,1050869,1050870,1050871,1050872,1050873,1050874,1050875,1050876,1051030,1051031,1051032,1051033,1051034,1051035,1051036,1051037,1051038,1051039,1051040,1051041,1051042,1051043,1051044,1051045,1051046,1051183,1051184,1051185,1051186,1051187,1051188,1051189,1051190,1051191,1051192,1051193,1051194,1051195,1051196,1051197,1051198,1051299,1051300,1051301,1051302,1051303,1051304,1051305,1051306,1051307,1051308,1051309,1051414,1051415,1051416,1051417,1051418,1051508,1051509,1051510,1051511,1051512,1051513,1051514,1051515,1051516,1051647,1051648,1051649,1051650,1051651,1051652,1051730,1051731,1051732,1051733,1051734,1051774,1051775,1051776,1051777,1051778,1051779
100:1048593,1048629,1048650,1048668,1048670,1048695,1048719,1048777,1048799,1048895,1048942,1049010,1049108,1049303,1049585,1049604,1049608,1049622,1049672,1049709,1049730,1049756,1049806,1049809,1049840,1049909,1049975,1049983,1049984,1049998,1050025,1050029,1050031,1050063,1050098,1050111,1050139,1050146,1050163,1050168,1050178,1050194,1050208,1050219,1050227,1050232,1050249,1050258,1050266,1050300,1050301,1050313,1050317,1050385,1050409,1050419,1050421,1050446,1050460,1050467,1050477,1050482,1050511,1050514,1050523,1050531,1050547,1050548,1050572,1050576,1050577,1050578,1050593,1050635,1050651,1050668,1050721,1050723,1050740,1050753,1050754,1050759,1050769,1050838,1050839,1050864,1050928,1050932,1050943,1050962,1050971,1050977,1051013,1051024,1051029,1051058,1051065,1051073,1051089,1051117,1051119,1051130,1051144,1051146,1051151,1051155,1051178,1051193,1051242,1051244,1051263,1051267,1051292,1051294,1051298,1051321,1051324,1051328,1051343,1051376,1051380,1051395,1051410,1051425,1051434,1051459,1051465,1051466,1051472,1051477,1051478,1051479,1051489,1051498,1051511,1051515,1051520,1051522,1051531,1051575,1051620,1051627,1051630,1051645,1051647,1051654,1051668,1051669,1051680,1051687,1051689,1051694,1051696,1051713,1051722,1051732,1051739,1051745
116:1048595,1048653,1048670,1048686,1048868,1048873,1049015,1049072,1049502,1049517,1049578,1049583,1049603,1049626,1049685,1049691,1049718,1049722,1049744,1049755,1049769,1049791,1049808,1049882,1049934,1049957,1049958,1049965,1049998,1050000,1050008,1050013,1050016,1050028,1050043,1050110,1050129,1050138,1050200,1050206,1050212,1050246,1050248,1050253,1050278,1050282,1050296,1050384,1050386,1050409,1050461,1050486,1050500,1050505,1050522,1050523,1050531,1050575,1050594,1050621,1050637,1050640,1050712,1050749,1050760,1050761,1050778,1050785,1050792,1050826,1050827,1050838,1050843,1050971,1050984,1050998,1051012,1051028,1051045,1051069,1051074,1051098,1051112,1051121,1051130,1051197,1051243,1051257,1051280,1051301,1051328,1051385,1051386,1051394,1051401,1051411,1051419,1051441,1051475,1051478,1051506,1051528,1051545,1051547,1051560,1051563,1051572,1051588,1051589,1051595,1051605,1051629,1051634,1051643,1051669,1051680,1051690,1051695,1051713,1051728,1051740,1051750
132:1048597,1048975,1049010,1049016,1049053,1049190,1049254,1049397,1049426,1049467,1049547,1049577,1049584,1049585,1049608,1049625,1049628,1049663,1049735,1049739,1049788,1049809,1049827,1049828,1049832,1049926,1049934,1049941,1049961,1049967,1049970,1049972,1049978,1050032,1050058,1050063,1050082,1050090,1050098,1050105,1050109,1050111,1050117,1050124,1050144,1050145,1050147,1050185,1050200,1050216,1050221,1050222,1050224,1050232,1050246,1050254,1050257,1050281,1050285,1050301,1050314,1050319,1050323,1050324,1050327,1050343,1050346,1050349,1050360,1050363,1050384,1050402,1050427,1050428,1050429,1050435,1050444,1050446,1050460,1050480,1050511,1050521,1050522,1050534,1050535,1050548,1050553,1050564,1050572,1050577,1050579,1050591,1050592,1050609,1050611,1050628,1050629,1050639,1050658,1050688,1050703,1050714,1050726,1050727,1050730,1050737,1050739,1050744,1050753,1050754,1050761,1050768,1050775,1050784,1050786,1050792,1050794,1050821,1050822,1050829,1050839,1050852,1050864,1050874,1050889,1050916,1050920,1050929,1050930,1050932,1050933,1050943,1050947,1050950,1050952,1050953,1050955,1050973,1050974,1050976,1050982,1051008,1051013,1051014,1051026,1051029,1051044,1051072,1051073,1051075,1051097,1051102,1051109,1051111,1051113,1051116,1051117,1051118,1051120,1051121,1051136,1051142,1051147,1051155,1051160,1051167,1051168,1051172,1051179,1051181,1051199,1051200,1051203,1051204,1051206,1051226,1051245,1051249,1051290,1051291,1051294,1051314,1051323,1051340,1051361,1051390,1051392,1051395,1051410,1051424,1051426,1051442,1051448,1051455,1051459,1051488,1051491,1051497,1051506,1051514,1051515,1051516,1051517,1051519,1051521,1051522,1051524,1051525,1051530,1051532,1051543,1051546,1051579,1051580,1051586,1051598,1051600,1051605,1051606,1051607,1051609,1051610,1051611,1051623,1051629,1051644,1051646,1051651,1051655,1051662,1051678,1051687,1051689,1051692,1051695,1051702,1051703,1051706,1051713,1051720,1051722,1051733,1051739,1051746,1051755
148:1048600,1048602,1048614,1048615,1048627,1048633,1048641,1048661,1048662,1048663,1048670,1048671,1048681,1048698,1048750,1048780,1048826,1048833,1048839,1048853,1048862,1048873,1048874,1048894,1048896,1048897,1048907,1048910,1048953,1048972,1048992,1049015,1049016,1049037,1049039,1049041,1049042,1049074,1049080,1049097,1049106,1049108,1049153,1049155,1049170,1049173,1049186,1049191,1049212,1049230,1049253,1049292,1049301,1049304,1049322,1049338,1049371,1049403,1049431,1049433,1049440,1049466,1049515,1049516,1049517,1049524,1049555,1049556,1049561,1049576,1049578,1049584,1049585,1049605,1049607,1049608,1049611,1049622,1049626,1049628,1049637,1049642,1049646,1049648,1049658,1049660,1049662,1049683,1049688,1049689,1049697,1049708,1049710,1049718,1049722,1049728,1049729,1049730,1049735,1049736,1049737,1049739,1049741,1049745,1049746,1049758,1049761,1049771,1049776,1049793,1049798,1049799,1049805,1049809,1049811,1049833,1049854,1049868,1049882,1049883,1049889,1049898,1049899,1049901,1049909,1049912,1049916,1049922,1049925,1049933,1049934,1049938,1049940,1049941,1049943,1049963,1049967,1049971,1049975,1049983,1049985,1049986,1049987,1049988,1049990,1049991,1049995,1049998,1050000,1050004,1050008,1050018,1050019,1050030,1050035,1050040,1050042,1050043,1050044,1050045,1050049,1050051,1050052,1050062,1050066,1050068,1050082,1050092,1050093,1050094,1050096,1050098,1050099,1050102,1050103,1050105,1050111,1050112,1050113,1050114,1050116,1050118,1050119,1050126,1050129,1050133,1050134,1050138,1050139,1050142,1050147,1050153,1050161,1050169,1050190,1050194,1050197,1050198,1050206,1050209,1050212,1050215,1050221,1050224,1050226,1050237,1050238,1050240,1050249,1050255,1050260,1050266,1050268,1050282,1050285,1050288,1050292,1050295,1050299,1050301,1050302,1050316,1050317,1050319,1050323,1050325,1050326,1050342,1050343,1050348,1050349,1050352,1050363,1050369,1050387,1050388,1050391,1050395,1050399,1050402,1050404,1050415,1050416,1050417,1050419,1050420,1050425,1050426,1050429,1050431,1050439,1050442,1050449,1050451,1050452,1050454,1050459,1050460,1050461,1050486,1050500,1050502,1050503,1050505,1050508,1050511,1050512,1050514,1050520,1050526,1050532,1050534,1050537,1050541,1050543,1050550,1050551,1050553,1050566,1050572,1050574,1050578,1050579,1050590,1050591,1050595,1050605,1050607,1050611,1050621,1050628,1050635,1050636,1050637,1050639,1050658,1050669,1050674,1050678,1050685,1050689,1050690,1050697,1050698,1050702,1050703,1050705,1050710,1050716,1050726,1050727,1050735,1050739,1050740,1050741,1050752,1050756,1050763,1050764,1050773,1050776,1050788,1050791,1050792,1050794,1050802,1050804,1050805,1050808,1050824,1050827,1050828,1050829,1050836,1050838,1050848,1050849,1050861,1050862,1050867,1050876,1050877,1050886,1050889,1050898,1050903,1050909,1050910,1050914,1050916,1050924,1050947,1050948,1050958,1050964,1050971,1050973,1050975,1050981,1050985,1050988,1050996,1050998,1051001,1051010,1051012,1051018,1051028,1051030,1051037,1051059,1051061,1051069,1051070,1051072,1051074,1051075,1051076,1051093,1051110,1051120,1051121,1051122,1051129,1051136,1051140,1051142,1051143,1051144,1051155,1051161,1051167,1051199,1051202,1051204,1051205,1051207,1051209,1051211,1051219,1051224,1051226,1051227,1051229,1051243,1051245,1051249,1051257,1051261,1051262,1051264,1051272,1051273,1051276,1051278,1051280,1051282,1051283,1051287,1051289,1051293,1051296,1051297,1051309,1051319,1051326,1051327,1051328,1051338,1051339,1051342,1051347,1051352,1051355,1051362,1051370,1051377,1051382,1051384,1051385,1051386,1051387,1051394,1051397,1051404,1051409,1051412,1051415,1051420,1051422,1051431,1051443,1051446,1051459,1051461,1051472,1051473,1051475,1051477,1051487,1051488,1051493,1051494,1051497,1051498,1051499,1051500,1051502,1051504,1051505,1051511,1051515,1051524,1051528,1051560,1051561,1051565,1051574,1051577,1051581,1051590,1051597,1051600,1051603,1051611,1051620,1051621,1051642,1051643,1051652,1051655,1051656,1051662,1051663,1051671,1051673,1051674,1051678,1051682,1051685,1051688,1051689,1051690,1051700,1051704,1051711,1051713,1051714,1051723,1051738,1051754,1051766,1051768,1051775,1051778
164:1048603,1048604,1048661,1048662,1048663,1048664,1048665,1048666,1048721,1048772,1048773,1048774,1048775,1048776,1048777,1048778,1048779,1048780,1048781,1048782,1048783,1048784,1048785,1048909,1048910,1048911,1048912,1048913,1048914,1048915,1048916,1048917,1048918,1048919,1048920,1048921,1048922,1048923,1048924,1048925,1048926,1048927,1048928,1048929,1048930,1048931,1048932,1048933,1048934,1048935,1048936,1048937,1048938,1048939,1048940,1048941,1048942,1049180,1049181,1049182,1049183,1049184,1049185,1049186,1049187,1049188,1049189,1049190,1049191,1049442,1049443,1049444,1049445,1049446,1049447,1049448,1049449,1049450,1049451,1049452,1049453,1049454,1049455,1049456,1049457,1049458,1049459,1049460,1049461,1049462,1049463,1049464,1049465,1049662,1049663,1049664,1049665,1049666,1049667,1049668,1049669,1049670,1049671,1049672,1049673,1049674,1049675,1049676,1049677,1049678,1049679,1049680,1049681,1049682,1049846,1049847,1049848,1049849,1049850,1049851,1049852,1049853,1049854,1049855,1049856,1049857,1049858,1049859,1049860,1049861,1049862,1049863,1049864,1049865,1050013,1050014,1050015,1050016,1050017,1050018,1050019,1050020,1050021,1050022,1050023,1050024,1050025,1050026,1050027,1050028,1050029,1050181,1050182,1050183,1050184,1050185,1050186,1050187,1050188,1050189,1050331,1050332,1050333,1050334,1050335,1050336,1050337,1050338,1050339,1050340,1050341,1050342,1050343,1050344,1050484,1050485,1050486,1050487,1050488,1050489,1050490,1050491,1050641,1050642,1050643,1050644,1050645,1050646,1050647,1050648,1050649,1050650,1050651,1050652,1050653,1050654,1050655,1050656,1050657,1050658,1050774,1050775,1050776,1050777,1050778,1050779,1050935,1050936,1050937,1050938,1050939,1050940,1050941,1050942,1050943,1050944,1050945,1050946,1050947,1051095,1051096,1051097,1051098,1051099,1051100,1051101,1051102,1051168,1051228,1051229,1051230,1051231,1051232,1051233,1051234,1051235,1051236,1051237,1051238,1051239,1051240,1051241,1051242,1051243,1051244,1051342,1051343,1051344,1051345,1051346,1051347,1051348,1051349,1051350,1051351,1051446,1051447,1051448,1051449,1051450,1051547,1051548,1051549,1051550,1051551,1051552,1051553,1051554,1051555,1051556,1051682,1051683,1051684,1051685,1051686,1051687,1051688,1051689,1051690,1051710,1051711,1051712,1051713,1051714
180:1048607,1048685,1049015,1049072,1049160,1049268,1049413,1049424,1049486,1049519,1049607,1049690,1049720,1049730,1049769,1049811,1049845,1049846,1049899,1049947,1049965,1049973,1050008,1050077,1050099,1050274,1050275,1050290,1050296,1050314,1050361,1050389,1050390,1050510,1050511,1050536,1050567,1050589,1050593,1050668,1050671,1050684,1050688,1050732,1050790,1050792,1050826,1050863,1050868,1050882,1050956,1050964,1051026,1051058,1051099,1051122,1051156,1051173,1051206,1051248,1051286,1051297,1051321,1051328,1051403,1051407,1051414,1051454,1051458,1051460,1051464,1051491,1051497,1051522,1051541,1051543,1051544,1051549,1051553,1051562,1051566,1051608,1051615,1051616,1051628,1051632,1051633,1051636,1051659,1051662,1051670,1051684,1051708,1051710,1051718,1051722,1051738,1051747,1051751
196:1048611,1049240,1049629
212:1048614,1048635,1048664,1048706,1048724,1048859,1048910,1049111,1049133,1049190,1049468,1049502,1049607,1049624,1049641,1049722,1049746,1049755,1049770,1049787,1049849,1049853,1049928,1049945,1049960,1049981,1050008,1050028,1050032,1050048,1050057,1050079,1050087,1050161,1050201,1050211,1050226,1050241,1050248,1050267,1050284,1050304,1050309,1050319,1050341,1050361,1050372,1050382,1050411,1050438,1050455,1050480,1050485,1050548,1050552,1050589,1050593,1050606,1050627,1050648,1050684,1050685,1050688,1050704,1050710,1050781,1050792,1050798,1050801,1050826,1050860,1050915,1050937,1050970,1050980,1051006,1051046,1051050,1051063,1051082,1051084,1051085,1051134,1051142,1051164,1051167,1051179,1051185,1051240,1051244,1051245,1051250,1051270,1051272,1051276,1051320,1051329,1051341,1051342,1051369,1051375,1051379,1051381,1051382,1051399,1051408,1051465,1051478,1051479,1051491,1051529,1051549,1051561,1051568,1051569,1051573,1051583,1051590,1051609,1051612,1051628,1051649,1051661,1051674,1051681,1051687,1051689,1051695,1051700,1051713,1051737,1051774,1051775
228:1048615,1048623,1048643,1048661,1048989,1049269,1049270,1049538,1049583,1049610,1049683,1049739,1049890,1049957,1049984,1050007,1050117,1050188,1050255,1050270,1050316,1050340,1050380,1050385,1050467,1050475,1050476,1050531,1050549,1050721,1050728,1050729,1050756,1050794,1050879,1051030,1051045,1051056,1051203,1051222,1051384,1051612,1051623,1051677,1051713,1051776
244:1048615,1048621,1048678,1048818,1049253,1049371,1049589,1049605,1049627,1049692,1049729,1049730,1049740,1049789,1049840,1049900,1049978,1049983,1050002,1050008,1050029,1050040,1050072,1050091,1050213,1050216,1050218,1050288,1050294,1050315,1050344,1050386,1050420,1050454,1050459,1050461,1050490,1050508,1050544,1050572,1050579,1050608,1050715,1050752,1050762,1050782,1050821,1050872,1050877,1050892,1050949,1050996,1051030,1051068,1051083,1051091,1051227,1051244,1051314,1051326,1051373,1051391,1051395,1051401,1051403,1051414,1051421,1051431,1051434,1051464,1051486,1051488,1051504,1051512,1051513,1051560,1051581,1051592,1051605,1051608,1051620,1051665,1051666,1051683,1051686
260:1048615,1048698,1048827,1048840,1048955,1048971,1049010,1049039,1049049,1049108,1049160,1049169,1049270,1049271,1049273,1049295,1049303,1049371,1049400,1049425,1049426,1049435,1049440,1049534,1049538,1049547,1049559,1049587,1049610,1049628,1049637,1049645,1049658,1049661,1049687,1049729,1049735,1049739,1049754,1049770,1049788,1049798,1049822,1049836,1049839,1049856,1049866,1049880,1049883,1049902,1049934,1049971,1049975,1049985,1049991,1049996,1050007,1050031,1050045,1050057,1050060,1050062,1050063,1050078,1050081,1050092,1050098,1050109,1050162,1050164,1050178,1050188,1050204,1050224,1050226,1050239,1050240,1050270,1050272,1050273,1050280,1050299,1050314,1050316,1050322,1050343,1050380,1050399,1050400,1050431,1050443,1050498,1050501,1050514,1050537,1050551,1050626,1050629,1050655,1050680,1050687,1050688,1050727,1050751,1050770,1050776,1050889,1050932,1050933,1050945,1050950,1050971,1050998,1051014,1051061,1051074,1051117,1051121,1051156,1051197,1051221,1051225,1051258,1051273,1051294,1051339,1051361,1051369,1051425,1051520,1051542,1051556,1051568,1051598,1051618,1051624,1051647,1051648,1051669,1051767,1051775,1051776
276:1048615,1048907,1049465,1049601,1049673,1049769,1049899,1049928,1049960,1050006,1050032,1050047,1050100,1050124,1050228,1050229,1050233,1050261,1050271,1050356,1050360,1050381,1050421,1050702,1050722,1050723,1050773,1050807,1050976,1050981,1051008,1051284,1051290,1051490,1051678,1051766
292:1048619,1048630,1048652,1048668,1048673,1048719,1048799,1048980,1048983,1048985,1048986,1048987,1049131,1049135,1049205,1049206,1049228,1049557,1049608,1049641,1049710,1049735,1049737,1049738,1049741,1049742,1049754,1049763,1049791,1049812,1049834,1049847,1049880,1049899,1049933,1049960,1049963,1050039,1050040,1050042,1050071,1050177,1050196,1050222,1050246,1050259,1050302,1050356,1050399,1050563,1050569,1050628,1050634,1050638,1050666,1050687,1050810,1050839,1050881,1050914,1050947,1050996,1050998,1051028,1051092,1051109,1051200,1051220,1051232,1051259,1051292,1051361,1051387,1051472,1051478,1051590,1051655,1051759,1051762,1051777
308:1048621,1048904,1049299,1049495,1049605,1049827,1049973,1049984,1049987,1049990,1050044,1050045,1050051,1050060,1050082,1050094,1050121,1050203,1050363,1050381,1050443,1050730,1050771,1050785,1050877,1050890,1050898,1050902,1051198,1051219,1051280,1051309,1051482,1051513,1051526,1051725,1051770,1051779
324:1048621,1048623,1048719,1048742,1048778,1048827,1048981,1048997,1049020,1049154,1049345,1049346,1049481,1049482,1049516,1049518,1049663,1049745,1049770,1049811,1049836,1049987,1050063,1050161,1050178,1050225,1050240,1050249,1050257,1050269,1050299,1050327,1050358,1050428,1050431,1050476,1050491,1050503,1050531,1050551,1050552,1050577,1050591,1050613,1050620,1050683,1050712,1050715,1050750,1050763,1050848,1050864,1050895,1050896,1050918,1050953,1050954,1050985,1051041,1051045,1051073,1051093,1051100,1051144,1051185,1051244,1051263,1051265,1051295,1051301,1051370,1051376,1051409,1051428,1051457,1051486,1051499,1051522,1051553,1051566,1051576,1051608,1051629,1051645,1051648,1051652,1051656,1051682,1051688,1051696,1051775
340:1048623
356:1048623,1048665,1048680,1048712,1048719,1048736,1048766,1048904,1049008,1049256,1049270,1049294,1049369,1049371,1049426,1049519,1049626,1049687,1049745,1049754,1049757,1049810,1049867,1049889,1049906,1050031,1050062,1050100,1050145,1050167,1050204,1050216,1050240,1050266,1050268,1050275,1050300,1050325,1050418,1050430,1050445,1050454,1050610,1050626,1050629,1050639,1050670,1050737,1050752,1050777,1050786,1050807,1050808,1050849,1050998,1051025,1051061,1051156,1051195,1051206,1051272,1051280,1051285,1051302,1051360,1051370,1051462,1051503,1051527,1051573,1051601,1051652,1051706,1051750,1051751
372:1048623,1048653,1048667,1048780,1048826,1048856,1048859,1049015,1049072,1049371,1049467,1049556,1049584,1049601,1049673,1049710,1049735,1049736,1049741,1049809,1049882,1049898,1049971,1050016,1050028,1050057,1050092,1050101,1050118,1050128,1050169,1050198,1050206,1050221,1050222,1050240,1050273,1050282,1050283,1050285,1050327,1050343,1050419,1050431,1050460,1050521,1050536,1050553,1050575,1050578,1050591,1050608,1050635,1050669,1050688,1050741,1050745,1050750,1050751,1050753,1050761,1050770,1050777,1050778,1050783,1050790,1050792,1050804,1050826,1050840,1050843,1050850,1050864,1050896,1050919,1050930,1050954,1050995,1051088,1051101,1051227,1051282,1051286,1051291,1051298,1051324,1051328,1051375,1051384,1051408,1051415,1051425,1051435,1051439,1051451,1051457,1051464,1051478,1051493,1051545,1051556,1051571,1051574,1051576,1051617,1051703,1051709,1051713,1051723,1051732,1051769
388:1048623
404:1048626,1049740,1050777
420:1048628,1048640,1048721,1048823,1048897,1049191,1049465,1049661,1049780,1049959,1049972,1050051,1050330,1050346,1050738,1050756,1050773,1051054,1051113,1051182,1051388,1051427,1051705,1051735,1051736
436:1048633,1048799,1048925,1048942,1049070,1049120,1049178,1049190,1049236,1049292,1049339,1049453,1049587,1049600,1049612,1049626,1049647,1049744,1049760,1049761,1049829,1049836,1049882,1049933,1050019,1050119,1050169,1050178,1050213,1050268,1050350,1050422,1050526,1050572,1050577,1050622,1050639,1050713,1050727,1050753,1050764,1050776,1050864,1050912,1050932,1050947,1050976,1051059,1051069,1051093,1051169,1051272,1051273,1051325,1051355,1051358,1051404,1051409,1051448,1051460,1051480,1051531,1051548,1051602,1051732,1051738
452:1048633
468:1048635,1048743,1048760,1049072,1049097,1049225,1049376,1049407,1049414,1049442,1049565,1049746,1049835,1049924,1050184,1050197,1050226,1050404,1050437,1050444,1050450,1050627,1050700,1050763,1050934,1050964,1050970,1051059,1051113,1051132,1051194,1051262,1051328,1051375,1051392,1051433,1051614,1051615,1051680,1051688,1051739
484:1048638,1051600
500:1048640,1048653,1048679,1048699,1048780,1048818,1049268,1049302,1049470,1049517,1049537,1049582,1049627,1049641,1049707,1049717,1049722,1049733,1049832,1049855,1049921,1049925,1049937,1049940,1049955,1049956,1049961,1049979,1049998,1050000,1050030,1050031,1050034,1050038,1050098,1050108,1050119,1050129,1050139,1050163,1050189,1050198,1050221,1050222,1050230,1050251,1050252,1050266,1050270,1050399,1050444,1050481,1050520,1050523,1050536,1050577,1050578,1050579,1050592,1050634,1050635,1050681,1050701,1050709,1050752,1050753,1050759,1050847,1050860,1050874,1050876,1050877,1050889,1050892,1050897,1050901,1050916,1050964,1050973,1051032,1051066,1051074,1051109,1051113,1051143,1051171,1051191,1051207,1051219,1051271,1051278,1051328,1051403,1051404,1051426,1051430,1051463,1051468,1051479,1051490,1051497,1051503,1051522,1051543,1051548,1051598,1051599,1051605,1051617,1051667,1051680,1051687,1051699,1051718
516:1048643,1048667,1048719,1048780,1048811,1048817,1049160,1049180,1049270,1049294,1049468,1049549,1049565,1049576,1049662,1049687,1049688,1049709,1049718,1049722,1049734,1049746,1049758,1049773,1049781,1049791,1049827,1049829,1049833,1049840,1049906,1049943,1049960,1049962,1049967,1049972,1049992,1049996,1050002,1050008,1050016,1050032,1050033,1050034,1050035,1050058,1050061,1050072,1050078,1050080,1050098,1050108,1050109,1050147,1050162,1050167,1050196,1050198,1050246,1050261,1050270,1050273,1050275,1050280,1050320,1050325,1050346,1050363,1050367,1050382,1050401,1050404,1050409,1050477,1050482,1050483,1050573,1050595,1050609,1050628,1050667,1050682,1050704,1050705,1050710,1050722,1050723,1050741,1050807,1050824,1050840,1050851,1050889,1050890,1050897,1050898,1050899,1050919,1050928,1050995,1050999,1051058,1051110,1051113,1051133,1051206,1051209,1051255,1051283,1051285,1051296,1051321,1051355,1051383,1051397,1051402,1051427,1051439,1051490,1051494,1051506,1051512,1051537,1051577,1051620,1051625,1051627,1051691,1051746,1051776
532:1048643,1048653,1048851,1048893,1049016,1049719,1049756,1049870,1049924,1049957,1049985,1050002,1050031,1050050,1050092,1050203,1050260,1050288,1050298,1050315,1050324,1050326,1050344,1050401,1050403,1050419,1050429,1050437,1050503,1050621,1050627,1050745,1050762,1050779,1050808,1050840,1050883,1050890,1050953,1051013,1051054,1051060,1051075,1051090,1051146,1051257,1051307,1051387,1051418,1051490,1051526,1051578,1051586,1051614,1051645,1051647,1051656,1051676,1051710,1051772
548:1048645,1048678,1048831,1048873,1048876,1048924,1049050,1049071,1049086,1049108,1049133,1049235,1049250,1049267,1049273,1049326,1049328,1049352,1049420,1049440,1049483,1049511,1049530,1049531,1049536,1049578,1049608,1049622,1049687,1049691,1049720,1049745,1049770,1049772,1049781,1049810,1049811,1049818,1049845,1049888,1049986,1049995,1050029,1050049,1050064,1050068,1050077,1050078,1050092,1050099,1050139,1050167,1050206,1050212,1050216,1050233,1050246,1050266,1050275,1050282,1050343,1050354,1050380,1050385,1050429,1050439,1050451,1050477,1050495,1050506,1050521,1050572,1050608,1050673,1050714,1050722,1050728,1050737,1050752,1050760,1050771,1050777,1050790,1050791,1050792,1050795,1050820,1050838,1050843,1050848,1050850,1050860,1050885,1050889,1050899,1050914,1050954,1050964,1050974,1050977,1051028,1051069,1051089,1051100,1051107,1051109,1051136,1051167,1051195,1051199,1051208,1051209,1051254,1051277,1051278,1051328,1051342,1051362,1051370,1051425,1051431,1051434,1051459,1051468,1051477,1051479,1051505,1051511,1051536,1051545,1051552,1051562,1051569,1051588,1051594,1051606,1051608,1051610,1051641,1051674,1051679,1051688,1051691,1051700,1051707,1051713,1051720
564:1048646,1048760,1048823,1048859,1049015,1049016,1049133,1049170,1049191,1049192,1049250,1049253,1049301,1049345,1049436,1049442,1049481,1049583,1049585,1049608,1049619,1049637,1049647,1049663,1049674,1049722,1049729,1049734,1049735,1049737,1049747,1049756,1049773,1049781,1049823,1049832,1049839,1049884,1049889,1049890,1049923,1049925,1049961,1049963,1049968,1049990,1049998,1050002,1050005,1050016,1050030,1050031,1050039,1050049,1050063,1050077,1050091,1050092,1050105,1050110,1050118,1050124,1050127,1050129,1050140,1050165,1050166,1050176,1050189,1050200,1050204,1050205,1050217,1050221,1050226,1050239,1050272,1050273,1050316,1050343,1050361,1050419,1050428,1050431,1050445,1050467,1050503,1050531,1050532,1050535,1050551,1050577,1050590,1050609,1050611,1050628,1050635,1050639,1050681,1050688,1050712,1050775,1050776,1050804,1050839,1050840,1050842,1050851,1050861,1050883,1050895,1050916,1050917,1050955,1050976,1050985,1051011,1051014,1051028,1051031,1051057,1051069,1051071,1051088,1051130,1051134,1051147,1051180,1051193,1051207,1051240,1051243,1051267,1051273,1051278,1051292,1051297,1051319,1051321,1051340,1051346,1051380,1051390,1051403,1051408,1051420,1051431,1051439,1051453,1051460,1051461,1051472,1051476,1051477,1051487,1051498,1051524,1051530,1051531,1051560,1051572,1051589,1051590,1051599,1051615,1051642,1051661,1051663,1051680,1051686,1051693,1051700,1051713,1051739,1051752,1051756,1051771,1051774,1051777
580:1048646,1049988,1050146,1050246,1050503,1051105,1051531,1051686
596:1048646,1048667,1048817,1048853,1049191,1049305,1049626,1049662,1049720,1049734,1049828,1049840,1049900,1049960,1049967,1049990,1050008,1050080,1050098,1050139,1050146,1050409,1050428,1050437,1050483,1050595,1050628,1050710,1050723,1050762,1050783,1050808,1050828,1050840,1050880,1050897,1050917,1051011,1051133,1051197,1051206,1051231,1051263,1051394,1051457,1051497,1051568,1051620,1051691,1051717,1051725,1051749
612:1048651
628:1048653,1048991,1049548,1049623,1049624,1049722,1049787,1049849,1049853,1049901,1050205,1050211,1050248,1050267,1050463,1050575,1050807,1050875,1050952,1051011,1051062,1051122,1051179,1051185,1051258,1051267,1051553,1051672,1051740,1051775
644:1048654,1048859,1049219,1049442,1049610,1049747,1049812,1049833,1049900,1049933,1049978,1049979,1050030,1050105,1050116,1050118,1050252,1050259,1050325,1050409,1050421,1050460,1050508,1050563,1050573,1050578,1050606,1050655,1050672,1050749,1050754,1050829,1050848,1050889,1050944,1050946,1051008,1051091,1051119,1051121,1051173,1051178,1051184,1051202,1051219,1051249,1051262,1051274,1051276,1051315,1051360,1051412,1051441,1051480,1051515,1051541,1051545,1051598,1051612,1051624,1051642,1051680,1051688,1051692,1051708
660:1048658,1048811,1050205,1050269,1050634,1051122,1051561,1051661,1051684
676:1048665
692:1048667,1048736,1048766,1049506,1049755,1049836,1049938,1049943,1049986,1050270,1050296,1050764,1050802,1050820,1051377,1051486,1051595,1051722
708:1048670,1048671,1048721,1049039,1049306,1049339,1049453,1049604,1049608,1049612,1049688,1049870,1049884,1049890,1049906,1049937,1049964,1049969,1049987,1050029,1050050,1050116,1050139,1050177,1050189,1050201,1050212,1050216,1050234,1050240,1050252,1050268,1050284,1050300,1050341,1050346,1050382,1050431,1050491,1050502,1050504,1050505,1050511,1050577,1050605,1050608,1050639,1050658,1050670,1050773,1050777,1050791,1050807,1050838,1050862,1050864,1050880,1050918,1051046,1051122,1051156,1051157,1051218,1051226,1051303,1051305,1051312,1051345,1051352,1051462,1051503,1051512,1051533,1051547,1051571,1051616,1051624,1051646,1051649,1051666,1051685,1051689,1051705,1051710,1051776
724:1048671,1048818,1048829,1048989,1049299,1049371,1049435,1049556,1049605,1049673,1049789,1049834,1049924,1049972,1050010,1050129,1050180,1050323,1050339,1050420,1050451,1050475,1050526,1050637,1050640,1050653,1050716,1050729,1050773,1050808,1050900,1050947,1050992,1051046,1051060,1051069,1051113,1051195,1051198,1051342,1051347,1051385,1051387,1051394,1051427,1051459,1051462,1051494,1051560,1051666,1051741
740:1048672,1048741
756:1048677
772:1048678,1050229,1050551,1051398
788:1048679,1049193,1049605,1049811,1050044,1050048,1050273,1050329,1050340,1050526,1050666,1050669,1050777,1050794,1050806,1050840,1050948,1051027,1051257,1051295,1051377,1051439
804:1048679,1048690,1048799,1049015,1049197,1049253,1049268,1049424,1049442,1049663,1049770,1049798,1049806,1049985,1050110,1050139,1050141,1050211,1050251,1050294,1050370,1050382,1050406,1050461,1050467,1050507,1050522,1050549,1050574,1050575,1050590,1050721,1050750,1050761,1050763,1050770,1050792,1050795,1050828,1050832,1050838,1050889,1050896,1050912,1050919,1050926,1050963,1050972,1050988,1051008,1051026,1051028,1051039,1051056,1051058,1051066,1051070,1051071,1051105,1051112,1051145,1051161,1051172,1051173,1051186,1051191,1051223,1051255,1051274,1051290,1051291,1051295,1051297,1051301,1051325,1051328,1051372,1051376,1051387,1051391,1051394,1051410,1051411,1051431,1051433,1051438,1051453,1051456,1051460,1051462,1051465,1051472,1051475,1051479,1051482,1051498,1051500,1051504,1051519,1051539,1051540,1051544,1051548,1051554,1051565,1051572,1051577,1051583,1051593,1051599,1051607,1051608,1051611,1051628,1051629,1051632,1051642,1051644,1051647,1051655,1051660,1051662,1051671,1051672,1051674,1051681,1051688,1051700,1051704,1051726,1051728,1051738,1051743,1051744
820:1048681,1049855,1050110,1050184,1050402,1050625,1050626,1050953,1051206,1051321,1051491,1051565,1051568,1051576,1051710,1051732,1051737
836:1048681,1048717,1048737,1048738,1048767,1049047,1049106,1049127,1049153,1050240,1050453,1050626,1050794,1050976,1051154,1051273,1051287,1051408,1051459,1051519,1051631,1051639,1051687
852:1048686,1048697,1048872,1049010,1049303,1049718,1050016,1050203,1050431,1050681,1050892,1050894,1051515,1051590
868:1048691,1049924,1050125,1050317,1050437
884:1048691,1049737,1050808
900:1048698
916:1048698,1049537,1050579
932:1048704,1048733,1048735,1048946,1049399,1049720,1050100,1050280,1050572,1050609,1050888,1051560,1051573,1051735
948:1048708,1049984,1050602,1051100
964:1048714,1049089,1049144,1050339,1051673
980:1048719,1051324,1051386
996:1048719,1048942,1049133,1049170,1049432,1049472,1049624,1049787,1049853,1049865,1049962,1049963,1049998,1050081,1050087,1050118,1050227,1051144,1051180,1051202,1051249,1051285,1051290,1051353,1051380,1051408,1051486,1051546,1051564,1051769,1051779
1012:1048721,1049517,1049621,1049937,1050356,1050409,1050756,1050773,1050891,1050942,1051283,1051474,1051516,1051651,1051686,1051705
1028:1048726,1049642
1044:1048738,1048984,1049016,1049133,1049212,1049274,1049366,1049468,1049485,1049549,1049671,1049688,1049720,1049735,1049739,1049741,1049754,1049770,1049790,1049833,1049846,1049969,1050073,1050165
1060:1048744
1076:1048754,1050985,1051576
1092:1048760,1049180,1049219,1049231,1049585,1049608,1049730,1050030,1050077,1050116,1050140,1050146,1050273,1050431,1050513,1050535,1050713,1050771,1051204,1051219,1051395,1051425,1051451,1051641,1051655,1051662,1051720,1051725
1108:1048760,1051757
1124:1048770,1050977,1050990
1140:1048777,1048838,1048846,1049160,1049180,1049619,1049643,1049710,1050039,1050110,1050179,1050222,1050327,1050491,1050778,1050872,1050950,1051295,1051316,1051424,1051435,1051467,1051526,1051566,1051597,1051642
1156:1048779,1049112,1049691,1049720,1050300,1050409,1050606,1050775,1050785,1050792,1050795,1050804,1050807,1050863,1050965,1050995,1051045,1051119,1051219,1051232,1051284,1051303,1051312,1051339,1051369,1051381,1051475,1051487,1051561,1051579,1051652,1051699,1051708,1051715,1051769
1172:1048782,1048830,1048877,1049925,1050251,1050564,1050610,1050955,1051094,1051314,1051418,1051662,1051724
1188:1048794,1049106,1050748,1050749
1204:1048799,1048979,1049039,1049170,1049334,1049337,1049338,1049524,1049564,1049587,1049600,1049714,1049745,1049809,1049838,1049923,1049933,1049954,1050028,1050029,1050042,1050043,1050066,1050356,1050362,1050399,1050460,1050514,1050577,1050634,1050657,1050686,1050687,1050723,1050753,1050827,1050889,1050916,1051220,1051259,1051273,1051278,1051283,1051285,1051308,1051314,1051339,1051360,1051361,1051386,1051395,1051396,1051496,1051620,1051668,1051677,1051773
1220:1048807,1050274
1236:1048812,1049133,1049587,1049590,1049663,1049743,1049813,1049940,1049960,1049968,1049991,1049998,1050092,1050144,1050187,1050269,1050275,1050344,1050377,1050380,1050448,1050501,1050573,1050590,1050713,1050720,1050816,1050817,1050818,1050819,1050820,1050828,1050876,1050877,1050889,1050890,1050892,1051100,1051132,1051155,1051259,1051309,1051379,1051436,1051439,1051494,1051496,1051510,1051537,1051596,1051602,1051605,1051650,1051660,1051665,1051666,1051691,1051697,1051732
1252:1048816,1048873,1049773,1050008,1050594,1050629,1050712,1050791,1050808
1268:1048817,1049206,1049735,1050541,1050574,1050748,1050749
1284:1048818,1049779,1049942
1300:1048819
1316:1048823,1050753,1050839,1051197
1332:1048826,1049299,1051537
1348:1048828,1049274,1050002,1050103,1050166,1050392,1050717,1050974,1050977,1051326,1051569,1051590,1051710
1364:1048829,1049108,1050108
1380:1048834,1050505
1396:1048840,1048982,1049254,1049469,1049608,1049642,1049882,1049902,1049963,1049971,1050002,1050042,1050109,1050129,1050164,1050166,1050255,1050261,1050270,1050272,1050301,1050316,1050317,1050344,1050404,1050409,1050466,1050512,1050521,1050531,1050552,1050577,1050610,1050640,1050721,1050727,1050763,1050786,1050918,1050945,1050974,1050996,1051179,1051249,1051262,1051319,1051373,1051377,1051395,1051416,1051439,1051448,1051488,1051499,1051503,1051534,1051563,1051569,1051595,1051624,1051656,1051689
1412:1048847,1049173,1049205,1049525,1049585,1049622,1049746,1049754,1050001,1050066,1050166,1050255,1050268,1050318,1050460,1050482,1050513,1050549,1050593,1050610,1050719,1050769,1050773,1050783,1050826,1050852,1051118,1051155,1051159,1051302,1051345,1051523,1051651,1051760
1428:1048853,1049729,1050823
1444:1048856
1460:1048857,1049160,1049578,1049646,1049647,1049663,1049737,1049772,1049882,1049923,1049928,1049929,1050033,1050064,1050147,1050198,1050205,1050251,1050259,1050300,1050301,1050452,1050477,1050511,1050564,1050608,1050611,1050658,1050705,1050738,1050753,1050776,1050784,1050874,1050885,1050894,1050915,1050920,1050931,1050932,1050976,1050982,1051011,1051101,1051113,1051155,1051194,1051231,1051232,1051240,1051298,1051340,1051347,1051361,1051375,1051387,1051430,1051451,1051461,1051465,1051506,1051519,1051560,1051643,1051666,1051686,1051691,1051763,1051778
1476:1048859,1049194,1049212,1049303,1049305,1049399,1049621,1049626,1049756,1049921,1049925,1049963,1049984,1050043,1050073,1050200,1050256,1050317,1050358,1050381,1050400,1050443,1050550,1050572,1050593,1050622,1050680,1050749,1050769,1050806,1050828,1050829,1050881,1050888,1051054,1051088,1051171,1051225,1051256,1051430,1051476,1051598,1051600,1051681,1051689,1051735
1492:1048865,1049197,1049198,1049199
1508:1048872,1051379
1524:1048873,1049108,1049111,1049302,1049606,1050005,1050241,1050301,1050372,1050381,1050648,1051050,1051375,1051376,1051420,1051584,1051590,1051630,1051672,1051690,1051751
1540:1048878,1049039,1049160,1049171,1049191,1049192,1049299,1049374,1049426,1049430,1049537,1049550,1049557,1049576,1049585,1049587,1049589,1049674,1049747,1049808,1049825,1049883,1049966,1049969,1050000,1050033,1050043,1050051,1050081,1050109,1050118,1050142,1050170,1050185,1050196,1050270,1050295,1050299,1050317,1050326,1050344,1050367,1050435,1050443,1050475,1050483,1050486,1050539,1050551,1050553,1050610,1050636,1050657,1050666,1050667,1050671,1050729,1050740,1050749,1050762,1050763,1050773,1050807,1050808,1050842,1050852,1050877,1050889,1050916,1050944,1050948,1050958,1050965,1050981,1051009,1051025,1051027,1051054,1051092,1051097,1051113,1051115,1051143,1051157,1051170,1051220,1051280,1051289,1051313,1051339,1051345,1051384,1051390,1051403,1051408,1051426,1051438,1051457,1051489,1051493,1051498,1051514,1051565,1051571,1051574,1051579,1051642,1051686,1051695,1051721,1051722,1051751,1051768
1556:1048882,1048883,1048884,1049914,1049996,1050364,1050409,1050572,1050791,1050802,1051172,1051362,1051371,1051440,1051521,1051648
1572:1048893
1588:1048896,1049000,1049264
1604:1048896,1049954,1050139,1050189,1051319,1051441,1051484
1620:1048897,1048972,1049160,1049170,1049273,1049538,1049658,1049734,1049740,1049774,1049833,1049900,1049983,1049984,1050093,1050101,1050107,1050117,1050123,1050147,1050178,1050196,1050254,1050323,1050325,1050327,1050329,1050344,1050349,1050404,1050531,1050577,1050591,1050713,1050722,1050726,1050750,1050763,1050852,1050917,1050933,1050952,1050955,1050976,1050996,1050999,1051008,1051066,1051091,1051111,1051155,1051200,1051313,1051376,1051444,1051455,1051503,1051542,1051600,1051601,1051624,1051631,1051702,1051706,1051711,1051733
1636:1048901
1652:1048904,1049013,1050234,1050246,1050431,1050514,1050626,1050849,1051079,1051094,1051133,1051314,1051339,1051370,1051514
1668:1048911,1050342
1684:1048925,1049120
1700:1048940,1048987,1049283,1049285,1049286,1049551,1049642,1050285,1050493,1050504,1050717,1051108,1051392,1051409,1051588,1051632
1716:1048949,1049356
1732:1048957
1748:1048966,1049057,1049064,1049738
1764:1048971,1049292,1049571,1049588,1049800,1050008,1050131,1050521,1050612,1050619,1051067,1051267,1051307,1051322
1780:1048976,1050599
1796:1048984
1812:1048990
1828:1048992,1049299,1050240,1050483,1050625,1050919,1051142,1051147,1051270,1051289,1051412,1051472,1051477,1051707
1844:1048997
1860:1049006
1876:1049010,1049754,1049813,1049890,1049907,1050001,1050251,1050383,1050420,1050505,1050776,1050827,1050829,1050965,1050996,1051075,1051291,1051396,1051414,1051443,1051460,1051463,1051464,1051465,1051617,1051627,1051639,1051678,1051686,1051725,1051739
1892:1049015,1049106,1049547,1049839,1050050,1050271,1050480,1050511,1050621,1050715,1050773,1050965,1051068,1051285,1051288,1051306,1051328,1051374,1051391,1051421,1051498,1051524,1051532,1051684,1051713,1051726,1051734,1051742,1051750
1908:1049016,1049270,1049400,1049426,1049835,1050047,1050179,1050206,1050275,1050316,1050791,1050932,1050998,1051159,1051195,1051580,1051590,1051631
1924:1049023
1940:1049034,1050134,1051631
1956:1049037
1972:1049042,1049074,1049186,1050134
1988:1049054,1050721
2004:1049058,1050742
2020:1049063,1050098,1050101,1050145,1050216,1050283,1050301,1050303,1050326,1050327,1050328,1050385,1050454,1050459,1050467,1050491,1050499,1050501,1050591,1050592,1050597,1050643,1050660,1050670,1050681,1050712,1050852,1050872,1050933,1050940,1050948,1050955,1051009,1051025,1051073,1051097,1051170,1051211,1051216,1051242,1051243,1051244,1051263,1051291,1051316,1051344,1051437,1051438,1051447,1051456,1051489,1051503,1051545,1051553,1051571,1051581,1051627,1051672,1051727,1051728,1051765
2036:1049069
2052:1049075,1049187
2068:1049098
2084:1049106,1049160,1049430,1049440,1049556,1049740,1049884,1049928,1049979,1050014,1050091,1050123,1050199,1050207,1050240,1050272,1050320,1050608,1050611,1050763,1050821,1050914,1050933,1051134,1051169,1051606,1051607,1051649,1051671,1051676,1051727
2100:1049106,1049194,1049811,1049972,1051209,1051578,1051599
2116:1049108
2132:1049110,1049765,1049946,1049948,1049953,1049982,1050149,1050150,1050154,1050155,1050156,1050157,1050158,1050159,1050160,1050181,1050470,1050561,1050562,1050673,1050808,1050993,1051072,1051123,1051600,1051766
2148:1049113
2164:1049133,1049160,1049311,1049371,1049460,1049468,1049658,1049755,1049817,1049848,1049898,1049921,1049951,1049956,1049983,1049984,1050007,1050030,1050064,1050208,1050288,1050315,1050366,1050381,1050450,1050458,1050536,1050557,1050590,1050600,1050605,1050615,1050647,1050657,1050658,1050700,1050721,1050827,1050834,1050889,1050915,1050932,1050941,1050995,1051009,1051100,1051146,1051173,1051176,1051179,1051215,1051232,1051487,1051499,1051502,1051504,1051542,1051624,1051644,1051696,1051707,1051713,1051729,1051737,1051768
2180:1049138,1049223,1051537
2196:1049151
2212:1049160,1050111,1050380,1050917,1051425,1051491,1051518
2228:1049164,1049283,1050720,1051504
2244:1049170,1049245,1049687,1049720,1049737,1049853,1050253,1050563,1050902,1051025,1051074,1051091,1051156,1051468,1051487,1051677
2260:1049177
2276:1049190,1049976,1050170,1050176,1050319,1050421,1050461,1050593,1050761,1050975,1050977,1051122,1051278,1051563,1051590,1051689,1051722
2292:1049191
2308:1049191,1049972
2324:1049194
2340:1049198,1049199
2356:1049206,1050057,1050700
2372:1049212,1049299,1049621,1049916,1049964,1050201,1050361,1050399,1050564,1050977,1051045,1051156,1051307,1051346,1051424,1051443,1051480,1051543,1051652,1051725
2388:1049219
2404:1049230,1049674,1049987,1050004,1050007,1050031,1050226,1050463,1050655,1050656,1050805,1050864,1050876,1050958,1051028,1051157,1051206,1051493,1051628,1051676
2420:1049238,1049789
2436:1049245,1049890,1050286,1050761,1051385,1051728,1051758
2452:1049245,1049250,1050196,1050256,1050720,1050914,1051147,1051158,1051314,1051587,1051717
2468:1049245
2484:1049249
2500:1049250,1049424,1049958,1050145,1050477,1050820,1051116,1051134,1051136,1051722,1051758
2516:1049252,1049270,1049658,1049692,1049718,1049769,1049808,1049853,1049865,1049962,1049985,1049995,1050044,1050062,1050124,1050195,1050226,1050436,1050480,1050500,1050507,1050551,1050605,1050606,1050672,1050685,1050782,1050864,1050873,1050916,1050918,1050919,1050941,1051076,1051142,1051155,1051245,1051286,1051422,1051443,1051451,1051578,1051623,1051640,1051668,1051717,1051723,1051738
2532:1049258
2548:1049266
2564:1049270
2580:1049271,1049600,1049620,1049626,1049735,1049790,1049837,1049972,1049996,1049999,1050045,1050060,1050184,1050240,1050281,1050657,1050709,1050719,1050843,1051057,1051099,1051155,1051231,1051241,1051308,1051346,1051347,1051375,1051448,1051474,1051521,1051531,1051580,1051602
2596:1049273,1050397,1050569,1051771
2612:1049277
2628:1049291,1049569,1051254
2644:1049296,1049563,1049841,1049842,1049935,1049937,1050051,1050221
2660:1049299
2676:1049302,1050921
2692:1049305,1051131,1051462
2708:1049311,1049460
2724:1049323,1049579
2740:1049333
2756:1049341,1049461,1049594,1050996
2772:1049354,1049365
2788:1049364,1050812
2804:1049371,1049541,1049668,1050537,1050786
2820:1049376,1049414
2836:1049390
2852:1049399
2868:1049403
2884:1049411,1050155,1051159
2900:1049423
2916:1049429
2932:1049432
2948:1049440,1049745,1050101,1050275,1050442,1050511,1050572,1050732,1050763,1050790,1050868,1050872,1050948,1050956,1050963,1051012,1051027,1051028,1051170,1051240,1051297,1051340,1051359,1051373,1051404,1051413,1051431,1051460,1051464,1051486,1051491,1051511,1051553,1051565,1051568,1051571,1051583,1051617,1051659,1051660,1051669,1051687,1051716,1051717,1051762
2964:1049459,1049816
2980:1049469,1049954,1050020,1050209,1050296,1050381,1050428,1050635,1050808,1051232,1051263,1051432,1051486,1051589,1051593,1051632,1051672,1051691,1051717
2996:1049502
3012:1049517
3028:1049524,1049921,1049984,1050010,1050044,1050249,1050280,1051159,1051298,1051453,1051481,1051497,1051526,1051595,1051602,1051624
3044:1049526
3060:1049537
3076:1049542,1049593,1049732,1050149,1050154,1050155,1050156,1050157,1050158,1050159,1050160,1050181,1050289,1050335,1050336,1050394,1050413,1050556,1051002
3092:1049547,1050566
3108:1049548
3124:1049555,1049745,1049795,1050026,1050191,1050545,1051359,1051545,1051635
3140:1049562,1050521,1051627
3156:1049572,1049573,1049575,1050286,1050301
3172:1049576,1051665
3188:1049578,1050595
3204:1049581
3220:1049587,1049925
3236:1049590,1050220,1050407,1050669,1050790,1050927
3252:1049596,1049613,1049894,1049945,1049981,1050309,1050455,1050774,1050781,1050859,1050937,1050980,1051217
3268:1049607,1049741,1050534,1051133,1051200,1051240,1051341,1051670
3284:1049609,1050246,1050288
3300:1049616
3316:1049621
3332:1049624,1050198,1050297,1050768,1051181,1051552,1051591
3348:1049633
3364:1049642,1050504,1050579
3380:1049653
3396:1049663
3412:1049673,1049984,1050227,1051274
3428:1049674,1049924,1050251,1051111,1051415,1051721
3444:1049683
3460:1049687,1049998,1051287,1051414,1051629,1051659,1051683
3476:1049688,1051632
3492:1049692
3508:1049709,1050098,1050325,1050349,1050932
3524:1049717,1050485
3540:1049720,1050166,1050671,1050790,1050943,1051046,1051058,1051495,1051554,1051625
3556:1049721
3572:1049729,1049730,1049731,1049732,1049733,1049734,1049735,1049736,1049737,1049738,1049739,1049740,1049741,1049742,1049743,1049744,1049745,1049746,1049747,1049748,1049749,1049750,1049751,1049752,1049753,1049754,1049755,1049756,1049757,1049758,1049759,1049760,1049761,1049762,1049763,1049764,1049765,1049766,1049767,1049768,1049769,1049770,1049771,1049772,1049773,1049774,1049775,1049776,1049777,1049778,1049779,1049780,1049781,1049782,1049783,1049784,1049785,1049786,1049787,1049788,1049789,1049790,1049791,1049792,1049793,1049794,1049795,1049796,1049797,1049798,1049799,1049800,1049801,1049802,1049803,1049804,1049805,1049806,1049807,1049808,1049809,1049810,1049811,1049812,1049813,1049814,1049815,1049816,1049817,1049818,1049819,1049820,1049821,1049822,1049823,1049824,1049825,1049826,1049827,1049828,1049829,1049830,1049831,1049832,1049833,1049834,1049835,1049836,1049837,1049838,1049839,1049840,1049841,1049842,1049843,1049844,1049845,1049846,1049847,1049848,1049849,1049850,1049851,1049852,1049853,1049854,1049855,1049856,1049857,1049858,1049859,1049860,1049861,1049862,1049863,1049864,1049865,1049866,1049867,1049868,1049869,1049870,1049871,1049872,1049873,1049874,1049875,1049876,1049877,1049878,1049879,1049880,1049881,1049882,1049883,1049884,1049885,1049886,1049887,1049888,1049889,1049890,1049891,1049892,1049893,1049894,1049895,1049896,1049897,1049898,1049899,1049900,1049901,1049902,1049903,1049904,1049905,1049906,1049907,1049908,1049909,1049910,1049911,1049960,1050051,1050346,1050892
3588:1049734,1050892
3604:1049736
3620:1049740,1050325,1050437,1050761,1050820,1050837,1050896,1051155,1051403,1051451,1051586,1051592,1051686,1051707
3636:1049744,1050099,1050483,1050668,1050733,1051611
3652:1049746,1050012,1050104,1050136,1051674
3668:1049751,1049860,1049861,1050151,1050152,1050192,1050237,1050529,1050618,1050788,1050994
3684:1049755
3700:1049757
3716:1049763,1050117,1050777,1050873,1050892,1050954,1050961,1051522,1051773
3732:1049769,1049967
3748:1049772
3764:1049781
3780:1049787
3796:1049800,1049925,1049990,1050168,1050272,1050625
3812:1049809,1050203,1050422,1050449,1050593,1050625,1050808,1050850,1050858,1051058,1051147,1051259,1051276,1051385,1051425,1051620,1051645,1051754
3828:1049811,1051291
3844:1049816,1049918,1049931,1050557,1051215
3860:1049826
3876:1049832,1050481,1050610,1050634,1051134,1051136,1051169,1051285,1051297,1051407,1051464,1051542,1051553,1051584,1051640,1051671,1051684,1051738
3892:1049839
3908:1049842
3924:1049847
3940:1049858
3956:1049865,1050118,1050164,1050205,1050507,1051134,1051458,1051464,1051671,1051700,1051709,1051738
3972:1049876
3988:1049882
4004:1049889,1050808
4020:1049890
4036:1049901
4052:1049915,1050896,1050932,1051110,1051218,1051523
4068:1049920
4084:1049925
4100:1049929
4116:1049938,1050213,1050302,1050339,1050442,1051412
4132:1049941,1049964,1049969,1049996,1050098,1050145,1050180,1050327,1050513,1050954,1050955,1051230,1051254,1051267,1051640,1051707,1051758
4148:1049951
4164:1049956,1050178,1051586
4180:1049960
4196:1049963
4212:1049968
4228:1049973,1050316,1050466,1050996,1051267,1051326
4244:1049979
4260:1049984,1051735
4276:1049987,1050503,1050808,1051754
4292:1049990,1050020,1050228,1050283,1050409,1050592,1050785,1051011,1051116,1051117,1051173,1051259,1051284,1051481,1051531,1051556,1051589,1051633
4308:1049995,1050266,1050445,1050449,1050690,1051690
4324:1050000,1051198,1051777
4340:1050003
4356:1050008
4372:1050012
4388:1050018,1050183,1051286,1051725
4404:1050029,1050483,1051448,1051534
4420:1050037
4436:1050042
4452:1050046
4468:1050050
4484:1050057
4500:1050067
4516:1050078,1050503
4532:1050082
4548:1050089,1050225,1051074
4564:1050092,1050281,1051135,1051285,1051325
4580:1050096,1050130,1050131,1050430,1050542
4596:1050103
4612:1050109,1050123,1051275,1051596
4628:1050118
4644:1050124,1050127,1050246,1050317,1050358,1050444,1050680,1050952,1051168,1051580,1051768
4660:1050129,1051218,1051328,1051499
4676:1050139
4692:1050146
4708:1050163
4724:1050165
4740:1050168,1051309
4756:1050177,1051412,1051599
4772:1050183
4788:1050190
4804:1050198
4820:1050204
4836:1050210,1050241,1051034
4852:1050216,1051320,1051538,1051689
4868:1050223
4884:1050228,1050701,1050756
4900:1050237,1050633
4916:1050243,1050492
4932:1050251
4948:1050255
4964:1050261
4980:1050267
4996:1050271,1050448,1050843,1051332
5012:1050275,1050437,1050466
5028:1050280,1050301
5044:1050281
5060:1050286
5076:1050292,1051346
5092:1050300
5108:1050302,1050794
5124:1050309,1050414,1050480
5140:1050316,1050466
5156:1050320,1050976,1051340
5172:1050338
5188:1050340,1050344,1050483,1050875,1051296,1051309
5204:1050344
5220:1050351,1051086
5236:1050366
5252:1050379,1050466,1050862,1050877,1051098,1051194,1051593,1051714
5268:1050385
5284:1050397,1050716
5300:1050402,1050917,1051256,1051393,1051434,1051462,1051493,1051614,1051675,1051691
5316:1050410
5332:1050420
5348:1050428
5364:1050434
5380:1050441
5396:1050450
5412:1050459,1051486,1051581
5428:1050465,1051573,1051687
5444:1050477
5460:1050486
5476:1050491
5492:1050503,1051639
5508:1050511
5524:1050523
5540:1050531,1051277,1051402,1051404,1051728
5556:1050543,1050674
5572:1050550,1051195,1051196,1051750
5588:1050558
5604:1050569
5620:1050577
5636:1050585,1050966
5652:1050592
5668:1050600,1050615,1050647
5684:1050610
5700:1050622,1050672,1051424,1051652,1051723
5716:1050629
5732:1050635,1050953,1051377
5748:1050640
5764:1050651,1051499
5780:1050666
5796:1050670
5812:1050677
5828:1050684
5844:1050698
5860:1050711
5876:1050719
5892:1050723
5908:1050728,1050962
5924:1050739
5940:1050747
5956:1050754,1050876
5972:1050761
5988:1050770,1051602
6004:1050774
6020:1050778
6036:1050788
6052:1050798
6068:1050808
6084:1050808
6100:1050808
6116:1050811
6132:1050820,1051393,1051434
6148:1050829
6164:1050841
6180:1050850
6196:1050862
6212:1050873
6228:1050876
6244:1050879
6260:1050883
6276:1050892,1051723
6292:1050902
6308:1050913
6324:1050919
6340:1050926
6356:1050938
6372:1050948
6388:1050958,1051008,1051360
6404:1050971
6420:1050976,1051267
6436:1050983
6452:1050995
6468:1051001
6484:1051008,1051440
6500:1051014
6516:1051022
6532:1051031,1051171,1051348,1051530,1051611
6548:1051040
6564:1051045,1051458
6580:1051055
6596:1051058
6612:1051064
6628:1051072,1051146,1051392
6644:1051076
6660:1051091
6676:1051099
6692:1051110
6708:1051116
6724:1051125
6740:1051137
6756:1051147
6772:1051159
6788:1051168
6804:1051175
6820:1051184
6836:1051194
6852:1051197,1051749
6868:1051205
6884:1051210
6900:1051223
6916:1051238
6932:1051251
6948:1051256
6964:1051271
6980:1051277,1051538,1051561,1051685
6996:1051284
7012:1051289
7028:1051295
7044:1051297
7060:1051304,1051376,1051387
7076:1051314
7092:1051318
7108:1051328
7124:1051343,1051455
7140:1051354
7156:1051361
7172:1051370
7188:1051384
7204:1051388,1051735
7220:1051397,1051760
7236:1051402
7252:1051412
7268:1051423,1051507,1051582
7284:1051432
7300:1051447,1051456
7316:1051456,1051506
7332:1051465
7348:1051469,1051530,1051560
7364:1051477,1051532
7380:1051485,1051522
7396:1051493,1051572
7412:1051497
7428:1051501
7444:1051507
7460:1051518
7476:1051528
7492:1051542
7508:1051554
7524:1051563
7540:1051571
7556:1051577
7572:1051586,1051717
7588:1051590
7604:1051596
7620:1051601
7636:1051608
7652:1051616,1051716,1051731
7668:1051624
7684:1051634
7700:1051646
7716:1051652
7732:1051660
7748:1051665
7764:1051671
7780:1051677
7796:1051687
7812:1051695
7828:1051703
7844:1051710
7860:1051717
7876:1051728
7892:1051735
7908:1051740
7924:1051752
7940:1051757
7956:1051766
7972:1051772
