8:1048576,1048640,1048799,1049338,1051178
24:1048578,1048590,1048595,1048618,1048621,1048655,1048668,1048679,1048686,1048695,1048717,1048737,1048767,1048845,1048851,1048862,1048904,1048911,1048937,1048942,1048953,1048971,1048974,1048992,1049016,1049037,1049054,1049100,1049108,1049111,1049180,1049194,1049253,1049258,1049268,1049270,1049293,1049299,1049369,1049371,1049402,1049424,1049425,1049426,1049431,1049432,1049435,1049436,1049440,1049469,1049536,1049537,1049538,1049539,1049547,1049549,1049583,1049588,1049603,1049604,1049605,1049609,1049618,1049624,1049625,1049642,1049674,1049683,1049686,1049687,1049692,1049718,1049719,1049720,1049727,1049728,1049734,1049738,1049739,1049760,1049761,1049781,1049787,1049790,1049798,1049800,1049801,1049806,1049809,1049813,1049832,1049836,1049853,1049857,1049869,1049870,1049882,1049885,1049889,1049902,1049909,1049922,1049925,1049928,1049929,1049941,1049956,1049961,1049970,1049975,1049976,1049986,1049991,1050009,1050010,1050014,1050040,1050043,1050049,1050050,1050064,1050073,1050081,1050092,1050093,1050109,1050110,1050111,1050118,1050123,1050129,1050139,1050142,1050145,1050147,1050167,1050168,1050176,1050180,1050184,1050188,1050190,1050198,1050201,1050202,1050211,1050217,1050221,1050239,1050240,1050248,1050255,1050257,1050261,1050267,1050270,1050275,1050278,1050284,1050301,1050313,1050316,1050329,1050349,1050360,1050383,1050400,1050409,1050421,1050430,1050435,1050442,1050443,1050445,1050454,1050461,1050481,1050491,1050498,1050500,1050503,1050504,1050508,1050510,1050590,1050594,1050609,1050610,1050626,1050629,1050683,1050686,1050702,1050705,1050712,1050714,1050715,1050716,1050727,1050737,1050742,1050745,1050754,1050761,1050768,1050770,1050771,1050776,1050778,1050779,1050782,1050785,1050790,1050793,1050802,1050820,1050833,1050837,1050861,1050888,1050892,1050899,1050901,1050912,1050918,1050919,1050931,1050934,1050977,1050984,1050999,1051013,1051024,1051026,1051029,1051045,1051057,1051067,1051075,1051092,1051098,1051107,1051112,1051118,1051134,1051147,1051151,1051154,1051198,1051199,1051218,1051227,1051258,1051263,1051274,1051282,1051283,1051291,1051295,1051301,1051302,1051316,1051319,1051326,1051329,1051346,1051352,1051362,1051401,1051403,1051404,1051413,1051414,1051422,1051426,1051431,1051435,1051440,1051441,1051444,1051446,1051455,1051469,1051472,1051478,1051480,1051482,1051487,1051499,1051502,1051504,1051515,1051519,1051529,1051533,1051545,1051547,1051554,1051555,1051559,1051566,1051572,1051579,1051589,1051590,1051591,1051595,1051605,1051608,1051614,1051616,1051622,1051623,1051628,1051629,1051631,1051633,1051634,1051645,1051646,1051647,1051650,1051653,1051654,1051666,1051675,1051679,1051681,1051689,1051695,1051707,1051709,1051710,1051712,1051716,1051722,1051727,1051746,1051751,1051752,1051768
40:1048580,1048684,1048719,1048856,1048870,1048887,1048892,1048894,1048906,1048938,1049107,1049108,1049134,1049270,1049281,1049302,1049313,1049442,1049469,1049479,1049526,1049537,1049590,1049623,1049663,1049673,1049688,1049787,1049921,1049976,1049985,1050005,1050014,1050015,1050098,1050099,1050141,1050143,1050176,1050184,1050195,1050208,1050219,1050220,1050248,1050267,1050384,1050434,1050450,1050463,1050484,1050507,1050526,1050552,1050572,1050574,1050623,1050625,1050669,1050700,1050710,1050718,1050721,1050734,1050770,1050782,1050823,1050836,1050841,1050850,1050927,1050984,1051006,1051046,1051062,1051100,1051110,1051131,1051143,1051144,1051174,1051181,1051185,1051239,1051244,1051261,1051296,1051309,1051329,1051372,1051434,1051460,1051486,1051503,1051504,1051551,1051578,1051588,1051593,1051620,1051627,1051628,1051631,1051634,1051637,1051687,1051717,1051740,1051775
56:1048584,1048956
72:1048586,1048589,1048629,1048833,1048848,1048855,1048941,1048984,1049171,1049237,1049274,1049396,1049412,1049418,1049609,1049610,1049650,1049739,1049741,1049772,1049876,1049880,1049925,1049955,1050005,1050025,1050109,1050117,1050217,1050240,1050336,1050380,1050385,1050463,1050515,1050761,1050914,1050950,1050953,1050955,1050975,1051111,1051130,1051146,1051180,1051184,1051204,1051221,1051242,1051257,1051276,1051277,1051295,1051297,1051319,1051359,1051361,1051367,1051436,1051450,1051502,1051507,1051510,1051511,1051537,1051538,1051548,1051561,1051572,1051582,1051625,1051628,1051631,1051632,1051634,1051640,1051647,1051650,1051660,1051663,1051671,1051697,1051716,1051726,1051731,1051738,1051739,1051751,1051774
88:1048590,1048637,1048669,1048697,1048701,1048821,1048841,1048872,1049072,1049163,1049225,1049340,1049390,1049391,1049407,1049415,1049442,1049459,1049535,1049652,1049718,1049760,1049781,1050014,1050053,1050054,1050074,1050075,1050153,1050173,1050183,1050214,1050215,1050217,1050391,1050450,1050507,1050553,1050595,1050676,1050677,1050813,1050845,1050850,1050975,1051063,1051230,1051231,1051261,1051268,1051271,1051309,1051354,1051362,1051374,1051479,1051558,1051665,1051710
104:1048593,1049977,1050016,1050099,1050413,1050829,1051145,1051208
120:1048595,1048670,1048760,1048853,1049054,1049111,1049440,1049469,1049515,1049524,1049663,1049674,1049684,1049687,1049730,1049759,1049763,1049772,1049941,1049954,1049956,1049988,1049990,1050025,1050029,1050063,1050072,1050115,1050183,1050197,1050208,1050209,1050225,1050240,1050259,1050268,1050275,1050296,1050322,1050400,1050419,1050422,1050436,1050481,1050483,1050490,1050506,1050507,1050511,1050611,1050714,1050750,1050752,1050760,1050769,1050770,1050771,1050783,1050822,1050883,1050902,1050915,1050934,1050999,1051031,1051065,1051072,1051075,1051118,1051129,1051197,1051270,1051272,1051277,1051284,1051289,1051301,1051413,1051415,1051432,1051456,1051458,1051473,1051476,1051487,1051501,1051506,1051526,1051543,1051564,1051571,1051577,1051580,1051593,1051627,1051632,1051651,1051659,1051661,1051685,1051727,1051729,1051760,1051771
136:1048597,1048598,1048599,1048600,1048601,1048602,1048615,1048659,1048660,1048681,1048691,1048765,1048766,1048767,1048768,1048769,1048770,1048771,1048799,1048857,1048894,1048897,1048900,1048901,1048902,1048903,1048904,1048905,1048906,1048907,1048908,1048984,1049015,1049019,1049020,1049037,1049072,1049111,1049160,1049161,1049162,1049163,1049164,1049165,1049166,1049167,1049168,1049169,1049170,1049171,1049172,1049173,1049174,1049175,1049176,1049177,1049178,1049179,1049212,1049274,1049294,1049301,1049330,1049371,1049424,1049425,1049426,1049427,1049428,1049429,1049430,1049431,1049432,1049433,1049434,1049435,1049436,1049437,1049438,1049439,1049440,1049441,1049442,1049519,1049547,1049548,1049588,1049589,1049600,1049627,1049642,1049643,1049644,1049645,1049646,1049647,1049648,1049649,1049650,1049651,1049652,1049653,1049654,1049655,1049656,1049657,1049658,1049659,1049660,1049661,1049674,1049737,1049754,1049761,1049772,1049787,1049791,1049801,1049806,1049830,1049831,1049832,1049833,1049834,1049835,1049836,1049837,1049838,1049839,1049840,1049841,1049842,1049843,1049844,1049845,1049857,1049865,1049881,1049908,1049921,1049923,1049943,1049954,1049957,1049960,1049961,1049965,1049987,1049990,1049997,1049998,1049999,1050000,1050001,1050002,1050003,1050004,1050005,1050006,1050007,1050008,1050009,1050010,1050011,1050012,1050029,1050034,1050039,1050045,1050050,1050051,1050103,1050110,1050127,1050169,1050170,1050171,1050172,1050173,1050174,1050175,1050176,1050177,1050178,1050179,1050180,1050184,1050188,1050189,1050195,1050198,1050199,1050200,1050218,1050222,1050225,1050226,1050227,1050228,1050240,1050249,1050252,1050266,1050267,1050270,1050281,1050285,1050286,1050320,1050321,1050322,1050323,1050324,1050325,1050326,1050327,1050328,1050329,1050330,1050343,1050362,1050363,1050380,1050381,1050409,1050419,1050420,1050421,1050429,1050437,1050444,1050445,1050449,1050453,1050468,1050469,1050470,1050471,1050472,1050473,1050474,1050475,1050476,1050477,1050478,1050479,1050480,1050481,1050482,1050483,1050491,1050503,1050532,1050537,1050551,1050577,1050593,1050608,1050622,1050630,1050631,1050632,1050633,1050634,1050635,1050636,1050637,1050638,1050639,1050640,1050680,1050687,1050702,1050717,1050725,1050726,1050729,1050752,1050753,1050765,1050766,1050767,1050768,1050769,1050770,1050771,1050772,1050773,1050783,1050803,1050807,1050827,1050829,1050851,1050852,1050880,1050883,1050892,1050916,1050918,1050920,1050921,1050922,1050923,1050924,1050925,1050926,1050927,1050928,1050929,1050930,1050931,1050932,1050933,1050934,1050946,1050947,1050948,1050953,1050976,1050984,1051027,1051059,1051068,1051073,1051074,1051075,1051076,1051077,1051078,1051079,1051080,1051081,1051082,1051083,1051084,1051085,1051086,1051087,1051088,1051089,1051090,1051091,1051092,1051093,1051094,1051101,1051110,1051197,1051200,1051221,1051222,1051223,1051224,1051225,1051226,1051227,1051241,1051256,1051267,1051286,1051287,1051298,1051317,1051319,1051328,1051329,1051330,1051331,1051332,1051333,1051334,1051335,1051336,1051337,1051338,1051339,1051340,1051341,1051346,1051361,1051392,1051402,1051411,1051420,1051425,1051433,1051437,1051438,1051439,1051440,1051441,1051442,1051443,1051444,1051445,1051453,1051473,1051476,1051486,1051494,1051495,1051513,1051514,1051524,1051538,1051539,1051540,1051541,1051542,1051543,1051544,1051545,1051546,1051577,1051581,1051591,1051619,1051622,1051628,1051644,1051649,1051672,1051673,1051674,1051675,1051676,1051677,1051678,1051679,1051680,1051681,1051687,1051695,1051696,1051715,1051716,1051717,1051718,1051719,1051762,1051764,1051777
152:1048601,1048608,1048654,1048670,1048691,1048711,1048799,1048816,1048826,1048953,1048955,1049022,1049055,1049067,1049109,1049111,1049123,1049182,1049192,1049249,1049268,1049270,1049301,1049310,1049403,1049456,1049510,1049529,1049555,1049578,1049718,1049756,1049798,1049835,1049870,1049919,1049920,1049928,1049938,1049968,1049969,1049976,1049986,1049991,1050004,1050008,1050015,1050020,1050028,1050099,1050101,1050141,1050191,1050218,1050225,1050254,1050260,1050264,1050294,1050296,1050316,1050382,1050384,1050462,1050466,1050467,1050507,1050515,1050531,1050637,1050683,1050807,1050828,1050838,1050861,1050905,1050917,1050968,1051004,1051058,1051129,1051170,1051214,1051225,1051243,1051322,1051402,1051481,1051541,1051546,1051571,1051622,1051646
168:1048605,1048638,1049039,1049576,1049577,1049587,1049637,1049718,1049735,1049742,1049745,1049761,1049800,1049811,1049812,1049826,1049835,1049836,1049868,1049925,1049983,1049990,1049992,1050062,1050064,1050092,1050101,1050104,1050139,1050240,1050254,1050260,1050267,1050270,1050323,1050343,1050344,1050345,1050402,1050430,1050467,1050522,1050625,1050688,1050752,1050763,1050773,1050777,1050792,1050808,1050850,1050862,1050885,1050894,1051094,1051131,1051145,1051195,1051202,1051232,1051242,1051273,1051277,1051291,1051294,1051339,1051340,1051370,1051387,1051413,1051421,1051434,1051435,1051457,1051469,1051498,1051501,1051504,1051543,1051553,1051564,1051573,1051617,1051644,1051651,1051653,1051667,1051669,1051724,1051725,1051740,1051741
184:1048608,1048829,1049820,1050386,1050769,1051241,1051631,1051749
200:1048612,1049245,1049956,1049957,1050772,1050877,1050892,1050894,1050942,1051284,1051457,1051465,1051468,1051586,1051603,1051665,1051692,1051694,1051754,1051758
216:1048615,1048972,1049299,1049968,1050009,1050044,1050045,1050060,1050062,1050078,1050164,1050210,1050404,1050418,1050509,1050521,1050572,1050668,1050716,1050851,1050950,1051089,1051274,1051339,1051362,1051433,1051497,1051541,1051553,1051554,1051590,1051625,1051651
232:1048615,1048816,1048895,1049245,1049539,1049547,1049902,1049921,1049937,1050092,1050119,1050146,1050163,1050249,1050270,1050298,1050302,1050501,1050610,1050622,1050628,1050790,1050851,1050861,1050892,1050983,1051102,1051308,1051361,1051455,1051480,1051523,1051556,1051589,1051663,1051668,1051700,1051703,1051719
248:1048615,1048698,1048818,1048826,1048853,1049245,1049296,1049798,1049845,1049882,1049959,1050000,1050029,1050046,1050091,1050116,1050124,1050177,1050187,1050428,1050443,1050503,1050513,1050605,1050636,1050752,1050827,1050836,1050850,1050928,1051026,1051074,1051241,1051314,1051498,1051515,1051562,1051721
264:1048615,1048651,1048758,1048791,1048889,1049190,1049204,1049360,1049367,1049421,1049424,1049425,1049505,1049552,1049672,1049684,1049736,1049739,1049747,1049788,1049812,1049839,1049856,1049899,1049929,1049987,1050005,1050043,1050062,1050098,1050128,1050139,1050164,1050259,1050358,1050504,1050559,1050610,1050628,1050672,1050776,1050786,1050795,1050796,1050838,1050844,1050848,1050876,1050914,1050996,1051028,1051092,1051179,1051191,1051226,1051249,1051266,1051292,1051319,1051431,1051448,1051522,1051531,1051608,1051677,1051688
280:1048616,1048643,1048672,1048811,1048878,1049015,1049133,1049160,1049517,1049585,1049769,1049832,1049899,1049984,1050002,1050031,1050082,1050146,1050164,1050212,1050270,1050274,1050340,1050367,1050385,1050592,1050634,1050672,1050684,1050702,1050741,1050873,1050884,1050945,1050965,1051097,1051220,1051283,1051351,1051385,1051388,1051457,1051462,1051507,1051526,1051536,1051552,1051554,1051560,1051587,1051597,1051610,1051666,1051675,1051686,1051725,1051754,1051756,1051757,1051758
296:1048620,1048657,1048719,1049937,1049965,1049968,1050240,1050742,1050849,1051382,1051465,1051504,1051750,1051774
312:1048621,1048643,1048657,1048681,1048686,1048691,1048699,1048719,1048797,1048816,1048826,1048829,1048851,1048875,1048896,1048904,1048907,1049010,1049016,1049037,1049039,1049054,1049067,1049106,1049108,1049160,1049173,1049191,1049194,1049212,1049230,1049250,1049266,1049269,1049296,1049303,1049305,1049306,1049374,1049403,1049430,1049431,1049433,1049440,1049442,1049465,1049466,1049469,1049470,1049537,1049538,1049549,1049557,1049576,1049582,1049584,1049585,1049604,1049605,1049608,1049621,1049624,1049625,1049647,1049672,1049673,1049683,1049697,1049709,1049710,1049721,1049722,1049727,1049729,1049730,1049737,1049744,1049755,1049756,1049763,1049769,1049805,1049811,1049812,1049822,1049823,1049828,1049842,1049845,1049846,1049855,1049863,1049865,1049867,1049870,1049883,1049884,1049898,1049900,1049908,1049915,1049919,1049921,1049924,1049929,1049937,1049940,1049941,1049956,1049960,1049961,1049967,1049969,1049972,1049988,1049992,1050002,1050006,1050015,1050035,1050051,1050063,1050071,1050072,1050079,1050080,1050090,1050099,1050110,1050116,1050118,1050124,1050125,1050145,1050146,1050164,1050166,1050179,1050184,1050185,1050188,1050194,1050202,1050206,1050207,1050210,1050211,1050217,1050226,1050228,1050234,1050239,1050246,1050252,1050254,1050255,1050256,1050260,1050261,1050269,1050270,1050271,1050272,1050275,1050284,1050293,1050295,1050300,1050313,1050314,1050315,1050318,1050319,1050323,1050327,1050329,1050339,1050340,1050342,1050346,1050356,1050357,1050360,1050363,1050367,1050368,1050380,1050381,1050382,1050400,1050411,1050419,1050420,1050422,1050428,1050429,1050431,1050446,1050450,1050451,1050452,1050454,1050459,1050460,1050461,1050467,1050476,1050485,1050490,1050504,1050506,1050508,1050509,1050514,1050523,1050533,1050534,1050536,1050547,1050548,1050550,1050553,1050563,1050572,1050575,1050578,1050579,1050592,1050593,1050605,1050606,1050611,1050622,1050628,1050629,1050651,1050652,1050667,1050682,1050686,1050688,1050689,1050700,1050709,1050721,1050725,1050726,1050727,1050728,1050730,1050738,1050751,1050752,1050756,1050762,1050764,1050769,1050770,1050778,1050784,1050790,1050792,1050793,1050805,1050821,1050822,1050824,1050826,1050827,1050829,1050838,1050840,1050842,1050847,1050850,1050858,1050860,1050864,1050872,1050875,1050876,1050877,1050880,1050887,1050889,1050895,1050896,1050899,1050913,1050918,1050920,1050931,1050941,1050942,1050944,1050945,1050958,1050963,1050971,1050976,1050982,1050988,1050995,1051008,1051012,1051013,1051024,1051027,1051029,1051032,1051045,1051055,1051057,1051059,1051060,1051065,1051066,1051070,1051090,1051097,1051099,1051100,1051101,1051112,1051121,1051130,1051131,1051132,1051134,1051135,1051136,1051142,1051143,1051144,1051145,1051154,1051155,1051161,1051167,1051171,1051193,1051194,1051197,1051200,1051202,1051203,1051205,1051206,1051207,1051219,1051220,1051221,1051225,1051231,1051239,1051240,1051242,1051243,1051249,1051254,1051255,1051259,1051276,1051285,1051289,1051291,1051294,1051297,1051298,1051314,1051317,1051319,1051320,1051322,1051325,1051326,1051340,1051346,1051351,1051354,1051359,1051369,1051373,1051374,1051394,1051398,1051403,1051407,1051409,1051410,1051411,1051413,1051414,1051415,1051417,1051421,1051426,1051430,1051433,1051435,1051437,1051438,1051440,1051443,1051446,1051455,1051458,1051464,1051465,1051466,1051467,1051475,1051479,1051480,1051482,1051487,1051488,1051491,1051498,1051500,1051501,1051504,1051511,1051520,1051521,1051523,1051524,1051525,1051529,1051530,1051533,1051537,1051538,1051541,1051543,1051544,1051547,1051548,1051552,1051554,1051555,1051556,1051559,1051563,1051564,1051565,1051572,1051574,1051575,1051577,1051578,1051579,1051580,1051581,1051583,1051587,1051589,1051591,1051593,1051595,1051596,1051597,1051600,1051602,1051603,1051610,1051612,1051613,1051615,1051616,1051617,1051623,1051624,1051625,1051632,1051639,1051644,1051646,1051647,1051650,1051653,1051654,1051656,1051658,1051660,1051668,1051669,1051670,1051674,1051675,1051681,1051683,1051685,1051687,1051688,1051691,1051695,1051696,1051699,1051705,1051710,1051712,1051713,1051716,1051717,1051718,1051722,1051731,1051735,1051737,1051738,1051739,1051740,1051742,1051749,1051754,1051756,1051778
328:1048621,1048992
344:1048623
360:1048623,1050043,1050098,1050216,1050246,1050314,1050498,1050611,1050753,1050770,1050849,1051111,1051458,1051482,1051583,1051609
376:1048623,1048840,1048873,1049066,1049371,1049577,1049759,1049884,1049964,1049984,1050047,1050195,1050201,1050316,1050338,1050419,1050491,1050599,1050705,1050714,1050821,1050826,1050861,1050929,1050974,1050987,1051093,1051283,1051301,1051324,1051362,1051390,1051498,1051504,1051522,1051634,1051655,1051659,1051678,1051711
392:1048623,1048896,1048992,1049466,1049928,1050020,1050062,1050301,1050464,1050773,1050785,1051061,1051385,1051500,1051526,1051651,1051665,1051667,1051757
408:1048626,1048711,1048931,1048977,1048978,1049023,1049024,1049277,1049371,1049442,1049544,1049552,1049580,1049587,1049737,1049795,1049796,1049814,1049857,1049862,1049925,1050379,1050381,1050417,1050422,1050559,1050566,1050585,1050785,1050901,1050921,1050966,1051020,1051032,1051103,1051104,1051105,1051176,1051216,1051271,1051446,1051482,1051500,1051540,1051589,1051732,1051737
424:1048629
440:1048633,1049039,1049173,1049191,1049245,1049517,1049576,1049624,1049730,1049735,1049856,1049899,1049916,1049983,1049988,1050031,1050102,1050147,1050176,1050273,1050275,1050358,1050359,1050363,1050384,1050386,1050563,1050657,1050667,1050702,1050735,1050840,1050917,1050920,1050971,1051045,1051074,1051147,1051277,1051280,1051461,1051468,1051505,1051506,1051536,1051554,1051564,1051651,1051662,1051738,1051748
456:1048633
472:1048636
488:1048638,1049423,1049745,1049810,1049899,1049907,1049916,1049969,1049987,1049988,1050006,1050044,1050045,1050061,1050165,1050203,1050216,1050343,1050345,1050431,1050436,1050446,1050535,1050572,1050573,1050595,1050610,1050670,1050742,1050767,1050808,1050864,1050894,1050898,1050944,1051032,1051055,1051168,1051197,1051220,1051257,1051362,1051408,1051425,1051458,1051484,1051495,1051504,1051513,1051524,1051529,1051560,1051573,1051611,1051635,1051644,1051651,1051652,1051654,1051660,1051717,1051718,1051752,1051754,1051756
504:1048641,1049817,1049951
520:1048643,1048851,1048897,1048983,1049049,1049270,1049299,1049424,1049430,1049519,1049547,1049607,1049641,1049733,1049769,1049801,1049827,1049889,1049924,1049960,1050045,1050051,1050060,1050078,1050080,1050145,1050163,1050202,1050227,1050251,1050252,1050272,1050303,1050339,1050346,1050419,1050429,1050464,1050499,1050502,1050511,1050534,1050551,1050621,1050654,1050667,1050670,1050686,1050735,1050738,1050755,1050771,1050777,1050793,1050863,1050873,1050879,1050920,1050953,1050961,1050965,1050982,1051027,1051055,1051059,1051060,1051068,1051091,1051132,1051156,1051206,1051249,1051262,1051263,1051303,1051324,1051340,1051388,1051391,1051443,1051456,1051457,1051460,1051481,1051493,1051551,1051552,1051578,1051651,1051667,1051693,1051709,1051717,1051722,1051740,1051772
536:1048643
552:1048645,1048686,1048816,1048910,1049330,1049399,1049516,1049566,1049657,1049721,1049745,1049770,1049810,1049977,1050183,1050190,1050209,1050218,1050301,1050357,1050506,1050521,1050623,1050719,1050761,1050861,1050930,1051100,1051144,1051167,1051180,1051181,1051296,1051375,1051545,1051565,1051645,1051706,1051741,1051757
568:1048646,1048667,1048670,1048678,1048681,1048896,1048992,1049191,1049194,1049252,1049301,1049330,1049399,1049587,1049728,1049791,1049800,1050037,1050050,1050058,1050101,1050164,1050179,1050194,1050251,1050271,1050300,1050303,1050319,1050422,1050428,1050437,1050453,1050513,1050532,1050537,1050547,1050712,1050741,1050773,1050785,1050792,1050848,1050858,1050881,1050885,1050892,1050973,1050996,1051046,1051063,1051074,1051101,1051129,1051157,1051206,1051209,1051242,1051255,1051262,1051287,1051296,1051401,1051422,1051434,1051467,1051481,1051515,1051519,1051531,1051538,1051561,1051586,1051621,1051642,1051643,1051645,1051667,1051673,1051687,1051689,1051769,1051776
584:1048646
600:1048646,1049270,1049608,1049618,1050323,1050429,1050534,1050681,1050757,1051072,1051627,1051687,1051688
616:1048653,1048910,1048991,1049111,1049190,1049424,1049471,1049548,1049585,1049604,1049605,1049624,1049718,1049722,1049744,1049769,1049772,1049781,1049787,1049818,1049849,1049853,1049854,1049856,1049938,1049966,1049977,1049978,1049986,1049990,1050008,1050089,1050095,1050100,1050102,1050111,1050141,1050143,1050211,1050213,1050220,1050247,1050248,1050254,1050264,1050300,1050302,1050341,1050359,1050382,1050414,1050441,1050445,1050449,1050463,1050465,1050476,1050483,1050507,1050515,1050530,1050541,1050551,1050575,1050626,1050635,1050671,1050719,1050723,1050735,1050752,1050759,1050778,1050782,1050791,1050811,1050823,1050829,1050836,1050839,1050841,1050850,1050917,1050929,1050930,1050941,1051013,1051026,1051062,1051073,1051110,1051122,1051142,1051181,1051185,1051231,1051261,1051267,1051271,1051286,1051302,1051324,1051384,1051402,1051410,1051420,1051425,1051434,1051437,1051468,1051531,1051576,1051585,1051588,1051615,1051616,1051621,1051623,1051627,1051630,1051651,1051656,1051659,1051669,1051682,1051718,1051732,1051742,1051758,1051775
632:1048653,1050039
648:1048655,1049270,1049944,1050129,1050169,1050316,1050466,1050577,1050793,1050944,1051177,1051203,1051221,1051346,1051672
664:1048660,1048742,1048813,1048859,1048904,1048971,1049016,1049036,1049039,1049067,1049100,1049108,1049206,1049208,1049218,1049250,1049296,1049301,1049400,1049401,1049487,1049506,1049517,1049525,1049549,1049577,1049578,1049587,1049589,1049609,1049620,1049637,1049658,1049679,1049710,1049716,1049718,1049735,1049745,1049746,1049800,1049809,1049810,1049811,1049812,1049825,1049830,1049835,1049846,1049847,1049882,1049883,1049900,1049919,1049940,1049941,1049956,1049963,1049973,1049979,1049983,1049990,1049998,1049999,1050010,1050057,1050072,1050073,1050082,1050090,1050092,1050101,1050104,1050147,1050179,1050180,1050186,1050188,1050198,1050207,1050212,1050225,1050228,1050233,1050259,1050284,1050301,1050307,1050323,1050355,1050357,1050376,1050382,1050384,1050398,1050430,1050433,1050460,1050486,1050491,1050505,1050531,1050549,1050564,1050572,1050592,1050600,1050605,1050608,1050625,1050637,1050640,1050702,1050717,1050751,1050756,1050763,1050773,1050791,1050792,1050793,1050801,1050820,1050861,1050864,1050885,1050900,1050950,1050962,1050971,1051012,1051021,1051022,1051046,1051069,1051091,1051097,1051098,1051117,1051135,1051180,1051220,1051232,1051242,1051273,1051274,1051276,1051291,1051294,1051314,1051316,1051339,1051340,1051373,1051385,1051386,1051387,1051394,1051395,1051398,1051406,1051410,1051413,1051421,1051437,1051446,1051452,1051465,1051491,1051493,1051498,1051500,1051504,1051512,1051519,1051520,1051522,1051543,1051545,1051552,1051553,1051555,1051563,1051564,1051576,1051597,1051601,1051607,1051622,1051630,1051634,1051644,1051653,1051658,1051661,1051667,1051720,1051724,1051751,1051769
680:1048667,1049470,1049659,1049692,1049718,1049961,1050019,1050208,1050278,1050327,1050575,1050683,1050792,1050807,1050820,1050919,1051144,1051221,1051240,1051309,1051386,1051420,1051422,1051430,1051468,1051486,1051621,1051682,1051718
696:1048667,1049245,1049425,1049525,1049603,1049738,1049742,1049798,1050029,1050116,1050146,1050280,1050313,1050419,1050713,1050735,1050841,1051029,1051061,1051142,1051156,1051207,1051292,1051395,1051466,1051580,1051616,1051623,1051641,1051686,1051702
712:1048670,1049546,1049547,1049663,1049846,1049934,1050161,1050184,1050197,1050202,1050238,1050400,1050463,1050514,1050551,1050698,1050714,1050749,1050785,1050934,1050985,1051026,1051099,1051113,1051170,1051226,1051232,1051241,1051262,1051279,1051375,1051392,1051420,1051426,1051465,1051555,1051599,1051642,1051670,1051775
728:1048671
744:1048673,1048728,1048840,1049009,1049049,1049101,1049103,1049159,1049257,1049274,1049295,1049306,1049335,1049366,1049401,1049419,1049487,1049491,1049503,1049517,1049527,1049535,1049536,1049539,1049562,1049563,1049581,1049610,1049628,1049637,1049643,1049663,1049671,1049693,1049694,1049714,1049725,1049754,1049758,1049783,1049784,1049785,1049788,1049798,1049819,1049820,1049829,1049836,1049838,1049841,1049851,1049852,1049857,1049880,1049890,1049909,1049927,1049940,1049978,1049991,1050007,1050028,1050039,1050058,1050063,1050078,1050098,1050126,1050147,1050177,1050204,1050207,1050221,1050222,1050224,1050249,1050251,1050255,1050292,1050298,1050381,1050382,1050387,1050446,1050475,1050501,1050505,1050514,1050522,1050533,1050578,1050606,1050628,1050629,1050658,1050690,1050729,1050842,1050892,1050940,1050941,1050998,1051008,1051058,1051089,1051118,1051151,1051184,1051195,1051242,1051249,1051280,1051296,1051395,1051490,1051599,1051609,1051635,1051764,1051774,1051776,1051777
760:1048678,1049170,1051720
776:1048678,1049055,1049109,1049604,1049847,1050508
792:1048679,1049015,1049147,1049148,1049294,1049424,1049626,1049663,1049781,1049850,1049906,1049960,1050058,1050061,1050091,1050125,1050162,1050213,1050240,1050275,1050285,1050402,1050501,1050534,1050610,1050637,1050688,1050882,1050947,1050963,1051045,1051127,1051302,1051408,1051463,1051464,1051480,1051490,1051577,1051658,1051670,1051684,1051709,1051762
808:1048679,1048955,1049102,1049106,1049219,1049269,1049330,1049427,1049578,1049644,1049687,1049710,1049718,1049720,1049774,1049826,1049840,1049846,1049925,1049941,1049968,1049977,1049986,1050016,1050045,1050060,1050078,1050092,1050104,1050115,1050124,1050125,1050180,1050183,1050205,1050233,1050240,1050271,1050275,1050323,1050325,1050327,1050367,1050385,1050403,1050482,1050505,1050506,1050533,1050572,1050579,1050605,1050608,1050623,1050625,1050626,1050637,1050653,1050716,1050741,1050752,1050761,1050777,1050821,1050837,1050838,1050843,1050851,1050858,1050892,1050934,1050950,1050962,1050963,1050983,1051028,1051030,1051098,1051099,1051118,1051142,1051154,1051171,1051173,1051181,1051197,1051198,1051203,1051242,1051270,1051286,1051289,1051301,1051303,1051324,1051382,1051394,1051412,1051438,1051449,1051459,1051467,1051472,1051477,1051493,1051501,1051512,1051522,1051526,1051528,1051530,1051537,1051543,1051553,1051588,1051590,1051597,1051628,1051645,1051673,1051682,1051683,1051689,1051706,1051709,1051714,1051755
824:1048681,1049253,1049855,1050226,1050443,1050795,1050952,1051173,1051267,1051320,1051395,1051538,1051543,1051615,1051677,1051689,1051695,1051777
840:1048683,1048721,1048744,1048851,1049212,1049609,1049774,1049957,1049984,1050019,1050090,1050129,1050186,1050298,1050310,1050340,1050466,1050577,1050578,1050592,1050594,1050717,1050755,1050806,1050873,1050886,1050892,1050894,1050932,1050957,1051090,1051103,1051104,1051147,1051160,1051245,1051267,1051314,1051315,1051418,1051494,1051590,1051601,1051602,1051721,1051723,1051763
856:1048686,1049742,1050228,1050429
872:1048691,1049736
888:1048692,1050299
904:1048698,1049212
920:1048699,1048702,1050709
936:1048705,1048918,1048943,1048946,1049424,1050295,1050897,1050902,1051590,1051660
952:1048709
968:1048715,1048727,1048944,1049201,1050015,1050100,1050719,1050769,1050932,1051706
984:1048719,1048818,1048989,1049070,1049194,1049245,1049252,1049306,1049336,1049367,1049374,1049424,1049524,1049536,1049621,1049710,1049718,1049720,1049721,1049730,1049746,1049757,1049773,1049798,1049810,1049811,1049869,1049882,1049898,1049907,1049923,1049926,1050000,1050014,1050050,1050058,1050072,1050098,1050109,1050117,1050139,1050147,1050168,1050169,1050177,1050187,1050188,1050217,1050219,1050226,1050229,1050239,1050254,1050284,1050300,1050302,1050316,1050318,1050381,1050399,1050430,1050454,1050465,1050490,1050499,1050551,1050593,1050605,1050625,1050651,1050672,1050735,1050743,1050750,1050752,1050753,1050754,1050771,1050777,1050778,1050791,1050807,1050841,1050862,1050874,1050875,1050883,1050889,1050895,1050901,1050915,1050947,1050996,1050999,1051013,1051031,1051067,1051074,1051100,1051112,1051171,1051197,1051202,1051206,1051262,1051267,1051270,1051272,1051276,1051302,1051322,1051340,1051341,1051352,1051376,1051401,1051408,1051410,1051421,1051431,1051462,1051464,1051472,1051474,1051476,1051487,1051494,1051506,1051513,1051514,1051529,1051543,1051547,1051568,1051569,1051577,1051580,1051583,1051596,1051599,1051620,1051645,1051652,1051656,1051660,1051669,1051671,1051678,1051695,1051729,1051731,1051740,1051771,1051776
1000:1048720,1049845,1050808,1051418
1016:1048721,1048907,1049173,1049193,1049429,1049604,1049690,1049846,1050062,1050119,1050299,1050317,1050443,1050467,1050521,1050551,1050772,1050778,1050821,1050826,1050833,1050891,1050934,1050981,1051012,1051099,1051195,1051201,1051206,1051226,1051263,1051285,1051297,1051303,1051340,1051401,1051404,1051421,1051463,1051468,1051532,1051553,1051566,1051596,1051613,1051616,1051659,1051686,1051690,1051715,1051722,1051723,1051733,1051752
1032:1048729,1049519,1049774,1050029,1050213,1050888,1050944
1048:1048740,1049335,1050059,1050444,1051109
1064:1048749,1048873,1049072,1049108,1049442,1049590,1049627,1049849,1049926,1049938,1049982,1050015,1050178,1050220,1050357,1050442,1050506,1050572,1050710,1050789,1050861,1050872,1050948,1050990,1051006,1051009,1051119,1051170,1051174,1051180,1051242,1051372,1051437,1051452,1051661,1051718
1080:1048756,1049275,1049287,1050739
1096:1048760,1048779,1049054,1049112,1049303,1049672,1049720,1049744,1050050,1050066,1050141,1050213,1050285,1050300,1050324,1050363,1050382,1050511,1050521,1050617,1050658,1050735,1050749,1050754,1050767,1050785,1050792,1050863,1050912,1050915,1050917,1050951,1050995,1051032,1051074,1051143,1051219,1051232,1051272,1051274,1051275,1051278,1051315,1051339,1051369,1051377,1051396,1051425,1051426,1051440,1051441,1051444,1051455,1051471,1051482,1051487,1051494,1051520,1051556,1051579,1051584,1051589,1051606,1051655,1051678,1051679,1051732,1051769,1051778
1112:1048761,1051007,1051054,1051235
1128:1048772,1048869,1048909,1048929,1049353,1050111,1050393,1051713
1144:1048777,1049329,1049754,1049915,1049938,1049990,1050003,1050037,1050081,1050178,1050217,1050316,1050402,1050404,1050466,1050578,1050889,1051074,1051146,1051172,1051242,1051371,1051418,1051441,1051521,1051526,1051587,1051598,1051618,1051631,1051758
1160:1048780,1049486,1050426
1176:1048788,1050554,1050699,1051166
1192:1048796
1208:1048799,1048853,1050001
1224:1048809,1048981,1049102,1049228,1049369,1049424,1049717,1049763,1049798,1049828,1049883,1049900,1049954,1049988,1049990,1050066,1050164,1050177,1050183,1050200,1050209,1050268,1050273,1050399,1050453,1050505,1050547,1050595,1050629,1050650,1050716,1050786,1050899,1050971,1051199,1051298,1051309,1051346,1051361,1051434,1051529,1051547,1051564,1051608,1051755,1051777
1240:1048812,1049103,1049719
1256:1048816,1049399,1049710,1049856,1050050,1050420,1050507,1050572,1050712,1050790,1051072,1051395,1051425,1051465,1051469,1051531,1051695
1272:1048817,1048857,1049194,1049245,1049585,1049729,1049730,1049775,1049798,1049834,1049839,1049847,1049884,1049954,1050094,1050102,1050128,1050168,1050226,1050227,1050249,1050322,1050421,1050431,1050452,1050550,1050552,1050622,1050702,1050752,1050769,1050790,1050917,1050943,1051026,1051109,1051147,1051255,1051361,1051424,1051427,1051474,1051500,1051555,1051593,1051685,1051704,1051719,1051740,1051746
1288:1048818,1050037,1050123,1050422,1050536,1050764,1050806,1051065,1051205,1051267,1051714,1051724,1051731,1051747
1304:1048821
1320:1048823,1050339
1336:1048826
1352:1048829
1368:1048831,1048876,1049086,1049352,1049511,1050808
1384:1048835,1049479,1049480,1049481,1049482,1050550,1051007
1400:1048843,1048844,1048845,1048846,1048847,1048848,1048849,1048850,1048851,1048852,1048853,1048854,1048855,1048976,1049424,1049581,1049637,1049673,1049759,1049822,1049857,1050078,1050080,1050081,1050092,1050100,1050110,1050127,1050162,1050186,1050201,1050255,1050303,1050310,1050326,1050329,1050452,1050454,1050463,1050476,1050535,1050595,1050655,1050703,1050737,1050751,1050756,1050803,1050872,1050934,1051008,1051010,1051013,1051025,1051029,1051057,1051074,1051075,1051097,1051102,1051116,1051134,1051154,1051171,1051221,1051255,1051295,1051309,1051325,1051343,1051348,1051408,1051420,1051475,1051477,1051486,1051529,1051530,1051544,1051581,1051647,1051687,1051692,1051704,1051728
1416:1048851,1050286,1050430,1050547,1050769,1050794,1051075,1051146,1051197,1051317,1051497,1051503,1051631,1051642,1051677
1432:1048853,1048971,1049190,1049271,1049273,1049305,1049371,1049500,1049515,1049674,1049759,1049870,1049926,1050013,1050119,1050224,1050252,1050254,1050301,1050314,1050500,1050577,1050606,1050639,1050688,1050769,1050808,1050933,1050934,1051026,1051072,1051179,1051200,1051303,1051321,1051328,1051343,1051431,1051475,1051491,1051541,1051544,1051562,1051566,1051573,1051649,1051650,1051681,1051687,1051731,1051748
1448:1048857,1048895,1048896,1048904,1049170,1049205,1049435,1049440,1049539,1049603,1049710,1049724,1049730,1049754,1049758,1049790,1049823,1049837,1049857,1049941,1049964,1050008,1050029,1050030,1050046,1050163,1050166,1050226,1050313,1050356,1050436,1050592,1050713,1050721,1050725,1050777,1050880,1050885,1050891,1050931,1051072,1051101,1051470,1051481,1051487,1051579,1051720
1464:1048859
1480:1048861,1048888
1496:1048866,1049294,1049837,1050034
1512:1048873,1048972,1049606,1049610,1049867,1049906,1049991,1050000,1050059,1050072,1050168,1050187,1050206,1050227,1050258,1050301,1050323,1050362,1050502,1050547,1050656,1050713,1050752,1050770,1050841,1050916,1051008,1051012,1051045,1051099,1051172,1051196,1051197,1051249,1051413,1051427,1051433,1051445,1051511,1051513,1051546,1051576,1051643,1051680,1051687,1051709,1051741,1051746,1051759
1528:1048875,1049167,1049169,1049170,1049171,1049172,1049173,1049174,1049175,1049176,1049177,1049178,1049179,1049205,1049213,1049374,1049428,1049493,1049520,1049743,1049852,1049857,1050063,1050139,1050773,1050892,1051024,1051280,1051319,1051396,1051462,1051490,1051579,1051720
1544:1048878,1049557,1049971,1050008,1050081,1050125,1050363,1050464,1050498,1050722,1050756,1050763,1050873,1050877,1050945,1050954,1051199,1051249,1051291,1051293,1051309,1051387,1051388,1051439,1051468,1051486,1051491,1051514,1051532,1051552,1051586,1051599,1051600,1051601,1051680,1051705,1051706,1051720
1560:1048886,1048922,1049423,1049837,1049899,1049948,1050015,1050072,1050163,1050183,1050240,1050247,1050270,1050299,1050419,1050450,1050467,1050523,1050531,1050719,1050735,1050750,1050754,1050778,1050828,1050860,1050883,1050889,1050950,1050971,1051142,1051167,1051195,1051267,1051274,1051403,1051412,1051506,1051554,1051576,1051600,1051652,1051653,1051667,1051670,1051706,1051723
1576:1048894,1049039,1049072,1049102,1049253,1049292,1049399,1049626,1049744,1049829,1049878,1049898,1049965,1050033,1050066,1050089,1050220,1050240,1050245,1050343,1050362,1050431,1050590,1050611,1050626,1050627,1050700,1050764,1050808,1050840,1050996,1050998,1051030,1051031,1051069,1051098,1051099,1051194,1051259,1051270,1051296,1051326,1051382,1051439,1051448,1051453,1051515,1051530,1051589,1051596,1051669,1051689,1051690,1051724,1051738,1051748
1592:1048896,1049266
1608:1048896
1624:1048897,1049429,1049754,1049966,1049984,1050007,1050201,1050204,1050327,1050404,1051424,1051523,1051621,1051691,1051773
1640:1048902
1656:1048909
1672:1048916,1050074,1050075,1050097
1688:1048927,1050808,1051603,1051722
1704:1048942,1049295,1049524,1049587,1049595,1049599,1049759,1049840,1049881,1049925,1049974,1049975,1050028,1050124,1050127,1050144,1050194,1050210,1050258,1050266,1050310,1050312,1050320,1050343,1050361,1050401,1050453,1050501,1050636,1050659,1050685,1050687,1050712,1050754,1050786,1050915,1051051,1051080,1051121,1051178,1051259,1051273,1051277,1051278,1051308,1051314,1051315,1051361,1051370,1051391,1051411,1051416,1051477,1051483,1051486,1051496,1051497,1051498,1051561,1051571,1051576,1051609,1051687,1051747
1720:1048951
1736:1048958
1752:1048969
1768:1048972,1050008,1050185,1050226,1050299,1050300,1050501,1050769,1050864,1050947,1051132,1051270,1051713,1051727
1784:1048980,1049249,1049524,1049674,1049718,1049798,1049966,1050001,1050169,1050219,1050266,1050297,1050302,1050341,1050565,1050668,1050760,1050840,1051142,1051195,1051272,1051287,1051289,1051299,1051374,1051383,1051409,1051430,1051455,1051460,1051548,1051572,1051621,1051627,1051687,1051738
1800:1048985,1051267,1051403
1816:1048991
1832:1048992,1049641,1049691,1049720,1049756,1049759,1049774,1049855,1050050,1050102,1050164,1050380,1050437,1050452,1050465,1050483,1050717,1050762,1050803,1050940,1051027,1051046,1051067,1051075,1051101,1051169,1051325,1051415,1051494,1051495,1051565,1051625,1051629,1051649,1051703,1051722
1848:1049002,1049446,1050375
1864:1049007
1880:1049013,1049180,1049270,1049688,1049809,1049940,1050118,1050129,1050239,1051361,1051401,1051403
1896:1049015,1049106,1049536,1049556,1049627,1049811,1049884,1049908,1049922,1049987,1050066,1050270,1050300,1050367,1050400,1050487,1050591,1050688,1050717,1050827,1050877,1050903,1050917,1050950,1051057,1051060,1051193,1051218,1051634,1051710,1051717,1051758
1912:1049016
1928:1049025,1049183,1049187,1049224,1049225,1049597,1049993
1944:1049035,1049314
1960:1049037,1049549,1049900,1051329
1976:1049045,1049281,1049313,1049479,1049578,1049614,1049685,1049844,1050100,1050243,1050244,1050254,1050357,1050392,1050412,1050492,1050496,1050505,1050804,1050905,1050922,1050929,1050930,1050968,1050984,1051214,1051710
1992:1049054,1049245,1049270,1049369,1049734,1050050,1050064,1050072,1050092,1050168,1050202,1050203,1050419,1050437,1050449,1050549,1050629,1050672,1050756,1050942,1050962,1051351,1051418,1051462,1051639,1051683,1051709,1051728,1051757,1051758
2008:1049059,1049731
2024:1049065,1049399,1049776,1049781,1049825,1049884,1049899,1049937,1050041,1050042,1050164,1050166,1050178,1050272,1050342,1050404,1050467,1050500,1050504,1050531,1050552,1050553,1050578,1050579,1050653,1050680,1050727,1050763,1050786,1050807,1050888,1050916,1050918,1050977,1050996,1051069,1051179,1051249,1051262,1051395,1051403,1051499,1051542,1051563,1051624,1051700
2040:1049070,1051668
2056:1049079,1049117,1049224,1050047,1050776,1051389,1051537,1051667
2072:1049102,1049466,1049546,1049577,1049623,1049637,1049925,1049954,1050092,1050144,1050168,1050266,1050297,1050343,1050418,1050427,1050451,1050500,1050563,1050628,1050657,1050755,1050769,1050808,1050826,1050864,1050947,1050985,1051012,1051098,1051102,1051109,1051129,1051220,1051245,1051274,1051302,1051561,1051617,1051619,1051642,1051652,1051672,1051685,1051722
2088:1049106,1049973,1049988,1050203,1050942,1051209,1051280,1051385,1051585,1051651,1051715
2104:1049106
2120:1049108,1049160,1049205,1049624,1049882,1049937,1049990,1050005,1050008,1050063,1050147,1050187,1050216,1050297,1050302,1050310,1050313,1050411,1050431,1050590,1050621,1050671,1050750,1050821,1050877,1050914,1050940,1051074,1051195,1051196,1051206,1051227,1051255,1051263,1051275,1051301,1051305,1051382,1051432,1051491,1051556,1051583,1051585,1051591,1051627,1051651,1051652,1051700,1051717,1051727,1051729,1051732
2136:1049111
2152:1049115,1049126
2168:1049133,1049160,1049268,1049303,1049674,1049812,1050196,1050491,1051059,1051396,1051482,1051589
2184:1049145
2200:1049154
2216:1049160
2232:1049166,1049283,1051257,1051767
2248:1049172
2264:1049180,1050465,1050883,1051468
2280:1049191,1049742,1049827,1050228,1050240,1050278,1050713,1050722,1050792,1050822,1050828,1050873,1050931,1050943,1050955,1051055,1051239,1051293,1051360,1051526,1051676,1051779
2296:1049191
2312:1049193,1049429,1049641,1049853,1050877
2328:1049194,1049429,1049600,1051193,1051586,1051614
2344:1049200
2360:1049207
2376:1049213
2392:1049225,1049407
2408:1049233
2424:1049241
2440:1049245,1049576,1049578,1049992,1051224,1051326,1051573,1051652,1051692,1051711,1051718
2456:1049245,1049268,1049746,1050225,1050386,1050655,1051058,1051315,1051614
2472:1049245,1050018,1050051,1051074,1051244,1051453
2488:1049250
2504:1049250,1049299,1049692,1049810,1049961,1050106,1050621,1050851,1050863,1050892,1050942,1050944,1051280,1051506,1051616,1051621,1051628,1051752,1051757
2520:1049253,1050713,1050753,1050773,1051168,1051719
2536:1049262,1049649
2552:1049268,1049883,1050771
2568:1049270,1049984,1050725,1050793,1050919,1051110
2584:1049271,1049430,1049740,1050343,1051101
2600:1049273
2616:1049280,1049343,1049463
2632:1049292,1049555,1049781,1050226,1050422,1050771,1051144,1051229,1051408,1051671
2648:1049299,1051772
2664:1049299,1050427,1050609
2680:1049302
2696:1049306,1049642,1049870,1050213,1050442,1050461,1050743,1050864,1051091,1051240,1051249,1051262,1051271,1051298,1051408,1051432,1051519,1051658,1051681,1051687
2712:1049315,1049342,1049343,1049462,1049463,1050058,1051253
2728:1049324
2744:1049334
2760:1049342,1049343,1049462,1049463
2776:1049355
2792:1049367
2808:1049371,1050323,1051072,1051298
2824:1049380
2840:1049392,1049499
2856:1049400,1049539
2872:1049404
2888:1049413,1049947,1050290,1050389,1050390
2904:1049424,1049687,1049692,1049730,1049937,1050029,1050343,1050977,1050999,1051011,1051026,1051199,1051275,1051352,1051392,1051415,1051506,1051520,1051583,1051596,1051608,1051671,1051695
2920:1049429,1049738,1050184,1050977,1051309,1051401,1051474,1051546,1051547,1051702
2936:1049434,1049659
2952:1049442,1050750,1051098
2968:1049465,1051274
2984:1049470
3000:1049502,1050753,1051478
3016:1049517
3032:1049525,1049823
3048:1049529
3064:1049539,1049909,1049967,1050929,1050985,1051062,1051183,1051354,1051530
3080:1049543,1049955,1050635,1051608
3096:1049547,1050256,1050551,1050621,1050735,1050863,1050882,1051026,1051027,1051099,1051136,1051285,1051290,1051291,1051293,1051297,1051303,1051340,1051457,1051506,1051534,1051540,1051543,1051565,1051662,1051709,1051743,1051744
3112:1049549
3128:1049556,1050028,1050317,1051173,1051451,1051662
3144:1049566,1049657
3160:1049574
3176:1049577,1050272,1050971,1051072,1051274
3192:1049578,1049600,1049759,1049822,1049832,1049890,1050737,1051317
3208:1049583,1050928
3224:1049587
3240:1049591,1049835,1050008,1050275,1050943,1051267
3256:1049599,1050124,1050140,1050197,1050273,1050427,1050609,1050950,1050953,1051147,1051413,1051441,1051453,1051521,1051672
3272:1049607,1051686
3288:1049609,1050047,1050344,1050591,1050671,1050722,1050934,1051200,1051462,1051652,1051687,1051756
3304:1049617,1049892
3320:1049622,1049689,1049737,1049968,1050363,1050605,1050735
3336:1049626
3352:1049636
3368:1049643
3384:1049656,1050158
3400:1049664
3416:1049674,1049973,1050020,1051158,1051236,1051717
3432:1049674,1050020
3448:1049683,1049910,1050261,1050466,1050945,1051101,1051326
3464:1049687,1049983,1050162,1051672
3480:1049688,1049972,1050100,1050140,1050501,1050778,1051601
3496:1049693
3512:1049709,1049823,1049962,1049971,1050008,1050028,1050162,1050200,1050742,1051301,1051778
3528:1049718,1049756
3544:1049720,1049941,1050363,1050421,1050437,1050452,1051626,1051636,1051637,1051638
3560:1049725
3576:1049730
3592:1049735,1049923,1049966
3608:1049737,1051204
3624:1049741
3640:1049745,1050312,1050343,1050399,1050400,1050590,1050605,1050636,1050688,1050754,1050876,1050998,1051156,1051308,1051314,1051496,1051620,1051668,1051669
3656:1049746,1051426,1051583,1051608,1051727
3672:1049753,1050440
3688:1049755,1049898,1050045,1051045
3704:1049757,1049973,1050099,1050218,1050511,1050733,1050749,1050782,1051074,1051433,1051438,1051525
3720:1049765,1049952,1049953
3736:1049770
3752:1049774,1050385,1050639,1050721,1050771,1050880,1050894,1050947,1051325,1051481,1051763
3768:1049781,1049983,1050064,1050342,1050343,1050744,1051672
3784:1049790,1050073
3800:1049801
3816:1049809,1049956,1050280,1050840,1050883,1051031,1051132,1051169
3832:1049811,1050278,1050657,1050742
3848:1049819,1049940,1049967,1050739
3864:1049828,1051099,1051426
3880:1049833,1050039,1050100,1050750,1051255,1051642,1051777
3896:1049839,1051546
3912:1049845,1050167,1050477,1051208
3928:1049851,1050037,1050233,1050443,1050894,1050918,1051055,1051057,1051275,1051325,1051506,1051652
3944:1049861,1050151
3960:1049865
3976:1049880
3992:1049883,1051402
4008:1049890
4024:1049895
4040:1049902,1050040,1050203,1050320,1050503,1050672,1050808,1051058,1051072,1051325,1051696
4056:1049916,1051061,1051750
4072:1049923
4088:1049925,1049974,1050187,1050343,1050685,1050876,1051120,1051669
4104:1049931,1050097,1050175,1050623
4120:1049939
4136:1049941
4152:1049954
4168:1049957,1049972,1050330,1051753,1051754
4184:1049960
4200:1049964,1050720
4216:1049970
4232:1049973,1051024,1051045,1051145,1051178,1051202,1051278,1051308,1051623,1051669
4248:1049981,1050998
4264:1049984,1051071,1051203,1051221
4280:1049987
4296:1049990,1050280,1050385,1050505,1050722,1050772,1051262,1051280,1051283,1051326,1051543,1051651,1051728
4312:1049997
4328:1050001,1050875,1051159
4344:1050004
4360:1050008
4376:1050014
4392:1050020,1050226,1050672,1050756,1050973,1051236
4408:1050029
4424:1050038
4440:1050043
4456:1050047
4472:1050051,1050427,1050881,1050882,1051232,1051319,1051324,1051741
4488:1050061
4504:1050070
4520:1050079,1050422
4536:1050082,1050805,1050897,1050952,1050954,1051199,1051328,1051340,1051360,1051564,1051580,1051598,1051599,1051601,1051603,1051604,1051623,1051643,1051702,1051719
4552:1050091
4568:1050094
4584:1050100,1050254
4600:1050105
4616:1050112,1050114,1050664
4632:1050119,1050629
4648:1050126
4664:1050132
4680:1050140
4696:1050147,1050404,1051290,1051588,1051667
4712:1050164
4728:1050166
4744:1050170,1050645
4760:1050178
4776:1050184,1050930,1051068,1051109,1051457
4792:1050192
4808:1050200,1051147
4824:1050205
4840:1050211
4856:1050218
4872:1050225,1050430,1050564,1050605,1050808,1051263,1051530,1051563,1051651,1051669
4888:1050229
4904:1050239,1051705
4920:1050246,1050283,1051316
4936:1050251
4952:1050256
4968:1050262,1050265,1050656,1050663,1050828
4984:1050268,1051770
5000:1050272
5016:1050275
5032:1050280
5048:1050284
5064:1050286,1050551,1050605,1050608,1050651,1051324
5080:1050294,1050513
5096:1050301,1050594,1051740
5112:1050304,1050438
5128:1050310
5144:1050316,1050466
5160:1050322,1050503,1051044,1051110,1051204,1051260,1051487
5176:1050339
5192:1050343,1051552
5208:1050345
5224:1050355
5240:1050367,1050452,1050611,1050738,1050756,1051397,1051537,1051597,1051735
5256:1050380
5272:1050388
5288:1050399,1050916,1051120
5304:1050404
5320:1050416
5336:1050421
5352:1050429,1051314
5368:1050437
5384:1050446
5400:1050452
5416:1050462
5432:1050466
5448:1050481
5464:1050487,1051113
5480:1050497
5496:1050505,1050821,1051702,1051771
5512:1050514
5528:1050523,1050566
5544:1050535
5560:1050545
5576:1050551
5592:1050560
5608:1050571
5624:1050577
5640:1050587
5656:1050594,1050914
5672:1050603,1050606
5688:1050610
5704:1050624,1050922
5720:1050630,1050633
5736:1050636
5752:1050644
5768:1050656
5784:1050667
5800:1050671,1051774
5816:1050681,1050963
5832:1050688
5848:1050706
5864:1050715,1051201,1051391,1051435,1051502,1051658,1051694
5880:1050720
5896:1050724
5912:1050728,1051778
5928:1050739
5944:1050749
5960:1050756,1051711
5976:1050762,1051717
5992:1050771
6008:1050776
6024:1050781
6040:1050791
6056:1050800
6072:1050808
6088:1050808
6104:1050808
6120:1050813
6136:1050820,1050843
6152:1050830,1051247
6168:1050845
6184:1050854
6200:1050864
6216:1050875
6232:1050877
6248:1050880
6264:1050885
6280:1050895
6296:1050904,1051094
6312:1050914
6328:1050919
6344:1050932
6360:1050942,1051055
6376:1050950
6392:1050958
6408:1050973
6424:1050977
6440:1050987,1051118,1051140
6456:1050997,1051131
6472:1051003
6488:1051009
6504:1051017,1051081
6520:1051026,1051476
6536:1051032
6552:1051041
6568:1051046
6584:1051058
6600:1051060,1051552
6616:1051065
6632:1051073,1051776
6648:1051082
6664:1051093,1051587,1051667
6680:1051102,1051273,1051625,1051628
6696:1051111
6712:1051117,1051671
6728:1051129,1051660
6744:1051141
6760:1051152
6776:1051163,1051187
6792:1051168
6808:1051176
6824:1051186
6840:1051195,1051249,1051443
6856:1051199
6872:1051207
6888:1051216
6904:1051227,1051691
6920:1051240
6936:1051252
6952:1051263
6968:1051272
6984:1051277
7000:1051285,1051290
7016:1051290
7032:1051296
7048:1051298
7064:1051307
7080:1051315
7096:1051322
7112:1051333
7128:1051346
7144:1051356
7160:1051363
7176:1051375
7192:1051386,1051485
7208:1051391
7224:1051398
7240:1051405,1051435
7256:1051415,1051495
7272:1051424,1051607
7288:1051436,1051510,1051537,1051697
7304:1051448
7320:1051458,1051608
7336:1051466
7352:1051471,1051493
7368:1051478,1051528
7384:1051488
7400:1051494,1051524,1051553,1051560
7416:1051499
7432:1051502,1051659,1051671,1051751
7448:1051513
7464:1051520
7480:1051531
7496:1051543
7512:1051554
7528:1051565
7544:1051572
7560:1051580,1051628
7576:1051588
7592:1051595
7608:1051597
7624:1051602
7640:1051610
7656:1051617
7672:1051627
7688:1051640
7704:1051646
7720:1051654
7736:1051661
7752:1051666
7768:1051672
7784:1051682
7800:1051690
7816:1051699
7832:1051705
7848:1051711
7864:1051720
7880:1051731
7896:1051736
7912:1051742
7928:1051755
7944:1051759
7960:1051767
7976:1051775
