3:1048576,1048596,1048619,1048629,1048630,1048668,1048674,1048859,1048968,1049191,1049344,1049480,1049539,1049604,1049758,1049789,1049791,1049798,1049828,1049833,1049884,1049909,1049919,1049940,1049966,1049969,1049972,1050028,1050046,1050118,1050164,1050399,1050550,1050629,1050665,1050735,1050739,1050740,1050741,1050742,1050898,1051122,1051220,1051270,1051291,1051377,1051384,1051506,1051533,1051606,1051646,1051652,1051653,1051764,1051774,1051777,1051778,1051779
19:1048577,1048584,1048595,1048601,1048602,1048603,1048604,1048605,1048608,1048609,1048610,1048611,1048614,1048615,1048618,1048620,1048621,1048623,1048625,1048627,1048629,1048641,1048644,1048645,1048646,1048650,1048653,1048654,1048655,1048657,1048662,1048663,1048665,1048666,1048667,1048668,1048669,1048670,1048678,1048680,1048681,1048686,1048695,1048698,1048699,1048709,1048717,1048718,1048719,1048720,1048721,1048724,1048729,1048731,1048737,1048759,1048760,1048767,1048773,1048777,1048799,1048805,1048806,1048809,1048814,1048816,1048817,1048818,1048824,1048826,1048828,1048829,1048840,1048842,1048845,1048847,1048850,1048851,1048853,1048854,1048856,1048857,1048859,1048861,1048867,1048870,1048873,1048875,1048878,1048886,1048888,1048891,1048895,1048896,1048897,1048904,1048905,1048907,1048910,1048911,1048922,1048929,1048953,1048955,1048966,1048968,1048971,1048972,1048974,1048976,1048979,1048980,1048982,1048984,1048986,1048988,1048991,1048992,1049010,1049014,1049015,1049016,1049026,1049027,1049036,1049037,1049039,1049050,1049054,1049057,1049058,1049063,1049064,1049065,1049067,1049069,1049070,1049071,1049072,1049100,1049103,1049105,1049106,1049108,1049110,1049111,1049112,1049133,1049158,1049166,1049169,1049170,1049171,1049174,1049181,1049191,1049192,1049193,1049194,1049203,1049205,1049212,1049219,1049226,1049232,1049235,1049241,1049245,1049246,1049250,1049252,1049253,1049254,1049266,1049268,1049270,1049272,1049274,1049292,1049294,1049296,1049299,1049301,1049302,1049303,1049305,1049306,1049323,1049326,1049328,1049330,1049331,1049334,1049353,1049363,1049369,1049371,1049372,1049374,1049390,1049391,1049395,1049397,1049400,1049401,1049403,1049404,1049420,1049422,1049423,1049424,1049425,1049426,1049429,1049430,1049435,1049437,1049440,1049442,1049465,1049466,1049467,1049469,1049472,1049483,1049485,1049487,1049516,1049517,1049524,1049525,1049526,1049532,1049536,1049537,1049538,1049539,1049546,1049547,1049549,1049550,1049558,1049559,1049561,1049562,1049563,1049565,1049577,1049578,1049583,1049585,1049587,1049588,1049589,1049590,1049591,1049601,1049603,1049604,1049605,1049606,1049607,1049608,1049609,1049610,1049619,1049620,1049621,1049622,1049623,1049624,1049628,1049633,1049637,1049638,1049639,1049640,1049641,1049642,1049644,1049645,1049646,1049647,1049648,1049658,1049659,1049660,1049661,1049663,1049672,1049673,1049674,1049678,1049683,1049684,1049685,1049686,1049687,1049688,1049689,1049691,1049693,1049696,1049697,1049707,1049708,1049709,1049710,1049718,1049719,1049720,1049721,1049722,1049723,1049724,1049728,1049729,1049730,1049732,1049733,1049734,1049735,1049736,1049737,1049738,1049739,1049740,1049741,1049742,1049744,1049745,1049746,1049747,1049748,1049754,1049755,1049756,1049757,1049758,1049759,1049761,1049769,1049770,1049771,1049772,1049774,1049775,1049779,1049781,1049784,1049786,1049790,1049797,1049800,1049801,1049805,1049808,1049809,1049810,1049812,1049813,1049822,1049824,1049825,1049827,1049828,1049829,1049830,1049832,1049833,1049834,1049835,1049837,1049838,1049839,1049840,1049842,1049845,1049847,1049849,1049850,1049851,1049853,1049854,1049856,1049857,1049859,1049864,1049865,1049867,1049869,1049870,1049877,1049879,1049881,1049882,1049883,1049884,1049885,1049889,1049890,1049898,1049899,1049900,1049901,1049902,1049906,1049909,1049910,1049919,1049920,1049921,1049922,1049923,1049925,1049926,1049927,1049928,1049929,1049935,1049937,1049938,1049940,1049941,1049942,1049943,1049944,1049948,1049956,1049957,1049958,1049959,1049960,1049961,1049962,1049963,1049964,1049965,1049966,1049967,1049968,1049969,1049970,1049972,1049973,1049974,1049976,1049977,1049978,1049979,1049982,1049983,1049984,1049985,1049986,1049987,1049989,1049990,1049991,1049996,1049998,1049999,1050001,1050002,1050004,1050005,1050006,1050008,1050009,1050010,1050013,1050014,1050015,1050016,1050017,1050018,1050019,1050020,1050022,1050023,1050028,1050029,1050030,1050031,1050032,1050033,1050034,1050037,1050038,1050040,1050043,1050045,1050046,1050047,1050048,1050049,1050051,1050057,1050058,1050059,1050060,1050061,1050062,1050063,1050065,1050066,1050070,1050071,1050072,1050073,1050077,1050078,1050079,1050080,1050081,1050082,1050083,1050084,1050086,1050089,1050090,1050091,1050092,1050098,1050099,1050100,1050101,1050102,1050103,1050109,1050110,1050111,1050115,1050116,1050117,1050118,1050119,1050121,1050123,1050124,1050125,1050126,1050127,1050129,1050138,1050139,1050140,1050141,1050142,1050143,1050144,1050145,1050147,1050159,1050164,1050165,1050166,1050168,1050169,1050170,1050176,1050177,1050178,1050180,1050183,1050184,1050185,1050187,1050188,1050189,1050190,1050191,1050194,1050195,1050196,1050197,1050199,1050201,1050202,1050204,1050207,1050208,1050209,1050210,1050211,1050213,1050219,1050220,1050221,1050225,1050226,1050227,1050229,1050230,1050231,1050232,1050233,1050234,1050239,1050240,1050243,1050244,1050245,1050246,1050247,1050248,1050249,1050251,1050252,1050254,1050255,1050256,1050258,1050259,1050260,1050261,1050266,1050268,1050269,1050270,1050271,1050272,1050273,1050274,1050275,1050276,1050278,1050280,1050281,1050282,1050283,1050284,1050285,1050286,1050288,1050289,1050293,1050294,1050296,1050297,1050298,1050299,1050300,1050301,1050302,1050303,1050304,1050310,1050311,1050312,1050313,1050314,1050315,1050317,1050318,1050319,1050320,1050321,1050322,1050323,1050324,1050326,1050327,1050329,1050332,1050340,1050341,1050343,1050344,1050345,1050346,1050348,1050355,1050357,1050358,1050359,1050360,1050361,1050362,1050363,1050365,1050367,1050368,1050369,1050370,1050376,1050381,1050383,1050384,1050386,1050393,1050399,1050400,1050401,1050402,1050403,1050404,1050405,1050409,1050411,1050417,1050418,1050419,1050420,1050421,1050422,1050423,1050427,1050429,1050430,1050431,1050433,1050434,1050435,1050436,1050437,1050438,1050444,1050445,1050446,1050448,1050453,1050454,1050459,1050460,1050461,1050462,1050463,1050464,1050465,1050467,1050475,1050477,1050480,1050481,1050482,1050483,1050485,1050486,1050490,1050491,1050492,1050494,1050497,1050498,1050499,1050501,1050503,1050504,1050505,1050506,1050507,1050508,1050509,1050510,1050511,1050512,1050513,1050514,1050520,1050521,1050526,1050531,1050532,1050533,1050534,1050537,1050539,1050541,1050545,1050546,1050547,1050550,1050551,1050552,1050553,1050555,1050563,1050564,1050567,1050572,1050573,1050574,1050575,1050578,1050579,1050584,1050590,1050592,1050593,1050594,1050605,1050606,1050607,1050608,1050610,1050617,1050621,1050622,1050624,1050625,1050626,1050628,1050629,1050634,1050635,1050636,1050637,1050639,1050640,1050641,1050645,1050650,1050651,1050652,1050653,1050656,1050657,1050658,1050662,1050666,1050667,1050668,1050669,1050671,1050681,1050684,1050685,1050686,1050687,1050688,1050689,1050691,1050692,1050693,1050700,1050701,1050702,1050703,1050708,1050709,1050710,1050712,1050713,1050714,1050716,1050719,1050720,1050721,1050722,1050725,1050726,1050727,1050728,1050729,1050730,1050732,1050733,1050735,1050736,1050737,1050738,1050739,1050741,1050742,1050744,1050748,1050749,1050750,1050751,1050752,1050753,1050754,1050755,1050756,1050760,1050761,1050762,1050763,1050764,1050767,1050769,1050770,1050771,1050772,1050773,1050775,1050776,1050777,1050778,1050780,1050782,1050783,1050784,1050790,1050791,1050792,1050793,1050794,1050795,1050798,1050801,1050802,1050804,1050805,1050807,1050808,1050820,1050821,1050822,1050823,1050824,1050825,1050826,1050827,1050828,1050829,1050835,1050836,1050837,1050838,1050839,1050840,1050841,1050843,1050848,1050849,1050850,1050851,1050852,1050854,1050858,1050860,1050861,1050862,1050863,1050864,1050872,1050873,1050874,1050875,1050876,1050880,1050882,1050883,1050884,1050885,1050886,1050889,1050890,1050891,1050892,1050893,1050894,1050895,1050896,1050897,1050898,1050899,1050902,1050912,1050913,1050914,1050915,1050916,1050917,1050918,1050919,1050920,1050928,1050930,1050931,1050932,1050934,1050940,1050941,1050942,1050943,1050944,1050945,1050946,1050947,1050948,1050949,1050950,1050951,1050952,1050953,1050955,1050956,1050964,1050965,1050970,1050971,1050973,1050975,1050976,1050977,1050978,1050981,1050982,1050983,1050984,1050985,1050988,1050990,1050995,1050996,1050998,1050999,1051001,1051004,1051008,1051009,1051011,1051013,1051022,1051024,1051025,1051026,1051027,1051028,1051029,1051031,1051032,1051039,1051040,1051045,1051046,1051049,1051053,1051054,1051055,1051056,1051057,1051059,1051060,1051062,1051063,1051065,1051068,1051069,1051070,1051071,1051072,1051073,1051074,1051076,1051084,1051085,1051088,1051090,1051091,1051092,1051093,1051096,1051097,1051098,1051100,1051101,1051105,1051109,1051110,1051112,1051113,1051116,1051117,1051118,1051119,1051120,1051121,1051122,1051129,1051130,1051132,1051134,1051135,1051141,1051142,1051143,1051144,1051145,1051146,1051147,1051151,1051154,1051155,1051156,1051158,1051160,1051161,1051164,1051167,1051168,1051169,1051170,1051171,1051173,1051176,1051179,1051180,1051181,1051183,1051184,1051185,1051186,1051190,1051194,1051195,1051196,1051198,1051199,1051200,1051202,1051203,1051204,1051205,1051206,1051207,1051208,1051209,1051210,1051218,1051219,1051220,1051221,1051223,1051224,1051225,1051226,1051230,1051231,1051232,1051239,1051240,1051241,1051242,1051243,1051244,1051245,1051248,1051249,1051250,1051254,1051255,1051256,1051258,1051260,1051261,1051262,1051263,1051265,1051266,1051267,1051271,1051272,1051273,1051274,1051276,1051277,1051278,1051279,1051280,1051282,1051283,1051285,1051286,1051287,1051289,1051290,1051291,1051292,1051293,1051294,1051295,1051296,1051297,1051298,1051301,1051302,1051303,1051307,1051309,1051312,1051313,1051314,1051317,1051320,1051322,1051323,1051324,1051325,1051326,1051328,1051329,1051337,1051339,1051341,1051342,1051343,1051344,1051345,1051346,1051347,1051348,1051351,1051352,1051354,1051355,1051358,1051359,1051360,1051361,1051362,1051366,1051369,1051373,1051374,1051375,1051377,1051379,1051380,1051381,1051382,1051383,1051384,1051387,1051388,1051389,1051391,1051394,1051395,1051396,1051397,1051398,1051399,1051401,1051402,1051403,1051404,1051407,1051408,1051410,1051411,1051412,1051413,1051414,1051415,1051416,1051418,1051420,1051421,1051422,1051423,1051424,1051425,1051426,1051427,1051428,1051430,1051431,1051432,1051433,1051434,1051435,1051438,1051439,1051440,1051441,1051443,1051444,1051445,1051446,1051448,1051449,1051450,1051451,1051453,1051455,1051457,1051458,1051459,1051460,1051461,1051462,1051464,1051465,1051466,1051467,1051468,1051469,1051470,1051472,1051473,1051476,1051477,1051479,1051480,1051481,1051482,1051484,1051486,1051487,1051488,1051489,1051490,1051491,1051492,1051493,1051494,1051496,1051497,1051498,1051499,1051500,1051501,1051502,1051503,1051504,1051506,1051507,1051508,1051511,1051515,1051516,1051518,1051520,1051521,1051522,1051523,1051524,1051525,1051526,1051529,1051530,1051531,1051532,1051533,1051534,1051537,1051538,1051543,1051544,1051546,1051547,1051548,1051549,1051552,1051553,1051554,1051556,1051559,1051560,1051561,1051562,1051563,1051564,1051565,1051566,1051567,1051568,1051569,1051571,1051572,1051574,1051575,1051576,1051577,1051579,1051580,1051581,1051583,1051586,1051587,1051589,1051590,1051592,1051593,1051596,1051598,1051599,1051600,1051602,1051605,1051606,1051607,1051610,1051611,1051612,1051613,1051614,1051615,1051616,1051617,1051618,1051620,1051621,1051622,1051623,1051624,1051626,1051627,1051628,1051630,1051631,1051632,1051634,1051639,1051640,1051642,1051643,1051646,1051647,1051649,1051650,1051651,1051652,1051654,1051655,1051656,1051657,1051660,1051661,1051662,1051663,1051666,1051667,1051668,1051669,1051670,1051671,1051672,1051673,1051674,1051675,1051677,1051678,1051679,1051680,1051681,1051682,1051683,1051684,1051685,1051687,1051688,1051689,1051691,1051692,1051695,1051696,1051699,1051701,1051704,1051705,1051706,1051707,1051708,1051709,1051710,1051711,1051712,1051713,1051714,1051716,1051717,1051718,1051719,1051720,1051722,1051723,1051724,1051725,1051726,1051727,1051728,1051731,1051732,1051733,1051735,1051738,1051739,1051740,1051741,1051742,1051745,1051746,1051747,1051750,1051751,1051752,1051754,1051756,1051757,1051759,1051762,1051764,1051766,1051767,1051768,1051769,1051771,1051773,1051775,1051776,1051777,1051778,1051779
35:1048579,1048582,1048583,1048585,1048588,1048594,1048595,1048598,1048611,1048615,1048621,1048623,1048624,1048632,1048633,1048634,1048638,1048639,1048643,1048645,1048646,1048652,1048653,1048657,1048659,1048661,1048667,1048670,1048671,1048672,1048675,1048678,1048679,1048681,1048686,1048691,1048696,1048699,1048708,1048718,1048719,1048743,1048760,1048777,1048780,1048782,1048785,1048811,1048813,1048816,1048818,1048823,1048824,1048827,1048829,1048840,1048847,1048851,1048853,1048856,1048857,1048870,1048873,1048875,1048878,1048894,1048895,1048896,1048904,1048906,1048909,1048910,1048940,1048942,1048946,1048953,1048971,1048972,1048974,1048975,1048980,1048981,1048984,1048987,1048992,1049010,1049015,1049016,1049017,1049029,1049037,1049039,1049054,1049067,1049068,1049070,1049072,1049102,1049104,1049106,1049108,1049111,1049112,1049133,1049160,1049161,1049166,1049170,1049171,1049173,1049177,1049180,1049191,1049193,1049194,1049201,1049205,1049208,1049212,1049216,1049218,1049219,1049226,1049230,1049232,1049233,1049235,1049236,1049245,1049246,1049250,1049252,1049253,1049254,1049259,1049264,1049266,1049269,1049270,1049271,1049274,1049292,1049293,1049294,1049296,1049299,1049301,1049302,1049303,1049305,1049306,1049330,1049333,1049334,1049336,1049342,1049343,1049350,1049351,1049355,1049360,1049361,1049367,1049369,1049371,1049375,1049388,1049397,1049399,1049400,1049403,1049420,1049423,1049424,1049425,1049426,1049429,1049430,1049432,1049433,1049435,1049436,1049440,1049442,1049464,1049466,1049467,1049468,1049469,1049471,1049489,1049515,1049516,1049517,1049519,1049524,1049534,1049536,1049537,1049538,1049539,1049547,1049548,1049549,1049550,1049552,1049555,1049556,1049557,1049563,1049576,1049577,1049578,1049581,1049582,1049584,1049585,1049587,1049588,1049590,1049591,1049600,1049601,1049603,1049604,1049605,1049607,1049608,1049609,1049610,1049613,1049620,1049621,1049622,1049623,1049624,1049625,1049626,1049628,1049637,1049641,1049642,1049646,1049647,1049658,1049659,1049662,1049663,1049666,1049671,1049672,1049673,1049674,1049675,1049676,1049682,1049683,1049684,1049686,1049687,1049688,1049689,1049690,1049691,1049696,1049697,1049706,1049709,1049710,1049718,1049719,1049720,1049722,1049727,1049728,1049729,1049730,1049733,1049734,1049735,1049736,1049738,1049739,1049740,1049742,1049743,1049744,1049745,1049746,1049747,1049754,1049755,1049756,1049757,1049758,1049759,1049760,1049761,1049763,1049769,1049770,1049771,1049772,1049773,1049774,1049775,1049779,1049781,1049784,1049786,1049787,1049788,1049790,1049791,1049798,1049799,1049800,1049805,1049806,1049808,1049809,1049810,1049811,1049812,1049813,1049818,1049822,1049823,1049825,1049826,1049827,1049828,1049829,1049830,1049832,1049833,1049835,1049836,1049837,1049838,1049839,1049840,1049842,1049845,1049846,1049847,1049849,1049850,1049853,1049854,1049855,1049856,1049857,1049860,1049863,1049867,1049868,1049869,1049878,1049879,1049880,1049882,1049883,1049884,1049887,1049889,1049890,1049894,1049898,1049899,1049900,1049901,1049902,1049906,1049907,1049908,1049909,1049912,1049916,1049919,1049922,1049923,1049925,1049927,1049928,1049929,1049933,1049934,1049937,1049938,1049940,1049941,1049942,1049943,1049944,1049954,1049956,1049957,1049959,1049960,1049961,1049962,1049963,1049964,1049965,1049966,1049967,1049968,1049969,1049970,1049971,1049972,1049973,1049974,1049975,1049976,1049977,1049979,1049984,1049985,1049986,1049987,1049988,1049990,1049992,1049995,1049996,1049998,1050000,1050001,1050002,1050003,1050004,1050005,1050006,1050007,1050008,1050009,1050010,1050013,1050014,1050016,1050018,1050020,1050022,1050023,1050025,1050029,1050030,1050031,1050032,1050033,1050034,1050035,1050037,1050038,1050039,1050040,1050043,1050044,1050045,1050046,1050047,1050049,1050051,1050052,1050057,1050059,1050060,1050061,1050062,1050063,1050064,1050066,1050070,1050071,1050072,1050077,1050078,1050079,1050080,1050081,1050082,1050086,1050089,1050090,1050091,1050092,1050093,1050094,1050095,1050098,1050099,1050100,1050101,1050102,1050103,1050104,1050105,1050108,1050109,1050111,1050116,1050117,1050118,1050121,1050123,1050124,1050125,1050126,1050127,1050128,1050129,1050138,1050139,1050141,1050142,1050143,1050144,1050145,1050146,1050147,1050152,1050162,1050163,1050164,1050165,1050166,1050167,1050168,1050169,1050170,1050176,1050177,1050178,1050179,1050180,1050183,1050184,1050185,1050186,1050188,1050189,1050190,1050192,1050194,1050195,1050196,1050197,1050198,1050200,1050201,1050202,1050203,1050204,1050205,1050206,1050207,1050210,1050211,1050212,1050213,1050216,1050217,1050218,1050220,1050221,1050222,1050224,1050225,1050226,1050227,1050228,1050229,1050233,1050234,1050237,1050239,1050240,1050242,1050245,1050246,1050247,1050248,1050249,1050250,1050251,1050252,1050253,1050254,1050255,1050256,1050257,1050259,1050260,1050261,1050264,1050266,1050267,1050268,1050269,1050270,1050271,1050272,1050273,1050274,1050275,1050278,1050280,1050281,1050284,1050285,1050286,1050292,1050293,1050294,1050295,1050296,1050298,1050299,1050301,1050302,1050303,1050310,1050313,1050314,1050315,1050317,1050318,1050320,1050322,1050323,1050324,1050325,1050326,1050327,1050328,1050329,1050339,1050340,1050341,1050342,1050343,1050344,1050345,1050346,1050349,1050356,1050357,1050358,1050359,1050360,1050361,1050362,1050363,1050367,1050370,1050380,1050381,1050382,1050383,1050384,1050385,1050386,1050396,1050399,1050400,1050402,1050403,1050404,1050409,1050410,1050419,1050420,1050422,1050423,1050428,1050429,1050430,1050431,1050433,1050435,1050436,1050437,1050441,1050442,1050443,1050444,1050445,1050446,1050447,1050449,1050450,1050451,1050452,1050453,1050454,1050459,1050460,1050461,1050463,1050464,1050465,1050466,1050467,1050468,1050475,1050476,1050477,1050478,1050479,1050480,1050481,1050483,1050485,1050486,1050487,1050490,1050491,1050499,1050501,1050502,1050503,1050504,1050505,1050506,1050507,1050508,1050509,1050510,1050511,1050512,1050514,1050515,1050520,1050521,1050522,1050523,1050524,1050526,1050529,1050530,1050531,1050532,1050534,1050535,1050536,1050537,1050543,1050545,1050547,1050548,1050549,1050550,1050551,1050552,1050553,1050563,1050564,1050574,1050575,1050577,1050578,1050579,1050589,1050591,1050592,1050593,1050594,1050595,1050602,1050603,1050605,1050606,1050607,1050608,1050609,1050610,1050611,1050614,1050618,1050621,1050622,1050625,1050626,1050627,1050628,1050629,1050634,1050635,1050636,1050639,1050640,1050644,1050651,1050652,1050653,1050654,1050655,1050656,1050657,1050658,1050666,1050667,1050668,1050669,1050670,1050671,1050672,1050674,1050680,1050681,1050682,1050683,1050684,1050685,1050686,1050687,1050688,1050689,1050700,1050701,1050702,1050703,1050704,1050705,1050709,1050710,1050712,1050713,1050715,1050716,1050717,1050719,1050720,1050721,1050722,1050723,1050724,1050725,1050726,1050727,1050728,1050729,1050730,1050735,1050736,1050738,1050739,1050740,1050741,1050742,1050743,1050744,1050749,1050750,1050751,1050752,1050753,1050754,1050755,1050756,1050759,1050760,1050761,1050762,1050763,1050764,1050767,1050769,1050770,1050771,1050772,1050773,1050775,1050776,1050777,1050778,1050779,1050783,1050784,1050785,1050786,1050790,1050791,1050792,1050793,1050794,1050795,1050802,1050804,1050805,1050806,1050807,1050808,1050811,1050820,1050821,1050822,1050823,1050824,1050825,1050826,1050827,1050828,1050829,1050830,1050836,1050837,1050838,1050839,1050840,1050841,1050842,1050843,1050845,1050846,1050847,1050848,1050849,1050851,1050852,1050853,1050858,1050860,1050861,1050862,1050863,1050864,1050872,1050873,1050874,1050875,1050876,1050877,1050879,1050880,1050882,1050883,1050884,1050885,1050886,1050887,1050888,1050889,1050890,1050891,1050892,1050893,1050894,1050895,1050896,1050897,1050899,1050900,1050901,1050910,1050912,1050913,1050915,1050916,1050917,1050918,1050919,1050920,1050928,1050929,1050930,1050931,1050932,1050933,1050934,1050940,1050941,1050942,1050943,1050944,1050945,1050946,1050947,1050948,1050949,1050950,1050951,1050952,1050953,1050954,1050955,1050958,1050961,1050962,1050963,1050964,1050965,1050971,1050973,1050974,1050975,1050976,1050977,1050981,1050982,1050995,1050996,1050998,1050999,1051001,1051008,1051009,1051011,1051012,1051013,1051014,1051022,1051024,1051025,1051026,1051027,1051028,1051029,1051030,1051031,1051032,1051044,1051045,1051046,1051051,1051054,1051055,1051056,1051057,1051058,1051059,1051060,1051061,1051065,1051066,1051067,1051069,1051072,1051073,1051074,1051075,1051076,1051079,1051080,1051088,1051089,1051090,1051091,1051092,1051093,1051094,1051095,1051097,1051098,1051099,1051100,1051101,1051102,1051108,1051109,1051110,1051111,1051112,1051113,1051116,1051117,1051118,1051119,1051120,1051121,1051122,1051129,1051130,1051131,1051132,1051133,1051134,1051135,1051136,1051142,1051143,1051144,1051145,1051146,1051147,1051154,1051155,1051156,1051157,1051159,1051164,1051167,1051168,1051169,1051170,1051171,1051172,1051173,1051176,1051178,1051179,1051180,1051181,1051182,1051183,1051184,1051185,1051190,1051191,1051194,1051195,1051196,1051197,1051198,1051200,1051201,1051202,1051203,1051204,1051205,1051206,1051207,1051208,1051209,1051218,1051219,1051220,1051221,1051223,1051224,1051225,1051226,1051231,1051232,1051237,1051242,1051243,1051244,1051245,1051246,1051249,1051250,1051254,1051255,1051256,1051257,1051258,1051259,1051260,1051263,1051267,1051268,1051270,1051271,1051272,1051273,1051274,1051275,1051276,1051277,1051279,1051280,1051282,1051283,1051284,1051285,1051287,1051288,1051289,1051290,1051291,1051292,1051294,1051295,1051296,1051297,1051298,1051301,1051304,1051306,1051307,1051308,1051309,1051312,1051313,1051314,1051315,1051316,1051319,1051320,1051321,1051322,1051323,1051324,1051325,1051326,1051328,1051329,1051331,1051339,1051340,1051341,1051342,1051346,1051351,1051352,1051354,1051355,1051357,1051359,1051360,1051361,1051362,1051369,1051370,1051373,1051374,1051375,1051376,1051377,1051378,1051379,1051380,1051382,1051383,1051384,1051385,1051386,1051387,1051388,1051391,1051392,1051394,1051395,1051396,1051397,1051398,1051400,1051402,1051403,1051404,1051407,1051408,1051409,1051410,1051412,1051413,1051414,1051415,1051416,1051417,1051418,1051420,1051421,1051422,1051423,1051424,1051425,1051426,1051427,1051430,1051431,1051432,1051433,1051434,1051435,1051436,1051437,1051438,1051439,1051440,1051441,1051442,1051443,1051444,1051445,1051446,1051448,1051449,1051451,1051452,1051453,1051454,1051455,1051457,1051458,1051459,1051460,1051461,1051462,1051463,1051464,1051465,1051466,1051467,1051468,1051469,1051470,1051471,1051472,1051473,1051475,1051476,1051477,1051478,1051480,1051481,1051482,1051486,1051487,1051488,1051489,1051490,1051491,1051493,1051494,1051495,1051496,1051497,1051498,1051499,1051500,1051501,1051502,1051503,1051504,1051505,1051506,1051507,1051510,1051511,1051512,1051513,1051514,1051515,1051516,1051518,1051519,1051520,1051521,1051522,1051523,1051524,1051525,1051526,1051527,1051528,1051529,1051530,1051531,1051532,1051533,1051534,1051536,1051537,1051541,1051542,1051543,1051544,1051545,1051546,1051547,1051548,1051552,1051553,1051554,1051555,1051556,1051558,1051559,1051560,1051561,1051562,1051563,1051564,1051565,1051566,1051568,1051569,1051570,1051571,1051572,1051573,1051574,1051575,1051576,1051577,1051578,1051579,1051580,1051581,1051583,1051584,1051585,1051586,1051587,1051588,1051589,1051590,1051591,1051592,1051593,1051595,1051596,1051597,1051598,1051599,1051600,1051601,1051602,1051603,1051605,1051606,1051607,1051608,1051609,1051610,1051611,1051612,1051613,1051614,1051616,1051617,1051618,1051619,1051620,1051621,1051622,1051623,1051624,1051625,1051626,1051627,1051628,1051629,1051630,1051632,1051633,1051634,1051635,1051639,1051640,1051641,1051642,1051644,1051645,1051646,1051647,1051648,1051649,1051650,1051651,1051652,1051653,1051654,1051655,1051656,1051657,1051658,1051659,1051661,1051662,1051663,1051664,1051665,1051666,1051667,1051668,1051669,1051670,1051671,1051672,1051673,1051674,1051675,1051676,1051677,1051678,1051679,1051680,1051681,1051682,1051684,1051686,1051687,1051688,1051689,1051690,1051691,1051692,1051693,1051694,1051695,1051696,1051697,1051699,1051700,1051702,1051703,1051705,1051706,1051707,1051708,1051709,1051711,1051712,1051713,1051714,1051715,1051716,1051717,1051718,1051719,1051720,1051721,1051722,1051723,1051725,1051727,1051728,1051729,1051732,1051733,1051734,1051735,1051738,1051739,1051740,1051741,1051742,1051745,1051748,1051749,1051750,1051751,1051752,1051754,1051755,1051756,1051757,1051758,1051760,1051762,1051763,1051764,1051765,1051766,1051767,1051768,1051769,1051770,1051771,1051772,1051773,1051774,1051775,1051776,1051777,1051778,1051779
51:1048582,1048583,1048584,1048623,1048624,1048625,1048626,1048627,1048628,1048629,1048630,1048631,1048632,1048633,1048710,1048711,1048712,1048713,1048714,1048715,1048716,1048717,1048718,1048719,1048720,1048721,1048722,1048843,1048844,1048845,1048846,1048847,1048848,1048849,1048850,1048851,1048852,1048853,1048854,1048855,1048856,1049036,1049037,1049038,1049039,1049040,1049041,1049042,1049043,1049044,1049045,1049046,1049047,1049048,1049049,1049050,1049051,1049052,1049053,1049054,1049267,1049268,1049269,1049270,1049271,1049272,1049273,1049274,1049275,1049276,1049277,1049278,1049279,1049280,1049281,1049282,1049283,1049284,1049285,1049286,1049287,1049288,1049289,1049290,1049291,1049292,1049293,1049294,1049295,1049296,1049297,1049298,1049299,1049300,1049558,1049559,1049560,1049561,1049562,1049563,1049564,1049565,1049566,1049567,1049568,1049569,1049570,1049571,1049572,1049573,1049574,1049575,1049576,1049756,1049757,1049758,1049759,1049760,1049761,1049762,1049763,1049764,1049765,1049766,1049767,1049768,1049769,1049935,1049936,1049937,1049938,1049939,1049940,1049941,1050095,1050096,1050097,1050098,1050099,1050100,1050101,1050102,1050103,1050104,1050105,1050106,1050107,1050254,1050255,1050256,1050257,1050258,1050259,1050260,1050261,1050405,1050406,1050407,1050408,1050409,1050410,1050411,1050412,1050413,1050414,1050415,1050416,1050417,1050418,1050419,1050420,1050553,1050554,1050555,1050556,1050557,1050558,1050559,1050560,1050561,1050562,1050563,1050564,1050724,1050725,1050726,1050727,1050728,1050729,1050730,1050844,1050845,1050846,1050847,1050848,1050849,1050850,1050851,1050852,1051001,1051002,1051003,1051004,1051005,1051006,1051007,1051008,1051009,1051010,1051011,1051012,1051013,1051014,1051159,1051160,1051161,1051162,1051163,1051164,1051165,1051166,1051167,1051168,1051169,1051170,1051171,1051172,1051287,1051288,1051289,1051290,1051291,1051292,1051293,1051398,1051399,1051400,1051401,1051402,1051403,1051404,1051491,1051492,1051493,1051494,1051495,1051496,1051497,1051498,1051499,1051500,1051626,1051627,1051628,1051629,1051630,1051631,1051632,1051633,1051634,1051635,1051743,1051744,1051745,1051746,1051747,1051760
67:1048586,1048589,1050180,1050437,1051098,1051277,1051352,1051427,1051440,1051556,1051595,1051763
83:1048587,1048597,1048602,1048613,1048621,1048637,1048657,1048663,1048672,1048677,1048689,1048690,1048694,1048710,1048723,1048724,1048731,1048732,1048741,1048743,1048746,1048760,1048773,1048783,1048790,1048795,1048799,1048804,1048867,1048872,1048894,1048895,1048897,1048899,1048905,1048908,1048955,1048959,1048960,1048984,1048991,1049005,1049006,1049040,1049042,1049056,1049061,1049069,1049096,1049097,1049107,1049129,1049145,1049146,1049153,1049179,1049183,1049187,1049191,1049192,1049213,1049229,1049249,1049265,1049267,1049302,1049328,1049336,1049338,1049354,1049356,1049357,1049367,1049375,1049386,1049387,1049413,1049461,1049493,1049498,1049500,1049529,1049534,1049550,1049590,1049606,1049624,1049633,1049643,1049674,1049675,1049687,1049701,1049717,1049744,1049745,1049769,1049775,1049783,1049799,1049810,1049826,1049828,1049899,1049900,1049919,1049926,1049927,1049941,1049956,1049959,1049984,1049994,1050003,1050021,1050031,1050038,1050070,1050080,1050092,1050110,1050120,1050170,1050184,1050213,1050251,1050256,1050258,1050275,1050279,1050281,1050286,1050288,1050305,1050338,1050353,1050381,1050390,1050463,1050464,1050495,1050498,1050507,1050516,1050537,1050576,1050621,1050625,1050644,1050645,1050666,1050667,1050674,1050676,1050680,1050702,1050708,1050709,1050710,1050725,1050754,1050756,1050765,1050787,1050806,1050820,1050826,1050840,1050865,1050873,1050878,1050880,1050899,1050900,1050908,1050915,1050916,1050960,1050966,1050969,1050974,1050984,1051003,1051027,1051050,1051054,1051055,1051061,1051064,1051069,1051070,1051108,1051114,1051120,1051160,1051161,1051166,1051183,1051206,1051207,1051217,1051218,1051245,1051248,1051259,1051278,1051284,1051285,1051289,1051291,1051295,1051317,1051324,1051334,1051340,1051354,1051355,1051384,1051387,1051393,1051394,1051396,1051404,1051434,1051457,1051459,1051488,1051497,1051499,1051535,1051572,1051576,1051614,1051617,1051649,1051660,1051675,1051693,1051726,1051741
99:1048592,1048603,1048614,1048626,1048646,1048664,1048665,1048672,1048673,1048680,1048695,1048711,1048717,1048724,1048742,1048767,1048771,1048790,1048794,1048810,1048832,1048836,1048838,1048840,1048846,1048847,1048853,1048864,1048904,1048931,1048937,1048945,1048948,1048965,1048970,1048977,1048978,1048993,1048998,1048999,1049021,1049023,1049024,1049031,1049039,1049046,1049066,1049108,1049116,1049117,1049118,1049119,1049135,1049139,1049142,1049143,1049147,1049148,1049168,1049184,1049185,1049189,1049205,1049214,1049216,1049218,1049236,1049240,1049242,1049259,1049268,1049295,1049327,1049334,1049339,1049349,1049350,1049352,1049355,1049367,1049383,1049384,1049385,1049388,1049389,1049443,1049449,1049450,1049453,1049459,1049470,1049472,1049491,1049494,1049507,1049508,1049509,1049510,1049511,1049512,1049513,1049514,1049517,1049538,1049539,1049563,1049570,1049575,1049583,1049587,1049600,1049629,1049637,1049652,1049662,1049696,1049697,1049700,1049701,1049702,1049729,1049733,1049737,1049744,1049748,1049772,1049781,1049791,1049803,1049805,1049809,1049828,1049836,1049860,1049861,1049878,1049886,1049892,1049894,1049898,1049907,1049909,1049911,1049916,1049923,1049927,1049929,1049934,1049938,1049954,1049984,1049986,1049990,1050003,1050006,1050008,1050040,1050044,1050056,1050077,1050082,1050091,1050095,1050096,1050102,1050105,1050130,1050131,1050185,1050209,1050221,1050222,1050228,1050247,1050259,1050261,1050273,1050287,1050302,1050313,1050326,1050359,1050376,1050377,1050396,1050414,1050418,1050424,1050430,1050464,1050479,1050484,1050486,1050500,1050508,1050521,1050526,1050542,1050552,1050576,1050590,1050612,1050613,1050614,1050616,1050619,1050620,1050623,1050624,1050655,1050684,1050703,1050723,1050725,1050726,1050740,1050753,1050771,1050776,1050778,1050789,1050811,1050814,1050821,1050823,1050827,1050833,1050839,1050843,1050846,1050861,1050863,1050865,1050868,1050872,1050875,1050895,1050917,1050922,1050945,1050948,1050975,1050988,1050997,1051004,1051006,1051029,1051036,1051049,1051051,1051062,1051063,1051070,1051092,1051097,1051098,1051114,1051115,1051118,1051130,1051131,1051140,1051156,1051161,1051169,1051192,1051199,1051234,1051237,1051248,1051266,1051280,1051283,1051289,1051291,1051300,1051303,1051313,1051316,1051317,1051325,1051342,1051352,1051375,1051408,1051413,1051439,1051449,1051464,1051476,1051499,1051500,1051520,1051521,1051523,1051532,1051534,1051536,1051542,1051559,1051566,1051570,1051572,1051575,1051590,1051593,1051596,1051598,1051601,1051602,1051618,1051619,1051621,1051622,1051642,1051667,1051673,1051689,1051695,1051703,1051726,1051727,1051736,1051743,1051746,1051759
115:1048595,1048670,1048719,1048816,1048896,1048925,1049070,1049072,1049120,1049133,1049399,1049576,1049624,1049658,1049685,1049690,1049721,1049723,1049730,1049744,1049759,1049772,1049906,1049908,1049921,1049923,1049962,1049991,1049998,1050001,1050009,1050016,1050018,1050033,1050063,1050064,1050070,1050079,1050091,1050099,1050101,1050102,1050162,1050205,1050216,1050228,1050239,1050254,1050280,1050282,1050284,1050286,1050288,1050297,1050325,1050350,1050358,1050382,1050385,1050386,1050411,1050421,1050431,1050444,1050453,1050483,1050499,1050506,1050507,1050549,1050551,1050593,1050608,1050621,1050671,1050681,1050684,1050705,1050712,1050714,1050751,1050753,1050769,1050783,1050795,1050807,1050823,1050824,1050896,1050915,1050944,1050969,1050995,1050996,1051013,1051065,1051071,1051072,1051108,1051109,1051112,1051127,1051134,1051142,1051144,1051155,1051171,1051173,1051181,1051200,1051203,1051227,1051255,1051270,1051272,1051275,1051277,1051309,1051324,1051345,1051374,1051382,1051408,1051432,1051443,1051459,1051477,1051494,1051495,1051497,1051498,1051519,1051545,1051555,1051577,1051589,1051596,1051619,1051623,1051633,1051639,1051648,1051670,1051678,1051692,1051695,1051724,1051737,1051739,1051742,1051752
131:1048597,1048615,1048623,1048624,1048638,1048671,1048686,1048760,1048816,1048825,1048851,1048859,1048904,1048971,1049037,1049230,1049246,1049249,1049253,1049269,1049270,1049271,1049299,1049369,1049374,1049397,1049403,1049426,1049431,1049440,1049442,1049466,1049467,1049519,1049520,1049537,1049577,1049578,1049582,1049641,1049647,1049673,1049683,1049685,1049710,1049719,1049728,1049734,1049738,1049745,1049755,1049756,1049771,1049774,1049798,1049801,1049805,1049827,1049830,1049834,1049836,1049847,1049867,1049898,1049921,1049934,1049937,1049940,1049943,1049956,1049960,1049965,1049970,1049971,1049972,1049983,1049987,1049992,1049998,1050004,1050009,1050010,1050016,1050028,1050032,1050034,1050037,1050043,1050044,1050050,1050057,1050063,1050071,1050081,1050082,1050093,1050108,1050118,1050124,1050147,1050162,1050169,1050170,1050185,1050196,1050198,1050202,1050216,1050227,1050240,1050246,1050250,1050252,1050255,1050258,1050261,1050266,1050271,1050301,1050313,1050322,1050342,1050343,1050349,1050356,1050381,1050402,1050430,1050435,1050448,1050460,1050461,1050475,1050506,1050520,1050523,1050536,1050578,1050595,1050608,1050621,1050625,1050634,1050637,1050639,1050640,1050669,1050702,1050703,1050705,1050716,1050717,1050720,1050729,1050740,1050741,1050745,1050763,1050767,1050790,1050791,1050840,1050847,1050848,1050864,1050876,1050883,1050884,1050887,1050889,1050916,1050917,1050928,1050929,1050945,1050946,1050973,1050974,1050977,1050981,1051013,1051026,1051028,1051032,1051074,1051092,1051093,1051122,1051142,1051143,1051152,1051155,1051203,1051207,1051225,1051231,1051244,1051249,1051259,1051260,1051267,1051297,1051303,1051317,1051319,1051329,1051341,1051343,1051355,1051384,1051386,1051387,1051409,1051412,1051417,1051435,1051440,1051458,1051468,1051469,1051476,1051480,1051481,1051488,1051498,1051499,1051501,1051506,1051520,1051526,1051533,1051534,1051538,1051544,1051546,1051547,1051554,1051563,1051579,1051586,1051592,1051596,1051616,1051618,1051624,1051629,1051633,1051634,1051643,1051652,1051653,1051663,1051667,1051669,1051674,1051679,1051680,1051687,1051689,1051690,1051692,1051702,1051703,1051706,1051710,1051712,1051713,1051722
147:1048599,1048611,1048633,1048643,1048649,1048655,1048671,1048682,1048691,1048697,1048716,1048721,1048768,1048788,1048799,1048823,1048830,1048837,1048843,1048858,1048863,1048899,1048907,1048910,1048969,1049007,1049014,1049025,1049033,1049037,1049044,1049049,1049050,1049056,1049059,1049069,1049071,1049095,1049104,1049121,1049122,1049128,1049129,1049133,1049150,1049160,1049164,1049165,1049166,1049174,1049175,1049183,1049187,1049194,1049213,1049224,1049225,1049231,1049250,1049258,1049264,1049268,1049277,1049293,1049338,1049342,1049343,1049351,1049405,1049409,1049436,1049459,1049462,1049463,1049473,1049498,1049505,1049519,1049524,1049542,1049546,1049578,1049597,1049601,1049618,1049642,1049649,1049663,1049668,1049692,1049703,1049710,1049727,1049737,1049746,1049747,1049809,1049812,1049818,1049832,1049834,1049844,1049847,1049863,1049870,1049886,1049890,1049894,1049898,1049900,1049921,1049938,1049952,1049961,1049964,1049993,1049999,1050000,1050013,1050014,1050042,1050055,1050058,1050059,1050064,1050077,1050081,1050085,1050088,1050101,1050119,1050125,1050135,1050137,1050144,1050146,1050148,1050166,1050171,1050177,1050179,1050196,1050198,1050201,1050205,1050208,1050233,1050240,1050241,1050255,1050261,1050270,1050271,1050283,1050292,1050298,1050303,1050344,1050372,1050386,1050387,1050389,1050390,1050406,1050418,1050419,1050421,1050432,1050433,1050442,1050448,1050450,1050459,1050463,1050464,1050467,1050476,1050506,1050507,1050534,1050552,1050553,1050567,1050573,1050576,1050584,1050617,1050631,1050640,1050643,1050646,1050652,1050664,1050686,1050697,1050710,1050716,1050718,1050721,1050723,1050725,1050734,1050737,1050748,1050749,1050754,1050756,1050769,1050775,1050788,1050796,1050801,1050815,1050822,1050824,1050835,1050841,1050855,1050861,1050870,1050878,1050880,1050884,1050890,1050899,1050909,1050920,1050924,1050931,1050942,1050947,1050955,1050972,1050983,1050990,1050995,1051039,1051054,1051060,1051061,1051078,1051090,1051095,1051102,1051113,1051121,1051125,1051130,1051145,1051147,1051156,1051164,1051168,1051170,1051171,1051175,1051177,1051190,1051193,1051195,1051211,1051216,1051219,1051223,1051225,1051232,1051235,1051252,1051255,1051256,1051260,1051276,1051281,1051283,1051297,1051298,1051302,1051313,1051318,1051324,1051329,1051332,1051348,1051349,1051352,1051354,1051358,1051359,1051361,1051384,1051386,1051392,1051408,1051413,1051415,1051429,1051442,1051464,1051467,1051472,1051473,1051487,1051494,1051509,1051521,1051530,1051543,1051544,1051547,1051555,1051560,1051576,1051586,1051593,1051596,1051601,1051605,1051611,1051614,1051617,1051622,1051630,1051649,1051657,1051661,1051662,1051672,1051690,1051695,1051702,1051705,1051711,1051727,1051734,1051745,1051754,1051758,1051769
163:1048603
179:1048607,1049294,1050807
195:1048611,1049697,1049889,1050257,1050281,1050670,1050793
211:1048614,1048823,1049111,1050461,1050522,1050803,1050838,1051013,1051071,1051173,1051307,1051384,1051707
227:1048615,1049604,1049709,1049785,1049836,1050224,1050252,1050628,1050741,1050760,1051200,1051267,1051401,1051682
243:1048615,1048670,1048686,1048777,1048780,1048797,1048895,1048896,1048942,1048971,1048992,1049015,1049016,1049102,1049170,1049180,1049191,1049205,1049250,1049294,1049303,1049399,1049425,1049430,1049440,1049469,1049525,1049549,1049556,1049583,1049587,1049604,1049608,1049619,1049624,1049627,1049663,1049674,1049684,1049710,1049718,1049729,1049730,1049737,1049741,1049744,1049745,1049747,1049763,1049771,1049773,1049775,1049781,1049800,1049801,1049811,1049822,1049823,1049834,1049842,1049845,1049847,1049855,1049869,1049870,1049882,1049883,1049884,1049898,1049902,1049906,1049908,1049921,1049925,1049929,1049940,1049941,1049963,1049966,1049968,1049985,1050002,1050020,1050030,1050031,1050043,1050044,1050045,1050048,1050049,1050057,1050059,1050060,1050063,1050066,1050076,1050077,1050080,1050091,1050093,1050094,1050102,1050111,1050117,1050118,1050123,1050124,1050129,1050140,1050147,1050169,1050170,1050177,1050183,1050184,1050187,1050188,1050200,1050205,1050209,1050224,1050225,1050227,1050239,1050248,1050254,1050255,1050266,1050268,1050270,1050272,1050273,1050278,1050280,1050281,1050287,1050288,1050297,1050302,1050313,1050316,1050317,1050322,1050343,1050383,1050386,1050400,1050403,1050404,1050409,1050411,1050419,1050421,1050427,1050431,1050436,1050445,1050448,1050452,1050460,1050464,1050466,1050487,1050498,1050499,1050500,1050506,1050509,1050511,1050526,1050531,1050533,1050536,1050537,1050550,1050552,1050553,1050563,1050564,1050573,1050590,1050595,1050610,1050611,1050617,1050622,1050625,1050626,1050627,1050639,1050655,1050656,1050657,1050669,1050671,1050681,1050684,1050688,1050700,1050714,1050719,1050720,1050721,1050742,1050750,1050751,1050759,1050763,1050764,1050769,1050770,1050771,1050776,1050790,1050794,1050804,1050806,1050807,1050808,1050820,1050827,1050839,1050848,1050851,1050860,1050874,1050877,1050883,1050884,1050885,1050887,1050915,1050919,1050929,1050930,1050931,1050940,1050944,1050951,1050952,1050963,1050965,1050973,1050975,1050977,1050995,1050996,1050999,1051012,1051014,1051026,1051031,1051045,1051055,1051057,1051059,1051065,1051069,1051074,1051075,1051089,1051109,1051117,1051130,1051131,1051133,1051134,1051136,1051143,1051154,1051169,1051179,1051181,1051184,1051196,1051197,1051198,1051199,1051220,1051223,1051227,1051240,1051241,1051243,1051245,1051249,1051255,1051257,1051259,1051263,1051270,1051275,1051276,1051279,1051282,1051297,1051301,1051308,1051312,1051316,1051324,1051325,1051328,1051342,1051346,1051361,1051362,1051373,1051374,1051376,1051377,1051383,1051385,1051390,1051391,1051402,1051407,1051410,1051415,1051423,1051424,1051426,1051431,1051432,1051439,1051440,1051441,1051442,1051451,1051452,1051455,1051457,1051458,1051461,1051463,1051470,1051472,1051473,1051475,1051476,1051478,1051480,1051484,1051486,1051487,1051488,1051489,1051496,1051499,1051504,1051506,1051512,1051518,1051519,1051520,1051521,1051523,1051533,1051534,1051538,1051541,1051544,1051545,1051546,1051547,1051554,1051556,1051561,1051562,1051565,1051569,1051572,1051580,1051583,1051584,1051589,1051596,1051606,1051607,1051608,1051611,1051612,1051615,1051616,1051620,1051622,1051625,1051627,1051631,1051640,1051644,1051651,1051652,1051653,1051655,1051656,1051657,1051669,1051671,1051672,1051674,1051678,1051679,1051680,1051684,1051686,1051687,1051688,1051689,1051690,1051695,1051708,1051717,1051721,1051725,1051729,1051731,1051733,1051738,1051739,1051747,1051752,1051763
259:1048615,1049212,1049902,1050226,1050419,1050659,1050776,1050823,1050864,1051094,1051403,1051488,1051591,1051640,1051652
275:1048615,1049106,1049245,1049718,1050201,1050292,1050385,1051263,1051331,1051580,1051721
291:1048619
307:1048621,1051198,1051763
323:1048621,1049919,1050115,1050326,1050327,1050376,1050858,1050918,1051030,1051295,1051414,1051464,1051543,1051584,1051616,1051617,1051634,1051663,1051671,1051738
339:1048623,1048904,1048972,1049190,1049236,1049424,1049576,1049769,1049798,1049830,1049847,1049987,1050013,1050110,1050139,1050169,1050235,1050275,1050322,1050371,1050382,1050501,1050527,1050551,1050657,1050689,1050715,1050828,1050934,1051206,1051286,1051340,1051342,1051356,1051476,1051479,1051553,1051565,1051638,1051708
355:1048623,1048818,1048840,1048873,1049157,1049253,1049270,1049468,1049536,1049592,1049640,1049659,1049727,1049737,1049779,1049807,1049819,1049842,1049869,1049870,1049906,1049937,1049942,1049995,1050209,1050227,1050245,1050266,1050418,1050445,1050508,1050688,1050737,1050769,1050777,1050786,1050864,1050998,1051026,1051088,1051171,1051218,1051240,1051322,1051341,1051376,1051409,1051414,1051421,1051430,1051502,1051573,1051601,1051631,1051649,1051671,1051672,1051681,1051690,1051706
371:1048623,1048657,1048942,1048972,1049015,1049245,1049369,1049647,1049710,1049718,1049763,1049809,1049810,1049889,1049965,1050045,1050060,1050092,1050240,1050271,1050281,1050296,1050402,1050453,1050608,1050657,1050759,1050773,1050920,1050982,1051012,1051200,1051259,1051316,1051329,1051340,1051351,1051377,1051388,1051435,1051462,1051463,1051468,1051472,1051480,1051574,1051693,1051729,1051740,1051748,1051777
387:1048623
403:1048626,1048633,1048645,1048646,1048652,1048760,1048780,1048981,1049173,1049212,1049250,1049374,1049399,1049504,1049519,1049539,1049577,1049578,1049691,1049733,1049763,1049863,1049888,1049889,1049925,1049929,1049984,1050006,1050039,1050044,1050058,1050066,1050071,1050076,1050079,1050110,1050143,1050227,1050246,1050268,1050270,1050271,1050275,1050282,1050298,1050315,1050320,1050362,1050363,1050400,1050402,1050429,1050445,1050501,1050508,1050511,1050532,1050534,1050577,1050606,1050635,1050636,1050641,1050651,1050666,1050681,1050742,1050754,1050764,1050772,1050785,1050802,1050804,1050806,1050808,1050827,1050839,1050840,1050885,1050899,1050914,1050998,1050999,1051046,1051057,1051059,1051090,1051093,1051098,1051109,1051116,1051121,1051147,1051162,1051205,1051226,1051227,1051241,1051257,1051280,1051307,1051308,1051315,1051321,1051411,1051442,1051445,1051465,1051480,1051495,1051498,1051500,1051514,1051515,1051533,1051546,1051554,1051565,1051575,1051593,1051605,1051623,1051652,1051653,1051662,1051674,1051678,1051695,1051699,1051713,1051726,1051752
419:1048628,1048786,1048897,1049160,1049371,1049546,1049547,1049646,1049745,1049856,1049916,1049924,1049966,1049985,1050046,1050061,1050062,1050081,1050094,1050098,1050101,1050119,1050127,1050146,1050147,1050180,1050217,1050232,1050252,1050301,1050315,1050320,1050321,1050325,1050327,1050328,1050344,1050386,1050402,1050419,1050467,1050476,1050483,1050491,1050513,1050534,1050535,1050553,1050611,1050621,1050667,1050703,1050705,1050725,1050726,1050772,1050793,1050794,1050895,1050919,1050933,1050946,1050955,1050999,1051014,1051074,1051075,1051076,1051097,1051110,1051196,1051200,1051201,1051204,1051207,1051242,1051244,1051392,1051413,1051424,1051426,1051442,1051487,1051493,1051521,1051522,1051523,1051526,1051600,1051614,1051643,1051644,1051680,1051687,1051703,1051749,1051752,1051779
435:1048633,1049371
451:1048633
467:1048635,1049190,1049471,1049500,1049548,1049622,1049862,1050030,1050103,1050172,1050252,1050323,1050411,1050456,1050632,1050639,1050674,1050769,1050807,1050824,1050908,1050945,1051026,1051102,1051132,1051286,1051360,1051384,1051590,1051591,1051599,1051690,1051704,1051713
483:1048638
499:1048640,1051361,1051768
515:1048643,1048691,1048698,1048823,1048829,1048859,1048873,1049016,1049160,1049212,1049254,1049423,1049466,1049516,1049539,1049577,1049578,1049583,1049600,1049683,1049688,1049736,1049743,1049745,1049757,1049758,1049772,1049798,1049810,1049813,1049833,1049839,1049863,1049865,1049889,1049890,1049960,1049972,1049978,1049986,1049990,1050007,1050028,1050029,1050030,1050043,1050081,1050090,1050098,1050104,1050129,1050139,1050147,1050166,1050167,1050170,1050180,1050191,1050198,1050222,1050240,1050246,1050255,1050317,1050339,1050359,1050386,1050404,1050484,1050577,1050592,1050610,1050639,1050668,1050671,1050672,1050680,1050722,1050726,1050728,1050729,1050772,1050776,1050792,1050793,1050808,1050843,1050878,1050880,1050914,1050929,1050954,1050958,1051014,1051046,1051072,1051109,1051113,1051142,1051178,1051225,1051231,1051242,1051267,1051291,1051296,1051328,1051361,1051387,1051398,1051462,1051472,1051477,1051497,1051503,1051505,1051524,1051568,1051610,1051635,1051641,1051665,1051666,1051667,1051720,1051735,1051749,1051777,1051779
531:1048643,1048646,1048653,1048667,1048679,1048681,1048797,1048827,1048896,1048897,1048904,1048910,1048992,1049010,1049015,1049037,1049039,1049058,1049072,1049111,1049160,1049170,1049190,1049191,1049192,1049205,1049230,1049245,1049250,1049252,1049268,1049269,1049301,1049305,1049330,1049334,1049336,1049371,1049399,1049400,1049424,1049425,1049429,1049430,1049436,1049440,1049442,1049469,1049517,1049519,1049524,1049525,1049539,1049548,1049556,1049577,1049578,1049585,1049601,1049607,1049609,1049610,1049621,1049637,1049641,1049646,1049663,1049673,1049674,1049683,1049687,1049692,1049709,1049718,1049719,1049720,1049729,1049730,1049734,1049737,1049739,1049742,1049745,1049746,1049747,1049754,1049755,1049757,1049759,1049761,1049770,1049773,1049774,1049775,1049787,1049798,1049801,1049811,1049812,1049813,1049832,1049839,1049840,1049842,1049845,1049847,1049857,1049867,1049882,1049884,1049889,1049890,1049898,1049899,1049900,1049902,1049924,1049925,1049927,1049929,1049934,1049937,1049940,1049941,1049954,1049955,1049956,1049958,1049959,1049961,1049962,1049963,1049965,1049973,1049983,1049985,1049986,1049987,1049990,1049995,1049996,1050000,1050005,1050008,1050009,1050018,1050020,1050031,1050034,1050037,1050038,1050040,1050043,1050044,1050045,1050049,1050051,1050057,1050059,1050060,1050061,1050063,1050064,1050066,1050072,1050076,1050078,1050081,1050091,1050092,1050093,1050110,1050115,1050118,1050119,1050125,1050128,1050141,1050143,1050146,1050147,1050163,1050166,1050177,1050180,1050183,1050184,1050187,1050188,1050189,1050196,1050198,1050199,1050200,1050201,1050203,1050205,1050206,1050208,1050209,1050213,1050216,1050217,1050220,1050222,1050225,1050227,1050229,1050250,1050252,1050253,1050255,1050259,1050266,1050268,1050269,1050270,1050273,1050274,1050281,1050286,1050288,1050296,1050300,1050310,1050313,1050316,1050317,1050319,1050320,1050321,1050322,1050325,1050327,1050342,1050343,1050358,1050359,1050361,1050363,1050367,1050380,1050381,1050382,1050383,1050385,1050386,1050399,1050403,1050409,1050418,1050419,1050420,1050421,1050422,1050427,1050428,1050429,1050430,1050431,1050436,1050442,1050445,1050446,1050449,1050452,1050453,1050454,1050461,1050463,1050464,1050465,1050475,1050477,1050483,1050485,1050486,1050498,1050499,1050505,1050506,1050507,1050509,1050511,1050513,1050514,1050520,1050521,1050526,1050531,1050532,1050547,1050551,1050553,1050572,1050573,1050575,1050577,1050578,1050590,1050593,1050595,1050606,1050608,1050610,1050611,1050617,1050624,1050625,1050626,1050627,1050628,1050629,1050635,1050653,1050655,1050656,1050657,1050667,1050669,1050671,1050681,1050684,1050688,1050702,1050705,1050712,1050714,1050722,1050729,1050750,1050751,1050752,1050753,1050759,1050762,1050769,1050771,1050773,1050775,1050776,1050777,1050785,1050786,1050790,1050791,1050792,1050801,1050803,1050804,1050806,1050807,1050808,1050820,1050822,1050824,1050827,1050829,1050836,1050839,1050840,1050841,1050843,1050849,1050858,1050861,1050862,1050864,1050872,1050874,1050876,1050877,1050880,1050883,1050885,1050886,1050894,1050896,1050898,1050899,1050914,1050915,1050916,1050918,1050919,1050930,1050931,1050933,1050942,1050946,1050951,1050958,1050964,1050965,1050971,1050975,1050977,1050984,1050995,1050996,1050998,1050999,1051008,1051011,1051013,1051025,1051026,1051027,1051028,1051030,1051031,1051045,1051054,1051058,1051059,1051060,1051071,1051074,1051089,1051090,1051092,1051093,1051097,1051101,1051109,1051110,1051116,1051117,1051135,1051136,1051142,1051143,1051144,1051145,1051146,1051147,1051154,1051155,1051156,1051157,1051159,1051167,1051168,1051169,1051171,1051178,1051179,1051194,1051196,1051197,1051198,1051199,1051200,1051202,1051203,1051205,1051206,1051207,1051220,1051221,1051222,1051226,1051227,1051240,1051243,1051244,1051249,1051254,1051256,1051257,1051261,1051263,1051267,1051272,1051275,1051276,1051277,1051278,1051280,1051284,1051286,1051287,1051290,1051291,1051295,1051296,1051297,1051301,1051303,1051305,1051307,1051308,1051309,1051312,1051317,1051324,1051325,1051326,1051328,1051341,1051342,1051344,1051345,1051346,1051347,1051352,1051361,1051362,1051369,1051373,1051375,1051382,1051385,1051392,1051395,1051396,1051397,1051398,1051401,1051403,1051407,1051408,1051409,1051413,1051414,1051415,1051416,1051418,1051421,1051422,1051425,1051426,1051430,1051432,1051434,1051439,1051442,1051444,1051445,1051446,1051451,1051452,1051453,1051458,1051459,1051460,1051461,1051462,1051464,1051465,1051466,1051468,1051472,1051474,1051475,1051480,1051486,1051487,1051491,1051493,1051494,1051497,1051498,1051499,1051501,1051503,1051504,1051506,1051511,1051512,1051514,1051515,1051519,1051520,1051522,1051524,1051526,1051531,1051532,1051533,1051541,1051546,1051547,1051548,1051554,1051555,1051556,1051560,1051561,1051562,1051565,1051568,1051573,1051576,1051577,1051580,1051581,1051583,1051584,1051588,1051589,1051590,1051592,1051596,1051597,1051598,1051599,1051605,1051606,1051607,1051609,1051611,1051612,1051615,1051616,1051617,1051618,1051623,1051624,1051625,1051627,1051628,1051630,1051632,1051639,1051640,1051641,1051642,1051644,1051646,1051647,1051648,1051649,1051650,1051651,1051653,1051654,1051655,1051656,1051658,1051659,1051665,1051667,1051668,1051669,1051671,1051672,1051675,1051676,1051680,1051682,1051685,1051686,1051689,1051695,1051699,1051700,1051703,1051706,1051707,1051713,1051715,1051717,1051721,1051722,1051724,1051729,1051731,1051732,1051737,1051738,1051739,1051741,1051742,1051747,1051748,1051750,1051752,1051754,1051756,1051757,1051758,1051760,1051763,1051765,1051769,1051773,1051777,1051779
547:1048645,1048646,1048669,1048670,1048709,1048713,1048719,1048745,1048780,1048806,1048820,1048831,1048840,1048853,1048873,1048876,1048885,1048895,1048897,1048924,1048971,1048984,1049071,1049086,1049102,1049111,1049190,1049253,1049292,1049306,1049326,1049344,1049352,1049480,1049511,1049517,1049556,1049565,1049571,1049587,1049588,1049600,1049601,1049605,1049637,1049710,1049718,1049741,1049744,1049747,1049761,1049763,1049789,1049805,1049830,1049834,1049836,1049846,1049854,1049859,1049882,1049901,1049902,1049910,1049937,1049966,1049978,1049991,1049996,1050000,1050066,1050079,1050102,1050170,1050178,1050180,1050189,1050197,1050205,1050227,1050246,1050260,1050273,1050280,1050281,1050300,1050326,1050345,1050357,1050409,1050422,1050429,1050450,1050461,1050463,1050475,1050506,1050511,1050532,1050539,1050551,1050563,1050592,1050606,1050608,1050610,1050611,1050612,1050619,1050623,1050624,1050627,1050629,1050655,1050684,1050687,1050723,1050729,1050753,1050756,1050764,1050778,1050782,1050807,1050827,1050843,1050849,1050850,1050852,1050863,1050892,1050912,1050917,1050928,1050942,1050947,1050948,1050953,1050955,1050964,1050973,1051009,1051011,1051025,1051045,1051055,1051058,1051059,1051069,1051070,1051072,1051090,1051092,1051097,1051099,1051112,1051113,1051115,1051145,1051155,1051157,1051161,1051170,1051184,1051188,1051200,1051205,1051218,1051220,1051226,1051229,1051241,1051274,1051281,1051289,1051293,1051295,1051303,1051314,1051315,1051316,1051325,1051327,1051340,1051342,1051347,1051369,1051374,1051380,1051387,1051394,1051396,1051402,1051403,1051410,1051418,1051420,1051423,1051426,1051438,1051440,1051463,1051472,1051475,1051480,1051489,1051495,1051500,1051505,1051511,1051530,1051531,1051556,1051562,1051564,1051566,1051568,1051571,1051572,1051588,1051602,1051609,1051611,1051615,1051616,1051617,1051625,1051626,1051642,1051663,1051674,1051678,1051688,1051693,1051701,1051702,1051707,1051709,1051710,1051716,1051722,1051726,1051732,1051740,1051742,1051748,1051775,1051776,1051778
563:1048646,1048760,1048780,1049306,1049436,1049581,1049733,1049837,1049839,1049900,1049920,1049924,1049960,1049971,1050029,1050030,1050037,1050062,1050118,1050128,1050178,1050191,1050221,1050246,1050270,1050274,1050322,1050329,1050399,1050400,1050404,1050420,1050431,1050437,1050501,1050553,1050667,1050681,1050742,1050763,1050772,1050773,1050792,1050793,1050918,1050955,1050973,1051031,1051091,1051200,1051249,1051262,1051267,1051292,1051293,1051298,1051312,1051370,1051401,1051414,1051426,1051443,1051448,1051526,1051574,1051599,1051624,1051639,1051757,1051769,1051774
579:1048646,1048892,1048926,1048942,1049072,1049221,1049375,1049442,1049512,1049733,1049748,1050046,1050072,1050081,1050098,1050102,1050201,1050207,1050301,1050302,1050328,1050454,1050465,1050491,1050670,1050703,1050705,1050793,1050933,1050952,1051073,1051200,1051439,1051555,1051575,1051642,1051690,1051740
595:1048646,1049245,1049549,1049674,1049730,1049745,1049882,1050009,1050059,1050190,1050431,1050481,1050522,1050550,1050721,1050808,1050881,1051069,1051117,1051147,1051256,1051342,1051457,1051491,1051498,1051506,1051566,1051573,1051606,1051657,1051666,1051672,1051686
611:1048651,1048725,1048938,1049090,1049653,1050220,1050374,1050380,1050608,1050715,1050804,1050872,1051056,1051181,1051403
627:1048653,1049106,1049160,1049426,1049440,1049469,1049606,1049722,1049744,1049811,1049884,1049899,1049922,1049938,1049960,1049962,1049986,1050169,1050248,1050316,1050399,1050475,1050491,1050507,1050550,1050574,1050728,1050729,1050738,1050773,1050782,1050823,1050849,1050932,1050942,1051013,1051142,1051181,1051204,1051307,1051555,1051602,1051627,1051690,1051728,1051775
643:1048653,1048721,1049010,1049191,1049423,1049537,1049763,1049785,1049956,1049967,1049988,1049990,1050029,1050252,1050260,1050275,1050323,1050535,1050640,1050657,1050737,1050759,1050772,1050902,1051028,1051195,1051284,1051291,1051328,1051497,1051506,1051531,1051602,1051713,1051718
659:1048657,1048895,1048896,1049205,1049253,1049301,1049371,1049433,1049539,1049641,1049718,1049754,1049798,1049811,1049839,1049884,1049965,1049983,1049987,1049988,1050018,1050020,1050061,1050081,1050103,1050110,1050164,1050177,1050188,1050225,1050227,1050270,1050281,1050286,1050310,1050320,1050363,1050420,1050436,1050437,1050463,1050507,1050552,1050578,1050656,1050657,1050713,1050771,1050772,1050782,1050789,1050807,1050808,1050829,1050840,1050841,1050862,1050874,1050892,1050915,1050946,1051011,1051071,1051110,1051117,1051120,1051144,1051291,1051307,1051309,1051361,1051407,1051413,1051463,1051491,1051506,1051583,1051614,1051656,1051672,1051691,1051711,1051721,1051737,1051747,1051751,1051763,1051777
675:1048665
691:1048667,1049270,1049711,1049741,1050213,1050467,1050672,1050702,1050721,1050769,1051031,1051061,1051267,1051346,1051395,1051601,1051692
707:1048670,1048721,1048823,1048827,1048840,1048853,1049015,1049233,1049270,1049273,1049620,1049663,1049673,1049683,1049686,1049735,1049755,1049756,1049758,1049884,1049941,1049972,1049979,1049984,1049998,1050001,1050034,1050045,1050049,1050127,1050162,1050201,1050221,1050227,1050268,1050285,1050300,1050325,1050330,1050349,1050383,1050399,1050451,1050460,1050464,1050477,1050485,1050553,1050570,1050591,1050640,1050656,1050669,1050686,1050687,1050710,1050739,1050771,1050821,1050898,1050907,1050916,1050945,1050955,1050971,1051010,1051061,1051062,1051072,1051093,1051157,1051198,1051289,1051426,1051459,1051472,1051493,1051494,1051496,1051515,1051518,1051556,1051580,1051585,1051590,1051604,1051618,1051629,1051642,1051646,1051657,1051695,1051774
723:1048671,1048719,1049066,1049133,1049243,1049293,1049371,1049646,1049663,1049688,1049769,1049884,1049941,1049984,1049992,1050064,1050092,1050185,1050279,1050294,1050316,1050320,1050344,1050383,1050419,1050420,1050476,1050483,1050511,1050590,1050637,1050672,1050715,1050728,1050763,1050794,1050826,1050883,1050919,1050929,1050930,1050932,1050962,1050974,1050999,1051027,1051028,1051056,1051068,1051075,1051171,1051179,1051195,1051206,1051208,1051209,1051227,1051249,1051263,1051283,1051287,1051313,1051325,1051355,1051391,1051396,1051414,1051421,1051422,1051435,1051449,1051457,1051464,1051498,1051500,1051522,1051542,1051553,1051559,1051577,1051595,1051616,1051625,1051628,1051641,1051642,1051645,1051667,1051683,1051688,1051700,1051711,1051712,1051727,1051755
739:1048672
755:1048677
771:1048678,1049037,1049674,1049941,1049957,1050029,1050166,1050464,1050520,1050755,1051159,1051560,1051675,1051707,1051721
787:1048679,1049007,1049160,1049503,1049972,1050723,1051422,1051741
803:1048679
819:1048681,1048682,1048773,1048816,1048817,1048818,1048871,1048948,1048969,1048970,1048991,1049003,1049037,1049250,1049334,1049361,1049367,1049371,1049433,1049555,1049577,1049587,1049601,1049633,1049651,1049727,1049855,1049869,1049979,1049995,1050005,1050010,1050092,1050184,1050188,1050195,1050266,1050275,1050284,1050293,1050325,1050361,1050399,1050449,1050499,1050537,1050550,1050551,1050577,1050584,1050743,1050760,1050792,1050804,1050841,1050871,1050996,1050999,1051007,1051013,1051014,1051052,1051058,1051091,1051132,1051149,1051180,1051263,1051302,1051369,1051380,1051396,1051408,1051502,1051541,1051572,1051612,1051633,1051656,1051666,1051694,1051709,1051711,1051720,1051727,1051732,1051737,1051764,1051774
835:1048681,1048691,1048816,1048853,1048972,1049106,1049581,1049621,1049691,1049753,1049801,1049833,1049979,1050031,1050044,1050045,1050196,1050251,1050328,1050339,1050349,1050382,1050440,1050443,1050453,1050460,1050491,1050520,1050635,1050681,1050769,1050888,1050914,1050942,1050948,1050952,1050977,1051157,1051170,1051207,1051244,1051291,1051369,1051388,1051397,1051408,1051432,1051434,1051437,1051439,1051456,1051459,1051463,1051486,1051519,1051541,1051571,1051578,1051581,1051587,1051627,1051628,1051632,1051635,1051642,1051644,1051662,1051687,1051695,1051747
851:1048686,1049606,1049926,1049976,1050141,1050733
867:1048691
883:1048691,1049299,1049882,1049983,1050032,1050142,1050261,1050452,1050636,1050776,1051404,1051622,1051757
899:1048698,1048740,1049212,1049488
915:1048698,1049537,1050043,1050098,1050325,1050349,1050404,1050420,1050579,1050658,1050728,1050932,1050998,1051195,1051249,1051443,1051762,1051777
931:1048703
947:1048708,1048820,1048885,1048920,1048921,1048929,1048972,1049268,1049353,1049452,1049598,1049730,1049891,1049987,1050062,1050069,1050183,1050297,1050322,1050393,1050431,1050487,1050504,1050602,1050762,1050850,1050913,1050917,1050958,1051076,1051119,1051120,1051274,1051480,1051489,1051514,1051583,1051686,1051738
963:1048714,1049089,1049144,1049254,1049761,1050804
979:1048719,1048829,1048904,1049015,1049028,1049191,1049297,1049300,1049466,1049674,1049695,1049790,1049830,1049865,1049883,1049966,1049972,1049973,1050051,1050132,1050142,1050180,1050184,1050466,1050482,1050523,1050715,1050773,1050873,1050996,1051012,1051021,1051069,1051147,1051168,1051198,1051227,1051293,1051314,1051373,1051456,1051486,1051519,1051536,1051651,1051665,1051667,1051709,1051735
995:1048719,1049737,1050399,1050820,1050896,1051468,1051521,1051623
1011:1048721,1048722,1048829,1049972,1050339,1051754
1027:1048726
1043:1048737
1059:1048744,1051395
1075:1048754,1048820,1048885,1048915,1048929,1049353,1049539,1049797,1050393,1050816,1050817,1051269
1091:1048760,1048853,1049170,1049519,1049995,1050031,1050251,1050411,1050548,1050635,1050807,1051063,1051493,1051709,1051710
1107:1048760,1049663,1049766,1049798,1049954,1050118,1050258,1050259,1050298,1050411,1050590,1050714,1050754,1050878,1050915,1051090,1051121,1051178,1051189,1051399,1051476,1051546,1051557,1051561,1051578,1051620
1123:1048770,1048823,1049293,1049576,1049823,1049958,1049988,1050045,1050200,1050273,1050403,1050483,1050880,1050887,1050916,1050965,1051094,1051116,1051147,1051155,1051339,1051377,1051410,1051439,1051446,1051451,1051468,1051484,1051502,1051506,1051562,1051564,1051586,1051640,1051672,1051717,1051748,1051754
1139:1048777,1049037,1049207,1049305,1049900,1050002,1050790,1051446,1051462
1155:1048778,1049032,1049184,1049185,1049266,1049422,1049443,1049472,1049822,1049854,1050087,1050105,1050385,1050418,1050820,1050821,1051152,1051563,1051634,1051647,1051714
1171:1048782,1049227,1049524,1049742,1049898,1049933,1050000,1050046,1050071,1050356,1050399,1050431,1050564,1050625,1050667,1050686,1050687,1050702,1050723,1050730,1050753,1050839,1050849,1050870,1050901,1050971,1051045,1051274,1051278,1051339,1051395,1051417,1051445,1051461,1051506,1051520,1051555,1051620,1051652,1051656,1051696,1051708,1051763,1051773
1187:1048793
1203:1048799,1048899,1049129,1049338,1049498,1050880,1051178,1051384
1219:1048806,1049820
1235:1048811,1048812,1048813,1048814,1048815,1048816,1048817,1048818,1048819,1048820,1048821,1048822,1048823,1048824,1048825,1048826,1048827,1048828,1048829,1048830,1048831,1048832,1048833,1048834,1048835,1048836,1048837,1048838,1048839,1048840,1048841,1048842,1048843,1048844,1048845,1048846,1048847,1048848,1048849,1048850,1048851,1048852,1048853,1048854,1048855,1048856,1048857,1048858,1048859,1048860,1048861,1048862,1048863,1048864,1048865,1048866,1048867,1048868,1048869,1048870,1048871,1048872,1048873,1048874,1048875,1048876,1048877,1048878,1048879,1048880,1048881,1048882,1048883,1048884,1048885,1048886,1048887,1048888,1048889,1048890,1048891,1048892,1048893,1048894,1048895,1048896,1048897,1048898,1048899,1048900,1048901,1048902,1048903,1048904,1048905,1048906,1048907,1048908,1048909,1048910,1048911,1048912,1048913,1048914,1048915,1048916,1048917,1048918,1048919,1048920,1048921,1048922,1048923,1048924,1048925,1048926,1048927,1048928,1048929,1048930,1048931,1048932,1048933,1048934,1048935,1048936,1048937,1048938,1048939,1048940,1048941,1048942,1048943,1048944,1048945,1048946,1048947,1048948,1048949,1048950,1048951,1048952,1048953,1048954,1048955,1048956,1048957,1048958,1048959,1048960,1048961,1048962,1048963,1048964,1048965,1048966,1048967,1048968,1048969,1048970,1048971,1048972,1048973,1048974,1048975,1048976,1048977,1048978,1048979,1048980,1048981,1048982,1048983,1048984,1048985,1048986,1048987,1048988,1048989,1049212
1251:1048815
1267:1048817,1049293,1050324,1050901,1050971,1050999,1051258,1051426,1051446,1051515,1051579,1051613,1051643,1051715
1283:1048818,1048829,1049037,1049106,1049538,1049556,1049557,1049641,1049720,1049735,1049811,1049865,1049919,1049925,1049987,1050030,1050057,1050066,1050102,1050123,1050163,1050213,1050240,1050256,1050268,1050278,1050320,1050399,1050480,1050521,1050550,1050759,1050772,1050793,1050822,1050919,1050929,1050995,1051025,1051045,1051072,1051092,1051097,1051157,1051274,1051302,1051579,1051624,1051665,1051677,1051714,1051777
1299:1048819,1048822,1049043,1049450,1049496,1050808,1051351,1051462
1315:1048823,1049039,1049108,1049334,1049399,1049400,1049525,1049546,1049587,1049622,1049683,1049735,1049755,1049769,1049883,1049937,1049954,1049961,1049972,1049996,1050093,1050115,1050117,1050178,1050216,1050258,1050339,1050500,1050577,1050621,1050653,1050687,1050753,1050764,1050807,1050822,1050829,1050850,1050873,1050951,1050999,1051069,1051089,1051091,1051145,1051195,1051220,1051257,1051273,1051309,1051312,1051321,1051387,1051392,1051394,1051448,1051503,1051504,1051522,1051523,1051533,1051542,1051580,1051590,1051615,1051639,1051663,1051693,1051728,1051729
1331:1048826,1048893
1347:1048827,1048829,1048894,1048896,1049194,1049303,1049306,1049442,1049588,1049604,1049626,1049673,1049734,1049735,1049806,1049810,1049813,1049954,1049963,1049971,1050035,1050038,1050124,1050209,1050323,1050409,1050419,1050428,1050477,1050482,1050511,1050532,1050550,1050636,1050719,1050726,1050742,1050752,1050773,1050777,1050778,1050802,1050804,1050808,1050852,1050861,1050918,1051055,1051131,1051173,1051181,1051197,1051307,1051351,1051377,1051403,1051417,1051468,1051489,1051506,1051576,1051586,1051589,1051591,1051595,1051598,1051602,1051656,1051669,1051687,1051714,1051720,1051735,1051750
1363:1048829,1048853,1048856,1048857,1048894,1048895,1048896,1048897,1049072,1049190,1049270,1049424,1049429,1049442,1049557,1049646,1049673,1049692,1049718,1049801,1049805,1049808,1049840,1049919,1049976,1050008,1050010,1050029,1050043,1050063,1050072,1050100,1050123,1050141,1050145,1050162,1050166,1050167,1050170,1050180,1050249,1050267,1050288,1050302,1050317,1050323,1050345,1050358,1050403,1050418,1050449,1050460,1050486,1050490,1050507,1050511,1050520,1050572,1050574,1050595,1050608,1050629,1050640,1050656,1050668,1050669,1050704,1050719,1050741,1050756,1050762,1050773,1050775,1050777,1050779,1050850,1050861,1050873,1050875,1050920,1051026,1051045,1051056,1051073,1051109,1051111,1051113,1051133,1051159,1051170,1051173,1051195,1051198,1051203,1051218,1051221,1051247,1051258,1051259,1051260,1051270,1051272,1051277,1051289,1051308,1051325,1051326,1051340,1051342,1051374,1051380,1051391,1051412,1051417,1051435,1051453,1051465,1051467,1051476,1051480,1051487,1051494,1051496,1051583,1051588,1051591,1051613,1051617,1051629,1051670,1051675,1051677,1051685,1051694,1051704,1051710,1051728
1379:1048834,1049081,1049183,1049184
1395:1048840,1049037,1050057,1050553,1051292,1051326,1051559
1411:1048847,1049901,1050002,1050031,1050093,1050402,1050404,1050552,1050719,1050919,1051280,1051407,1051440,1051628,1051681,1051775
1427:1048853,1048873,1049621,1049813,1049985,1050080,1050143,1050437,1050521,1050872,1050894,1051011,1051142,1051157,1051244,1051261,1051279,1051309,1051361,1051425,1051464
1443:1048856,1048895,1049102,1049299,1049302,1049371,1049516,1049557,1049587,1049589,1049600,1049742,1049812,1049882,1049919,1049960,1049990,1050034,1050037,1050062,1050102,1050115,1050116,1050128,1050240,1050256,1050270,1050275,1050323,1050475,1050486,1050510,1050564,1050621,1050625,1050667,1050696,1050702,1050713,1050717,1050729,1050785,1050790,1050847,1050875,1050877,1050898,1050916,1050971,1050976,1050978,1051045,1051059,1051094,1051110,1051121,1051142,1051190,1051204,1051221,1051226,1051239,1051280,1051305,1051308,1051314,1051328,1051339,1051370,1051448,1051456,1051486,1051506,1051573,1051586,1051606,1051662,1051690,1051725
1459:1048857,1048896,1049172,1049303,1049422,1049517,1049546,1049692,1049720,1049736,1049743,1049758,1049789,1049790,1049839,1049880,1049890,1049909,1049920,1049923,1049966,1049978,1049999,1050002,1050014,1050039,1050043,1050044,1050061,1050073,1050078,1050098,1050117,1050124,1050139,1050166,1050200,1050246,1050251,1050255,1050280,1050316,1050386,1050429,1050436,1050501,1050514,1050577,1050667,1050671,1050792,1050808,1050892,1050931,1050958,1051014,1051031,1051046,1051058,1051094,1051220,1051387,1051425,1051487,1051512,1051514,1051518,1051580,1051652,1051655,1051702,1051735,1051764,1051774,1051776,1051777,1051779
1475:1048859,1049072,1049923,1051011,1051131,1051520,1051703
1491:1048865,1050340,1051667
1507:1048871,1049069,1049469,1049686
1523:1048873,1051590,1051738
1539:1048878,1048894,1048992,1049072,1049106,1049160,1049252,1049397,1049443,1049521,1049537,1049607,1049697,1049742,1049775,1049787,1049810,1049827,1049837,1049853,1049881,1049898,1049929,1049937,1049941,1049956,1049983,1049986,1049990,1050028,1050032,1050045,1050059,1050060,1050063,1050080,1050142,1050147,1050200,1050212,1050259,1050261,1050280,1050367,1050443,1050452,1050485,1050511,1050595,1050611,1050684,1050705,1050727,1050738,1050751,1050759,1050760,1050772,1050790,1050862,1050884,1050890,1050902,1050965,1051057,1051060,1051074,1051113,1051116,1051145,1051159,1051191,1051196,1051200,1051227,1051244,1051255,1051280,1051283,1051285,1051352,1051369,1051385,1051392,1051403,1051422,1051434,1051435,1051445,1051446,1051460,1051465,1051468,1051482,1051494,1051516,1051532,1051536,1051552,1051568,1051608,1051648,1051682,1051686,1051713,1051735,1051739
1555:1048882,1049082,1049351,1050139,1050340,1050629,1051058
1571:1048893,1049330,1050001,1050048,1050212,1050386,1050521,1050850,1051153,1051355,1051375,1051382
1587:1048896,1050383,1051520,1051733
1603:1048896,1050595
1619:1048897,1049246,1049547,1049548,1049662,1049771,1049902,1050040,1050466,1050490,1050723,1050742,1050759,1050762,1050790,1050879,1050886,1050889,1050897,1050899,1050900,1050953,1051059,1051147,1051225,1051267,1051291,1051340,1051369,1051394,1051403,1051407,1051424,1051445,1051534,1051535,1051556,1051602,1051624,1051667,1051672,1051722
1635:1048897,1049191,1049972,1050756,1051770
1651:1048904,1049269,1049730,1049745,1049941,1050031,1050274,1050275,1050436,1050521,1050553,1050671,1050738,1050779,1050802,1050807,1050838,1050877,1051008,1051147,1051168,1051284,1051491,1051493,1051504,1051595
1667:1048911,1049079,1049117,1049224,1049274,1049299,1049469,1049589,1049646,1049686,1049781,1049847,1049924,1049957,1049961,1050010,1050035,1050045,1050060,1050100,1050180,1050218,1050225,1050243,1050250,1050274,1050317,1050366,1050380,1050428,1050461,1050492,1050508,1050521,1050608,1050668,1050778,1050821,1050824,1050827,1050846,1050883,1050962,1051027,1051030,1051069,1051175,1051198,1051223,1051263,1051295,1051321,1051333,1051351,1051355,1051435,1051460,1051468,1051548,1051559,1051560,1051580,1051593,1051596,1051612,1051738,1051757,1051774
1683:1048925,1049120,1050018,1050741,1051353,1051380,1051568
1699:1048938
1715:1048949
1731:1048957,1051351
1747:1048966
1763:1048971,1049015,1049590,1049781,1049940,1050077,1050100,1050222,1050273,1050912,1050950,1050962,1050976,1051109,1051256,1051297,1051476,1051566,1051663,1051669,1051672
1779:1048974,1048988,1049212
1795:1048984,1050038
1811:1048989,1049637,1050534,1051267,1051453
1827:1048992
1843:1048997,1049020,1049154
1859:1049005,1049006,1049336,1049413
1875:1049010,1050464,1050713
1891:1049015,1049070,1049577,1049600,1049642,1049978,1050118,1050591,1050639,1050702,1050775,1050880,1051061,1051278
1907:1049016,1049160,1049190,1049250,1049709,1049718,1049798,1049967,1049969,1049983,1050000,1050010,1050031,1050039,1050108,1050195,1050198,1050216,1050266,1050272,1050302,1050381,1050551,1050595,1050610,1050625,1050670,1050720,1050727,1050805,1050880,1050894,1050918,1050932,1050955,1050958,1051025,1051074,1051155,1051195,1051241,1051293,1051296,1051325,1051344,1051488,1051547,1051554,1051628,1051640,1051646,1051707,1051722,1051751,1051757
1923:1049022,1049182
1939:1049033,1049814,1051452
1955:1049037,1049515,1049941,1050072,1050105,1050218,1051046,1051073,1051206,1051244,1051286,1051324,1051482,1051583,1051678
1971:1049041,1049155,1049810,1051580
1987:1049053,1049368,1050598,1050837
2003:1049057,1050071,1050356,1050435,1050854,1050987,1051723,1051735
2019:1049063,1049588,1049673,1049720,1050343,1050461,1050720,1050770,1050771,1050792,1050872,1050964,1050988,1051028,1051136,1051155,1051255,1051258,1051263,1051328,1051435,1051458,1051460,1051475,1051524,1051554,1051593,1051608,1051611,1051655,1051714,1051769
2035:1049068
2051:1049073,1049094,1049474,1049508
2067:1049098,1049545,1049803,1050416,1050617
2083:1049106
2099:1049106
2115:1049108,1050165,1050858,1051458
2131:1049110,1051641,1051720
2147:1049113,1049123,1049124,1049853
2163:1049131,1050809,1050810,1050811,1050812,1050813,1050814,1050815,1050816,1050817,1050818,1050819,1050820,1050821,1050822,1050823,1050824,1050825,1050826,1050827,1050828,1050829,1050830,1050831,1050832,1050833,1050834,1050835,1050836,1050837,1050838,1050839,1050840,1050841,1050842,1050843,1050844,1050845,1050846,1050847,1050848,1050849,1050850,1050851,1050852,1050853,1050854,1050855,1050856,1050857,1050858,1050859,1050860,1050861,1050862,1050863,1050864,1050865,1050866,1050867,1050868,1050869,1050870,1050871,1050872,1050873,1050874,1050875,1050876,1050877,1050878,1050879,1050880,1050881,1050882,1050883,1050884,1050885,1050886,1050887,1050888,1050889,1050890,1050891,1050892,1050893,1050894,1050895,1050896,1050897,1050898,1050899,1050900,1050901,1050902,1050903,1050904,1050905,1050906,1050907,1050908,1050909,1050910,1050911,1050912,1050913,1050914,1050915,1050916,1050917,1050918,1050919,1050920,1050921,1050922,1050923,1050924,1050925,1050926,1050927,1050928,1050929,1050930,1050931,1050932,1050933,1050934,1050935,1050936,1050937,1050938,1050939,1050940,1050941,1050942,1050943,1050944,1050945,1050946,1050947,1050948,1050949,1050950,1050951,1050952,1050953,1050954,1050955,1050956,1050957,1050958,1050959,1050960,1050961,1050962,1050963,1050964,1050965,1050966,1050967,1050968,1050969,1050970,1050971,1050972,1050973,1050974,1050975,1050976,1050977,1051585,1051760
2179:1049137
2195:1049151,1050397,1051071,1051203,1051205,1051332,1051458,1051509
2211:1049160,1049771,1049855,1049882,1050039,1050078,1050093,1050105,1050204,1050207,1050248,1050274,1050329,1050357,1050503,1050672,1050744,1050874,1051461,1051605,1051661,1051715,1051749
2227:1049164,1049166,1050922,1050929,1050930
2243:1049170,1049423,1049517,1049756,1049923,1050140,1050204,1050226,1050361,1050485,1050590,1050980,1051102,1051195,1051259,1051380,1051480,1051494,1051518
2259:1049176
2275:1049190,1049271,1049274,1049369,1049399,1049442,1049515,1049621,1049626,1049646,1049747,1049770,1049810,1049834,1049944,1049998,1050018,1050117,1050127,1050129,1050162,1050216,1050225,1050269,1050316,1050328,1050357,1050453,1050459,1050476,1050503,1050605,1050608,1050627,1050653,1050656,1050715,1050783,1050805,1050824,1050837,1050847,1050851,1050862,1050934,1050964,1051012,1051013,1051065,1051073,1051075,1051099,1051105,1051112,1051134,1051206,1051255,1051276,1051284,1051286,1051291,1051297,1051309,1051320,1051323,1051328,1051369,1051391,1051395,1051408,1051416,1051431,1051432,1051435,1051438,1051477,1051491,1051493,1051502,1051573,1051580,1051608,1051614,1051616,1051620,1051632,1051647,1051649,1051650,1051678,1051687,1051688,1051704,1051707,1051709,1051746,1051776
2291:1049191,1049628,1049710,1049865,1049915,1049937,1050163,1050285,1050323,1050655,1050874,1050894,1051207,1051360,1051418,1051442,1051578
2307:1049191,1049271,1050301
2323:1049194,1050500,1051662
2339:1049197
2355:1049205,1049327,1049467,1049642,1049791,1049805,1049839,1050030,1050044,1050119,1050272,1050301,1050315,1050481,1050501,1050594,1050720,1050916,1051069,1051361,1051611
2371:1049212,1049734,1050427,1050563,1050609
2387:1049219,1049998,1050010,1050092
2403:1049230,1049245,1049828,1051404,1051416
2419:1049238,1049477
2435:1049245,1049246,1049769,1049899,1049900,1049956,1050082,1050170,1050549,1050725,1050793,1050873,1050879,1050880,1050881,1050882,1050971,1051117,1051270,1051516,1051692
2451:1049245,1049466,1049983,1050008,1050184,1050444,1051013,1051075
2467:1049245
2483:1049248
2499:1049250,1051125
2515:1049252
2531:1049257
2547:1049265,1050083,1050084,1050230,1050231,1050276,1050331,1050332,1050347,1050348,1050497
2563:1049270,1050149,1050160,1050335,1050413,1050556
2579:1049271,1049600,1051013
2595:1049272
2611:1049277
2627:1049291,1049569,1051254
2643:1049296,1049521,1049694,1049865,1050051,1050580,1051635
2659:1049299,1049585,1049734,1049813,1049890,1049900,1049985,1050039,1050099,1050195,1050206,1050363,1050621,1050669,1050791,1050860,1051008
2675:1049302,1049623,1050248,1050928
2691:1049305
2707:1049310,1049456
2723:1049322,1051171,1051348
2739:1049333,1049967
2755:1049340
2771:1049351,1050713,1051599,1051646
2787:1049363,1050103
2803:1049371
2819:1049375
2835:1049389
2851:1049398
2867:1049402
2883:1049410,1049542,1050156
2899:1049422
2915:1049428
2931:1049432
2947:1049440,1050100,1050254,1050770,1050864,1051289,1051421,1051640
2963:1049458,1050518
2979:1049469,1050118,1050239,1051573,1051679
2995:1049500,1050179,1051167,1051410
3011:1049517,1049523
3027:1049524
3043:1049526
3059:1049537,1049867,1050300,1051197,1051202,1051529,1051580,1051616,1051652
3075:1049541
3091:1049546,1049547,1050123,1050288,1050310,1050323,1050380,1050421,1050610,1050681,1050794,1051146,1051470,1051525,1051684,1051694
3107:1049548,1051329
3123:1049554,1049586
3139:1049561,1050453
3155:1049571
3171:1049576,1049781,1049853,1050007,1050227,1050577,1050769,1051270,1051732
3187:1049578
3203:1049580,1050353
3219:1049585,1050030,1050256,1051076,1051767,1051771
3235:1049589,1049745,1050226
3251:1049596
3267:1049606,1050680,1051064
3283:1049609
3299:1049616,1049804
3315:1049621
3331:1049624,1049983,1050034,1050771
3347:1049633,1050584
3363:1049642
3379:1049653,1050374
3395:1049663
3411:1049673,1049990,1050266,1050779,1050864,1051094,1051456,1051511,1051699,1051719
3427:1049674,1049683
3443:1049683,1050932
3459:1049687,1050948,1051170,1051456,1051503,1051571,1051627
3475:1049688,1049757,1050103,1050916,1051030,1051144,1051267,1051329,1051403,1051404,1051416,1051422,1051458,1051499,1051552,1051621,1051627,1051673,1051682,1051700
3491:1049691,1049720,1050007,1050031,1050056,1050057,1050079,1050138,1050403,1050422,1050491,1050509,1050512,1050536,1050590,1050627,1050634,1050700,1050730,1050736,1050747,1050752,1050753,1050764,1050864,1050865,1050943,1051005,1051019,1051022,1051036,1051051,1051059,1051065,1051099,1051143,1051194,1051205,1051270,1051276,1051327,1051365,1051452,1051458,1051495,1051498,1051500,1051509,1051555,1051561,1051583,1051593,1051699,1051700,1051714,1051731,1051739
3507:1049707
3523:1049710,1051279,1051390
3539:1049720
3555:1049721
3571:1049729
3587:1049734
3603:1049736
3619:1049740,1050874,1050886
3635:1049744,1049784,1049908,1050220,1050449,1050804,1051738
3651:1049745,1049985
3667:1049751
3683:1049754
3699:1049757
3715:1049763,1050110,1050170,1050241,1050523,1050648,1051041,1051159,1051410,1051426,1051431,1051459,1051483,1051690
3731:1049769,1050274
3747:1049772,1050072,1050419,1050807,1051142,1051289,1051671,1051721
3763:1049781
3779:1049787
3795:1049800,1049925,1050093,1050101,1050108,1050380,1050763,1050897,1050919,1051091,1051118,1051200,1051221,1051227,1051244,1051296,1051486,1051526,1051573,1051602,1051605,1051666,1051692,1051711
3811:1049808,1050520
3827:1049810,1050914
3843:1049813,1050302,1050942,1051432,1051695
3859:1049824,1050017,1050084,1050545
3875:1049832,1049900,1049961,1049971,1050003,1050033,1050077,1050081,1050082,1050094,1050146,1050164,1050227,1050313,1050344,1050367,1051540,1051743,1051744
3891:1049839,1049885,1050315,1050854
3907:1049842,1049865,1049935,1049937,1050080,1050240,1050245,1050255,1050311,1050672,1050931,1050943,1051417
3923:1049847,1051596,1051613
3939:1049858,1049980,1050068,1050193,1050350,1050366,1050414,1050439,1050457,1050489,1050543,1050633,1050967,1050991
3955:1049865
3971:1049875,1049950,1050424
3987:1049882
4003:1049888
4019:1049890
4035:1049900,1050094,1050110,1050147,1050325,1050417,1050419,1050531,1050577,1050743,1050750,1050763,1050872,1050917,1050918,1050976,1051168,1051325,1051415,1051503,1051601,1051623,1051625,1051663,1051669,1051716,1051722,1051748
4051:1049913
4067:1049920,1049940,1049962,1049967,1050191,1050198,1051646,1051775
4083:1049924
4099:1049929,1050316,1050622,1050929,1050965
4115:1049938,1050177
4131:1049941,1050383,1050741,1051074
4147:1049949,1050335
4163:1049956,1050475,1050729,1051032
4179:1049960
4195:1049962
4211:1049968
4227:1049973
4243:1049978
4259:1049984
4275:1049986,1050194
4291:1049990,1051280,1051325,1051756
4307:1049994,1050021
4323:1050000,1050280,1050526,1050822,1051316,1051570,1051591,1051676
4339:1050003
4355:1050008
4371:1050012,1050136
4387:1050018,1050420,1051691,1051747
4403:1050028,1050147,1051026,1051689,1051732
4419:1050037,1050094,1050202,1050642,1051244,1051325
4435:1050040,1051301
4451:1050045
4467:1050050,1050773,1051392,1051408,1051519,1051601,1051651,1051664,1051704,1051712,1051717,1051723,1051748,1051755
4483:1050057,1050504,1050858,1050977,1051122
4499:1050066
4515:1050078,1051097,1051146,1051692
4531:1050081,1050691,1050808
4547:1050089,1050299,1050405
4563:1050092,1051397
4579:1050096,1051585
4595:1050103,1050481,1050483,1051058,1051143,1051170,1051272,1051359,1051453,1051466,1051472,1051502,1051661,1051693,1051707,1051728,1051771
4611:1050109,1050178,1050273,1050283,1050750,1050751,1050951,1050996,1051056,1051172,1051221,1051322,1051373,1051521,1051618,1051623,1051647
4627:1050118
4643:1050124
4659:1050129,1050142,1050553,1050591,1050592,1050808,1050880,1051201,1051544
4675:1050139
4691:1050145
4707:1050162,1050775,1050778,1050934,1050951,1051127,1051435,1051658,1051776
4723:1050165,1051055,1051156
4739:1050167,1050840,1050917,1051446,1051487
4755:1050177,1051380
4771:1050183
4787:1050190
4803:1050198
4819:1050204
4835:1050209,1051099,1051590,1051609
4851:1050216
4867:1050223
4883:1050227
4899:1050237,1051778
4915:1050242,1050468
4931:1050250
4947:1050255,1050903
4963:1050261
4979:1050267,1050858,1051590
4995:1050271
5011:1050275
5027:1050280
5043:1050281
5059:1050286
5075:1050292
5091:1050299
5107:1050302
5123:1050309,1050319,1050474,1050480,1050859
5139:1050316,1050466
5155:1050320
5171:1050338
5187:1050340
5203:1050344,1051516,1051752
5219:1050350
5235:1050363,1051603
5251:1050378,1050381
5267:1050385
5283:1050396,1050614,1050671
5299:1050402
5315:1050410,1050430,1051323
5331:1050420,1050658,1051257
5347:1050428
5363:1050434,1050450,1050463,1050552,1050651,1050978,1051003,1051062,1051175,1051190,1051230,1051231,1051416,1051499
5379:1050441,1050530
5395:1050449,1050485,1050573,1050575,1051413,1051529,1051687,1051700
5411:1050459,1050475,1050729,1050756,1050842,1051222,1051296,1051398,1051468,1051526,1051573,1051591,1051596,1051623,1051711,1051719,1051752,1051756
5427:1050465,1051369
5443:1050476,1051069,1051326,1051488
5459:1050485
5475:1050490,1051060,1051101,1051272,1051573
5491:1050501
5507:1050511,1050679,1050832,1051223,1051502
5523:1050522,1051146
5539:1050529,1050618
5555:1050542
5571:1050549
5587:1050557,1050615
5603:1050568,1050604
5619:1050577
5635:1050581
5651:1050592
5667:1050599,1051008
5683:1050610
5699:1050621
5715:1050629,1050849,1051208,1051771
5731:1050635,1051169,1051397,1051739
5747:1050640
5763:1050651
5779:1050665
5795:1050670
5811:1050676
5827:1050681
5843:1050698
5859:1050711
5875:1050719
5891:1050722
5907:1050727
5923:1050739
5939:1050745
5955:1050753,1051506
5971:1050761
5987:1050770,1051458
6003:1050774
6019:1050778,1050833
6035:1050788
6051:1050798,1051085
6067:1050808,1051481
6083:1050808
6099:1050808,1050883,1051346
6115:1050811
6131:1050819
6147:1050828,1051773
6163:1050840
6179:1050850
6195:1050862
6211:1050873
6227:1050876,1051488
6243:1050878
6259:1050883
6275:1050892,1051109,1051153,1051267
6291:1050901,1051032,1051684
6307:1050912,1051254
6323:1050918
6339:1050926,1051725
6355:1050937
6371:1050948,1051009,1051170
6387:1050958
6403:1050970,1051276
6419:1050976
6435:1050982
6451:1050995,1051369,1051708
6467:1051001
6483:1051008
6499:1051014
6515:1051022
6531:1051030
6547:1051039
6563:1051045
6579:1051054,1051060,1051427,1051552,1051560
6595:1051058,1051610,1051692
6611:1051064
6627:1051071
6643:1051076
6659:1051090
6675:1051099
6691:1051110
6707:1051116,1051455,1051687
6723:1051124
6739:1051137
6755:1051147
6771:1051159
6787:1051167
6803:1051175
6819:1051181
6835:1051194
6851:1051197
6867:1051204
6883:1051210,1051366
6899:1051223
6915:1051238
6931:1051249
6947:1051256
6963:1051271
6979:1051276
6995:1051284
7011:1051289
7027:1051295
7043:1051296
7059:1051304,1051376
7075:1051314,1051702
7091:1051318
7107:1051328
7123:1051342
7139:1051353,1051380
7155:1051361
7171:1051370
7187:1051384,1051717
7203:1051388
7219:1051397
7235:1051402
7251:1051412
7267:1051423,1051682
7283:1051432
7299:1051444
7315:1051455
7331:1051465
7347:1051469,1051499,1051522,1051554,1051563
7363:1051476
7379:1051482,1051497,1051500,1051515,1051541,1051542,1051562,1051572,1051573
7395:1051492,1051522
7411:1051497
7427:1051501
7443:1051507
7459:1051518
7475:1051528
7491:1051542
7507:1051553
7523:1051563
7539:1051571
7555:1051576
7571:1051586
7587:1051590
7603:1051596
7619:1051601
7635:1051607
7651:1051616
7667:1051624
7683:1051634
7699:1051646
7715:1051652
7731:1051660
7747:1051664
7763:1051671
7779:1051677
7795:1051687
7811:1051695
7827:1051703
7843:1051710
7859:1051717
7875:1051728
7891:1051735
7907:1051740
7923:1051751
7939:1051757
7955:1051765
7971:1051771
7987:1051779
