11:1048576,1048577,1048578,1048611,1048612,1048613,1048614,1048615,1048616,1048634,1048659,1048661,1048677,1048678,1048679,1048680,1048681,1048682,1048683,1048684,1048685,1048686,1048687,1048688,1048689,1048690,1048811,1048812,1048813,1048814,1048815,1048816,1048817,1048818,1048819,1048820,1048821,1048822,1048823,1048824,1048989,1048990,1048991,1048992,1048993,1048994,1048995,1048996,1048997,1048998,1048999,1049000,1049001,1049002,1049003,1049004,1049005,1049006,1049007,1049008,1049009,1049010,1049011,1049012,1049013,1049018,1049234,1049235,1049236,1049237,1049238,1049239,1049240,1049241,1049242,1049243,1049244,1049245,1049246,1049247,1049248,1049523,1049524,1049525,1049526,1049527,1049528,1049529,1049530,1049531,1049532,1049533,1049534,1049535,1049536,1049537,1049538,1049539,1049540,1049541,1049542,1049543,1049544,1049545,1049729,1049730,1049731,1049732,1049733,1049734,1049735,1049736,1049737,1049738,1049739,1049740,1049741,1049742,1049743,1049912,1049913,1049914,1049915,1049916,1049917,1049918,1049919,1049920,1049921,1049922,1049923,1049924,1050051,1050072,1050073,1050074,1050075,1050076,1050077,1050078,1050079,1050080,1050081,1050082,1050230,1050231,1050232,1050233,1050234,1050235,1050236,1050237,1050238,1050239,1050240,1050368,1050369,1050370,1050371,1050372,1050373,1050374,1050375,1050376,1050377,1050378,1050379,1050380,1050381,1050382,1050383,1050384,1050385,1050386,1050524,1050525,1050526,1050527,1050528,1050529,1050530,1050531,1050532,1050533,1050534,1050535,1050536,1050537,1050706,1050707,1050708,1050709,1050710,1050711,1050712,1050713,1050714,1050715,1050716,1050717,1050722,1050809,1050810,1050811,1050812,1050813,1050814,1050815,1050816,1050817,1050818,1050819,1050820,1050821,1050822,1050823,1050824,1050825,1050826,1050827,1050828,1050829,1050978,1050979,1050980,1050981,1050982,1051136,1051137,1051138,1051139,1051140,1051141,1051142,1051143,1051144,1051145,1051146,1051147,1051148,1051274,1051275,1051276,1051277,1051278,1051279,1051280,1051386,1051387,1051388,1051389,1051468,1051469,1051470,1051471,1051472,1051473,1051474,1051605,1051606,1051607,1051608,1051609,1051610,1051611,1051612,1051613,1051753,1051754,1051755,1051756,1051757,1051758
27:1048578,1048636,1048645,1048799,1048858,1048903,1048925,1048926,1048941,1048948,1048972,1048998,1049010,1049012,1049023,1049024,1049050,1049061,1049070,1049083,1049084,1049091,1049120,1049133,1049141,1049161,1049221,1049267,1049274,1049325,1049339,1049348,1049362,1049381,1049420,1049453,1049468,1049483,1049507,1049512,1049612,1049635,1049636,1049641,1049671,1049699,1049702,1049775,1049858,1049860,1049861,1049884,1049943,1049944,1049969,1049980,1049998,1050004,1050019,1050068,1050076,1050079,1050104,1050151,1050152,1050185,1050193,1050224,1050237,1050258,1050271,1050282,1050284,1050350,1050362,1050396,1050411,1050414,1050439,1050451,1050457,1050462,1050480,1050485,1050489,1050499,1050506,1050529,1050543,1050573,1050614,1050618,1050622,1050630,1050633,1050656,1050674,1050752,1050761,1050769,1050774,1050788,1050809,1050824,1050828,1050859,1050864,1050910,1050915,1050940,1050947,1050967,1050976,1050980,1050991,1050994,1051017,1051069,1051081,1051129,1051132,1051221,1051270,1051272,1051333,1051344,1051355,1051362,1051374,1051380,1051381,1051569,1051611,1051660,1051690,1051713,1051727,1051731,1051739
43:1048580,1048629,1048656,1048681,1048683,1048700,1048701,1048703,1048704,1048715,1048727,1048754,1048755,1048756,1048757,1048759,1048765,1048770,1048817,1048829,1048831,1048834,1048840,1048848,1048871,1048873,1048877,1048910,1048935,1048936,1048984,1048993,1048998,1048999,1049010,1049018,1049021,1049031,1049037,1049040,1049042,1049054,1049056,1049061,1049067,1049072,1049084,1049112,1049145,1049146,1049156,1049183,1049187,1049188,1049207,1049209,1049220,1049233,1049247,1049256,1049270,1049272,1049276,1049281,1049287,1049288,1049292,1049293,1049319,1049360,1049412,1049421,1049429,1049430,1049435,1049442,1049443,1049461,1049470,1049471,1049514,1049515,1049527,1049543,1049555,1049574,1049584,1049587,1049610,1049644,1049648,1049664,1049673,1049679,1049698,1049710,1049717,1049722,1049728,1049731,1049739,1049741,1049758,1049760,1049774,1049782,1049802,1049805,1049811,1049813,1049815,1049819,1049828,1049830,1049832,1049845,1049880,1049884,1049887,1049900,1049901,1049909,1049911,1049915,1049917,1049925,1049927,1049939,1049940,1049951,1049960,1049967,1049968,1049978,1049985,1049988,1049991,1050000,1050001,1050005,1050013,1050027,1050032,1050038,1050042,1050053,1050054,1050063,1050069,1050070,1050079,1050107,1050122,1050141,1050153,1050161,1050169,1050171,1050173,1050176,1050178,1050180,1050187,1050201,1050207,1050210,1050212,1050215,1050221,1050222,1050226,1050229,1050234,1050241,1050246,1050249,1050251,1050252,1050254,1050255,1050267,1050269,1050283,1050297,1050298,1050301,1050303,1050309,1050315,1050319,1050327,1050334,1050350,1050351,1050372,1050375,1050379,1050392,1050408,1050413,1050414,1050422,1050423,1050440,1050446,1050455,1050456,1050458,1050459,1050474,1050480,1050488,1050499,1050501,1050502,1050503,1050529,1050549,1050557,1050561,1050562,1050575,1050578,1050584,1050592,1050594,1050603,1050606,1050607,1050615,1050618,1050622,1050626,1050631,1050639,1050658,1050664,1050668,1050669,1050673,1050681,1050703,1050716,1050717,1050718,1050726,1050732,1050748,1050749,1050752,1050759,1050761,1050771,1050783,1050788,1050801,1050805,1050840,1050848,1050859,1050872,1050873,1050882,1050883,1050885,1050889,1050896,1050898,1050908,1050909,1050918,1050949,1050955,1050956,1050957,1050966,1050967,1050971,1050978,1050988,1050992,1050993,1051002,1051009,1051013,1051024,1051026,1051034,1051038,1051048,1051052,1051061,1051074,1051077,1051086,1051090,1051092,1051101,1051113,1051117,1051123,1051135,1051137,1051155,1051164,1051175,1051192,1051194,1051196,1051199,1051202,1051229,1051235,1051240,1051241,1051265,1051266,1051267,1051270,1051273,1051277,1051286,1051298,1051311,1051336,1051342,1051347,1051356,1051369,1051373,1051381,1051382,1051386,1051390,1051398,1051405,1051408,1051409,1051410,1051419,1051422,1051425,1051428,1051429,1051433,1051438,1051461,1051462,1051475,1051476,1051481,1051485,1051497,1051502,1051523,1051538,1051543,1051545,1051561,1051565,1051567,1051581,1051590,1051592,1051597,1051600,1051620,1051628,1051639,1051641,1051643,1051656,1051658,1051667,1051685,1051687,1051693,1051701,1051702,1051705,1051711,1051712,1051740,1051741,1051766,1051769,1051778
59:1048586,1048589,1048621,1048653,1048679,1048681,1048699,1048724,1048731,1048794,1048852,1048859,1048875,1048896,1048897,1048904,1048906,1048910,1048984,1048991,1049010,1049015,1049016,1049037,1049039,1049072,1049106,1049111,1049134,1049160,1049167,1049170,1049191,1049194,1049229,1049250,1049268,1049270,1049296,1049299,1049302,1049305,1049330,1049336,1049397,1049399,1049424,1049426,1049429,1049466,1049494,1049518,1049519,1049548,1049556,1049584,1049589,1049600,1049601,1049608,1049609,1049623,1049624,1049626,1049641,1049647,1049658,1049662,1049663,1049673,1049674,1049685,1049691,1049709,1049720,1049722,1049734,1049736,1049738,1049739,1049742,1049744,1049746,1049760,1049761,1049771,1049773,1049774,1049781,1049787,1049789,1049798,1049809,1049813,1049823,1049825,1049833,1049835,1049849,1049853,1049865,1049888,1049900,1049913,1049916,1049917,1049938,1049940,1049943,1049954,1049962,1049963,1049965,1049969,1049973,1049976,1049983,1049991,1050004,1050008,1050009,1050010,1050013,1050014,1050016,1050029,1050032,1050034,1050037,1050040,1050048,1050061,1050062,1050078,1050080,1050082,1050090,1050092,1050093,1050100,1050104,1050118,1050124,1050125,1050127,1050135,1050138,1050141,1050147,1050163,1050166,1050167,1050170,1050177,1050180,1050184,1050185,1050198,1050200,1050211,1050212,1050226,1050227,1050228,1050233,1050246,1050248,1050251,1050267,1050269,1050283,1050284,1050286,1050299,1050301,1050314,1050318,1050321,1050326,1050329,1050334,1050342,1050344,1050367,1050384,1050386,1050403,1050419,1050421,1050450,1050452,1050460,1050461,1050463,1050476,1050481,1050483,1050486,1050500,1050507,1050508,1050509,1050514,1050521,1050523,1050553,1050560,1050574,1050575,1050578,1050590,1050608,1050621,1050634,1050652,1050653,1050666,1050669,1050681,1050687,1050700,1050703,1050708,1050709,1050717,1050725,1050727,1050739,1050740,1050741,1050744,1050745,1050748,1050749,1050761,1050762,1050764,1050769,1050770,1050771,1050773,1050775,1050777,1050782,1050788,1050792,1050801,1050805,1050822,1050823,1050831,1050840,1050843,1050850,1050856,1050860,1050861,1050862,1050864,1050872,1050875,1050892,1050896,1050899,1050906,1050912,1050916,1050917,1050918,1050928,1050929,1050940,1050958,1050962,1050964,1050965,1050976,1050977,1050982,1050995,1051008,1051011,1051020,1051024,1051026,1051050,1051057,1051059,1051061,1051062,1051063,1051067,1051073,1051074,1051090,1051093,1051094,1051099,1051111,1051112,1051113,1051117,1051121,1051129,1051137,1051142,1051143,1051145,1051150,1051160,1051164,1051167,1051172,1051173,1051179,1051180,1051181,1051182,1051185,1051191,1051193,1051194,1051197,1051202,1051206,1051218,1051226,1051231,1051232,1051236,1051240,1051241,1051244,1051245,1051246,1051250,1051261,1051267,1051276,1051277,1051278,1051281,1051282,1051285,1051290,1051298,1051312,1051317,1051320,1051325,1051328,1051331,1051339,1051347,1051352,1051360,1051362,1051369,1051380,1051383,1051387,1051391,1051403,1051408,1051411,1051412,1051415,1051426,1051430,1051431,1051440,1051443,1051446,1051458,1051470,1051473,1051475,1051478,1051481,1051487,1051488,1051493,1051495,1051497,1051498,1051500,1051504,1051506,1051507,1051512,1051520,1051521,1051523,1051531,1051533,1051538,1051542,1051544,1051546,1051554,1051555,1051564,1051568,1051574,1051576,1051583,1051584,1051590,1051592,1051593,1051599,1051605,1051610,1051615,1051625,1051630,1051632,1051634,1051639,1051651,1051653,1051657,1051661,1051662,1051667,1051670,1051671,1051674,1051675,1051676,1051681,1051685,1051691,1051693,1051695,1051700,1051713,1051721,1051722,1051723,1051729,1051735,1051741,1051750,1051751,1051754,1051769,1051773,1051775
75:1048587,1048623,1048646,1048660,1048683,1048759,1048818,1048857,1048870,1048894,1048918,1048936,1048971,1049060,1049106,1049255,1049305,1049406,1049410,1049411,1049539,1049542,1049589,1049590,1049600,1049627,1049683,1049687,1049718,1049772,1049781,1049842,1049848,1049856,1049903,1049906,1049908,1049921,1049922,1049925,1049926,1049938,1049963,1049986,1050016,1050018,1050045,1050049,1050099,1050154,1050155,1050156,1050165,1050170,1050186,1050194,1050195,1050210,1050213,1050218,1050219,1050220,1050221,1050222,1050240,1050247,1050270,1050301,1050313,1050359,1050394,1050407,1050429,1050433,1050434,1050443,1050463,1050479,1050480,1050484,1050506,1050507,1050521,1050533,1050549,1050552,1050573,1050608,1050624,1050629,1050668,1050686,1050704,1050719,1050720,1050768,1050776,1050801,1050802,1050823,1050840,1050861,1050895,1050896,1050900,1050911,1050930,1050939,1050941,1050953,1051022,1051061,1051062,1051100,1051102,1051109,1051119,1051129,1051130,1051156,1051195,1051224,1051258,1051270,1051273,1051283,1051382,1051390,1051395,1051424,1051446,1051462,1051490,1051512,1051523,1051545,1051568,1051576,1051591,1051598,1051609,1051620,1051631,1051632,1051641,1051655,1051668,1051679,1051707,1051717,1051757,1051765
91:1048591,1048674,1049160,1049252,1049371,1049603,1049710,1049741,1049869,1049929,1049984,1050101,1050204,1050207,1050270,1050284,1050296,1050381,1050444,1050453,1050680,1050711,1050761,1050795,1050882,1050929,1050930,1050940,1051200,1051344,1051410,1051465,1051499,1051536,1051599,1051671,1051709
107:1048594,1048595,1048596,1048653,1048654,1048655,1048656,1048657,1048658,1048748,1048749,1048750,1048751,1048752,1048753,1048754,1048755,1048756,1048757,1048758,1048759,1048760,1048761,1048762,1048763,1048764,1048892,1048893,1048894,1048895,1048896,1048897,1048898,1048899,1049064,1049136,1049137,1049138,1049139,1049140,1049141,1049142,1049143,1049144,1049145,1049146,1049147,1049148,1049149,1049150,1049151,1049152,1049153,1049154,1049155,1049156,1049157,1049158,1049159,1049399,1049400,1049401,1049402,1049403,1049404,1049405,1049406,1049407,1049408,1049409,1049410,1049411,1049412,1049413,1049414,1049415,1049416,1049417,1049418,1049419,1049420,1049421,1049422,1049423,1049622,1049623,1049624,1049625,1049626,1049627,1049628,1049629,1049630,1049631,1049632,1049633,1049634,1049635,1049636,1049637,1049638,1049639,1049640,1049641,1049810,1049811,1049812,1049813,1049814,1049815,1049816,1049817,1049818,1049819,1049820,1049821,1049822,1049823,1049824,1049825,1049826,1049827,1049828,1049829,1049989,1049990,1049991,1049992,1049993,1049994,1049995,1049996,1050148,1050149,1050150,1050151,1050152,1050153,1050154,1050155,1050156,1050157,1050158,1050159,1050160,1050161,1050162,1050163,1050164,1050165,1050166,1050167,1050168,1050304,1050305,1050306,1050307,1050308,1050309,1050310,1050311,1050312,1050313,1050314,1050315,1050316,1050317,1050318,1050319,1050455,1050456,1050457,1050458,1050459,1050460,1050461,1050462,1050463,1050464,1050465,1050466,1050467,1050612,1050613,1050614,1050615,1050616,1050617,1050618,1050619,1050620,1050621,1050622,1050623,1050624,1050625,1050626,1050627,1050628,1050629,1050760,1050761,1050762,1050763,1050764,1050903,1050904,1050905,1050906,1050907,1050908,1050909,1050910,1050911,1050912,1050913,1050914,1050915,1050916,1050917,1050918,1050919,1051061,1051062,1051063,1051064,1051065,1051066,1051067,1051068,1051069,1051070,1051071,1051072,1051073,1051074,1051205,1051206,1051207,1051208,1051209,1051210,1051211,1051212,1051213,1051214,1051215,1051216,1051217,1051218,1051219,1051220,1051317,1051318,1051319,1051320,1051321,1051322,1051323,1051324,1051325,1051326,1051327,1051428,1051429,1051430,1051431,1051432,1051433,1051434,1051435,1051436,1051527,1051528,1051529,1051530,1051531,1051532,1051533,1051534,1051535,1051536,1051537,1051663,1051664,1051665,1051666,1051667,1051668,1051669,1051670,1051671,1051720,1051721,1051722,1051723,1051724,1051766,1051772
123:1048595,1048679,1048686,1049269,1049369,1049626,1049684,1049709,1049811,1049836,1049898,1049902,1049956,1049968,1049979,1050009,1050045,1050060,1050070,1050092,1050118,1050195,1050224,1050248,1050255,1050256,1050272,1050278,1050294,1050301,1050313,1050362,1050443,1050476,1050504,1050534,1050564,1050595,1050607,1050608,1050617,1050626,1050635,1050657,1050667,1050669,1050700,1050704,1050716,1050727,1050741,1050753,1050779,1050785,1050805,1050807,1050829,1050874,1050888,1050915,1050931,1050973,1051026,1051069,1051122,1051167,1051172,1051243,1051259,1051296,1051313,1051369,1051440,1051465,1051466,1051487,1051498,1051500,1051507,1051514,1051542,1051545,1051595,1051614,1051622,1051629,1051646,1051648,1051657,1051662,1051663,1051665,1051669,1051696,1051699,1051712,1051713,1051718,1051740
139:1048598,1048602,1048605,1048614,1048667,1048670,1048671,1048705,1048708,1048709,1048775,1048780,1048785,1048814,1048859,1048870,1048905,1048919,1048922,1048927,1048929,1048932,1048940,1048943,1048959,1048962,1048971,1048999,1049055,1049059,1049060,1049072,1049085,1049107,1049108,1049109,1049111,1049119,1049122,1049190,1049200,1049251,1049253,1049263,1049268,1049299,1049306,1049311,1049334,1049353,1049363,1049371,1049406,1049410,1049411,1049423,1049430,1049460,1049514,1049526,1049537,1049539,1049542,1049566,1049567,1049578,1049584,1049598,1049600,1049603,1049604,1049605,1049607,1049630,1049637,1049653,1049654,1049656,1049657,1049665,1049686,1049689,1049704,1049705,1049709,1049718,1049729,1049731,1049732,1049740,1049744,1049757,1049766,1049774,1049782,1049791,1049797,1049810,1049813,1049827,1049830,1049835,1049839,1049847,1049853,1049859,1049875,1049891,1049898,1049900,1049904,1049921,1049926,1049927,1049930,1049934,1049946,1049948,1049950,1049977,1049978,1049983,1049992,1050006,1050008,1050013,1050016,1050035,1050042,1050044,1050045,1050051,1050059,1050071,1050085,1050089,1050100,1050102,1050111,1050122,1050127,1050137,1050143,1050154,1050155,1050156,1050158,1050159,1050166,1050171,1050182,1050183,1050195,1050220,1050247,1050266,1050292,1050316,1050325,1050329,1050349,1050359,1050363,1050364,1050365,1050373,1050374,1050381,1050393,1050394,1050396,1050399,1050411,1050424,1050434,1050444,1050450,1050453,1050463,1050471,1050472,1050473,1050479,1050486,1050488,1050499,1050505,1050506,1050511,1050517,1050537,1050541,1050552,1050568,1050577,1050578,1050586,1050587,1050588,1050589,1050602,1050607,1050611,1050614,1050626,1050635,1050653,1050671,1050688,1050710,1050718,1050720,1050724,1050735,1050739,1050744,1050751,1050756,1050759,1050763,1050765,1050767,1050773,1050783,1050785,1050791,1050792,1050794,1050799,1050807,1050826,1050834,1050836,1050840,1050849,1050850,1050874,1050882,1050889,1050892,1050896,1050897,1050898,1050911,1050915,1050939,1050941,1050947,1050950,1050953,1050973,1050974,1050977,1051003,1051013,1051022,1051038,1051043,1051045,1051055,1051056,1051063,1051073,1051087,1051102,1051116,1051119,1051133,1051134,1051163,1051168,1051170,1051176,1051179,1051184,1051185,1051187,1051197,1051227,1051242,1051271,1051276,1051286,1051293,1051295,1051345,1051350,1051374,1051377,1051381,1051391,1051399,1051404,1051411,1051420,1051433,1051442,1051464,1051479,1051480,1051491,1051494,1051497,1051515,1051518,1051522,1051527,1051542,1051561,1051568,1051590,1051602,1051615,1051622,1051624,1051627,1051628,1051632,1051642,1051652,1051654,1051659,1051661,1051676,1051699,1051701,1051711,1051718,1051728,1051732,1051752,1051774,1051775,1051778
155:1048602,1048616,1048621,1048653,1048662,1048684,1048694,1048711,1048791,1048817,1048823,1048856,1048871,1048872,1048887,1048894,1049108,1049156,1049190,1049210,1049270,1049324,1049326,1049336,1049423,1049472,1049515,1049517,1049523,1049529,1049599,1049606,1049691,1049696,1049697,1049726,1049758,1049762,1049770,1049781,1049785,1049786,1049869,1049908,1049928,1049986,1050008,1050033,1050091,1050187,1050210,1050220,1050221,1050250,1050283,1050454,1050482,1050504,1050533,1050597,1050598,1050659,1050700,1050711,1050734,1050759,1050760,1050801,1050832,1050867,1050918,1050936,1050988,1051009,1051011,1051059,1051127,1051170,1051192,1051246,1051281,1051311,1051333,1051369,1051385,1051407,1051483,1051528,1051537,1051588,1051611,1051619,1051638,1051646,1051716,1051735,1051744
171:1048605,1048607,1048609,1048825,1048895,1048937,1049039,1049328,1049421,1049519,1049539,1049670,1049710,1049747,1049755,1049762,1049767,1049812,1049827,1049838,1049889,1049902,1049907,1049909,1049929,1049941,1050005,1050008,1050058,1050063,1050064,1050123,1050139,1050141,1050162,1050251,1050259,1050360,1050361,1050512,1050523,1050531,1050569,1050593,1050628,1050684,1050686,1050737,1050795,1050796,1050810,1050826,1050835,1050838,1050848,1050944,1050998,1051024,1051028,1051046,1051067,1051073,1051092,1051093,1051118,1051127,1051134,1051173,1051191,1051197,1051200,1051210,1051218,1051248,1051266,1051301,1051322,1051345,1051362,1051366,1051395,1051408,1051423,1051431,1051465,1051479,1051480,1051491,1051503,1051533,1051534,1051549,1051574,1051608,1051609,1051620,1051628,1051658,1051688,1051709,1051751
187:1048608
203:1048613,1048853,1048896,1048992,1049400,1049608,1049809,1049847,1049882,1049934,1049990,1050043,1050066,1050117,1050176,1050179,1050201,1050226,1050227,1050257,1050303,1050475,1050563,1050639,1050680,1050688,1050729,1050767,1050769,1050807,1050848,1050971,1050975,1051014,1051066,1051197,1051241,1051258,1051290,1051323,1051369,1051395,1051425,1051495,1051656,1051708,1051719
219:1048615,1048621,1048653,1048712,1048719,1048772,1048777,1048791,1048816,1048857,1048869,1048873,1048879,1048894,1048897,1048909,1048923,1048928,1048930,1048938,1048942,1048972,1048980,1049018,1049054,1049067,1049106,1049121,1049128,1049142,1049143,1049190,1049194,1049201,1049203,1049360,1049371,1049424,1049426,1049435,1049436,1049442,1049517,1049536,1049552,1049554,1049556,1049586,1049588,1049589,1049610,1049621,1049627,1049659,1049672,1049674,1049692,1049727,1049728,1049729,1049746,1049765,1049771,1049772,1049773,1049775,1049781,1049794,1049801,1049830,1049832,1049833,1049834,1049840,1049843,1049854,1049868,1049869,1049898,1049901,1049906,1049908,1049937,1049939,1049952,1049953,1049961,1049968,1049969,1049995,1049996,1050000,1050007,1050008,1050013,1050020,1050029,1050033,1050044,1050046,1050050,1050072,1050079,1050094,1050095,1050099,1050103,1050112,1050113,1050114,1050124,1050125,1050147,1050168,1050170,1050184,1050189,1050201,1050206,1050209,1050213,1050216,1050227,1050238,1050240,1050249,1050251,1050253,1050254,1050266,1050269,1050284,1050285,1050288,1050294,1050298,1050299,1050300,1050302,1050303,1050317,1050324,1050341,1050342,1050343,1050358,1050360,1050362,1050369,1050385,1050386,1050387,1050400,1050415,1050416,1050418,1050430,1050431,1050437,1050442,1050444,1050445,1050446,1050449,1050454,1050461,1050467,1050490,1050499,1050505,1050508,1050509,1050510,1050511,1050536,1050538,1050549,1050551,1050566,1050572,1050595,1050606,1050608,1050624,1050662,1050664,1050670,1050679,1050684,1050686,1050690,1050697,1050698,1050712,1050717,1050719,1050720,1050721,1050727,1050737,1050742,1050750,1050751,1050763,1050764,1050770,1050771,1050775,1050778,1050779,1050783,1050785,1050792,1050794,1050808,1050815,1050824,1050836,1050840,1050842,1050850,1050851,1050858,1050864,1050872,1050874,1050881,1050889,1050892,1050894,1050898,1050900,1050909,1050919,1050928,1050963,1050976,1050977,1051012,1051037,1051064,1051065,1051073,1051075,1051088,1051090,1051099,1051100,1051102,1051112,1051118,1051140,1051143,1051159,1051180,1051198,1051199,1051204,1051219,1051223,1051225,1051226,1051239,1051242,1051244,1051255,1051257,1051262,1051265,1051270,1051272,1051276,1051287,1051295,1051301,1051313,1051314,1051315,1051319,1051321,1051325,1051345,1051351,1051359,1051373,1051381,1051398,1051412,1051425,1051428,1051433,1051435,1051437,1051440,1051453,1051464,1051491,1051499,1051500,1051502,1051511,1051512,1051523,1051531,1051538,1051555,1051564,1051565,1051566,1051567,1051571,1051576,1051589,1051590,1051593,1051596,1051602,1051605,1051608,1051611,1051612,1051617,1051622,1051627,1051630,1051631,1051633,1051639,1051650,1051659,1051660,1051661,1051662,1051670,1051671,1051672,1051681,1051690,1051693,1051696,1051699,1051706,1051709,1051710,1051716,1051717,1051727,1051728,1051735,1051738,1051739,1051746,1051758,1051774
235:1048615,1049810,1049941,1050020,1050066,1050225,1050877,1051143,1051506,1051596
251:1048615,1048653,1048670,1048853,1048856,1048911,1049037,1049108,1049245,1049250,1049720,1049813,1049940,1049990,1050001,1050187,1050195,1050198,1050209,1050240,1050247,1050280,1050359,1050367,1050381,1050400,1050409,1050484,1050514,1050617,1050626,1050666,1050667,1050685,1050778,1050826,1050837,1050862,1050880,1050892,1050899,1051026,1051028,1051031,1051032,1051057,1051071,1051075,1051077,1051122,1051128,1051191,1051240,1051259,1051260,1051267,1051273,1051283,1051284,1051346,1051359,1051362,1051396,1051416,1051444,1051451,1051461,1051480,1051482,1051486,1051507,1051513,1051561,1051562,1051579,1051586,1051590,1051607,1051623,1051629,1051639,1051644,1051686,1051695,1051707,1051751
267:1048615,1048873,1048904,1049194,1049212,1049245,1049467,1049468,1049690,1049718,1049723,1049746,1049790,1049882,1049956,1049995,1049998,1050029,1050119,1050124,1050146,1050209,1050293,1050358,1050367,1050444,1050483,1050511,1050533,1050575,1050579,1050666,1050671,1050681,1050688,1050760,1050883,1050891,1050919,1050934,1050940,1050977,1051093,1051180,1051224,1051259,1051297,1051317,1051324,1051325,1051401,1051403,1051468,1051506,1051507,1051533,1051536,1051537,1051605,1051627,1051651,1051667,1051692
283:1048616,1048623,1048909,1049051
299:1048621,1048743,1048760,1048852,1049010,1049063,1049066,1049160,1050046,1050082,1050101,1050178,1050257,1050288,1050303,1050322,1050324,1050325,1050349,1050380,1050429,1050467,1050591,1050643,1050654,1050655,1050705,1050820,1050872,1050892,1050895,1050949,1050954,1051074,1051075,1051101,1051135,1051256,1051315,1051316,1051503,1051513,1051570,1051601,1051627,1051634,1051647,1051663,1051694,1051728
315:1048621,1048906,1048911,1049442,1049537,1049577,1049627,1049720,1049738,1049759,1049772,1049787,1049976,1050169,1050228,1050317,1050399,1050428,1050609,1050672,1050680,1050704,1050720,1050764,1050771,1050779,1050808,1050820,1050823,1050850,1051573,1051590,1051601,1051606,1051616,1051665,1051713,1051717,1051726
331:1048621,1048653,1048719,1049010,1049191,1049734,1049754,1049775,1049828,1049847,1049960,1049973,1049975,1049983,1050044,1050050,1050081,1050221,1050226,1050239,1050273,1050285,1050317,1050361,1050428,1050437,1050446,1050454,1050483,1050532,1050535,1050553,1050721,1050828,1050848,1050889,1050933,1050947,1050975,1051008,1051013,1051206,1051293,1051385,1051392,1051423,1051437,1051480,1051588,1051624,1051627,1051631,1051665,1051703,1051716,1051727
347:1048623,1048651,1048897,1049008,1049190,1049294,1049369,1049426,1049442,1049555,1049557,1049759,1049770,1049906,1049919,1050001,1050009,1050040,1050066,1050100,1050115,1050189,1050226,1050280,1050303,1050361,1050637,1050751,1050760,1050871,1050872,1050901,1050944,1050949,1051198,1051203,1051267,1051277,1051341,1051376,1051403,1051409,1051460,1051482,1051562,1051580,1051611,1051623,1051628,1051681,1051691,1051706,1051728,1051750,1051764
363:1048623
379:1048623,1048691,1048816,1048817,1048818,1048827,1048859,1048875,1048896,1048897,1048984,1049016,1049039,1049070,1049111,1049133,1049160,1049180,1049194,1049212,1049245,1049268,1049271,1049294,1049299,1049303,1049330,1049371,1049436,1049442,1049468,1049517,1049537,1049539,1049546,1049578,1049587,1049620,1049641,1049647,1049658,1049663,1049674,1049687,1049691,1049710,1049718,1049719,1049720,1049730,1049735,1049736,1049738,1049741,1049746,1049754,1049756,1049770,1049772,1049789,1049790,1049791,1049809,1049827,1049829,1049832,1049835,1049840,1049863,1049882,1049884,1049899,1049909,1049920,1049922,1049925,1049937,1049940,1049958,1049962,1049969,1049983,1049984,1049987,1049990,1049998,1050000,1050002,1050014,1050016,1050020,1050031,1050033,1050039,1050043,1050051,1050061,1050063,1050071,1050072,1050076,1050080,1050099,1050100,1050104,1050105,1050117,1050118,1050127,1050147,1050164,1050183,1050194,1050197,1050208,1050216,1050222,1050224,1050227,1050240,1050252,1050256,1050266,1050275,1050285,1050292,1050298,1050316,1050342,1050363,1050380,1050382,1050399,1050400,1050402,1050419,1050422,1050427,1050429,1050431,1050433,1050435,1050454,1050460,1050465,1050466,1050475,1050480,1050481,1050482,1050507,1050526,1050537,1050551,1050552,1050577,1050593,1050595,1050609,1050622,1050639,1050658,1050666,1050671,1050684,1050685,1050686,1050702,1050703,1050712,1050716,1050723,1050728,1050729,1050730,1050737,1050738,1050744,1050745,1050749,1050754,1050756,1050771,1050772,1050786,1050792,1050794,1050795,1050805,1050808,1050823,1050827,1050852,1050858,1050860,1050877,1050880,1050882,1050902,1050916,1050929,1050930,1050933,1050945,1050955,1050971,1050975,1050977,1050995,1050996,1051008,1051013,1051025,1051046,1051058,1051072,1051076,1051089,1051097,1051098,1051101,1051116,1051122,1051142,1051155,1051171,1051179,1051184,1051195,1051198,1051223,1051245,1051249,1051259,1051261,1051275,1051276,1051282,1051284,1051290,1051292,1051305,1051320,1051321,1051328,1051346,1051352,1051354,1051360,1051361,1051362,1051377,1051386,1051421,1051424,1051427,1051439,1051440,1051448,1051449,1051455,1051457,1051472,1051491,1051496,1051499,1051506,1051514,1051522,1051536,1051538,1051546,1051554,1051568,1051577,1051584,1051586,1051590,1051593,1051596,1051601,1051608,1051609,1051611,1051612,1051632,1051644,1051646,1051667,1051671,1051678,1051682,1051690,1051692,1051695,1051700,1051702,1051706,1051721,1051738,1051750,1051751,1051756,1051763,1051764,1051775,1051776,1051778
395:1048623
411:1048627,1048663,1048816,1048873,1049067,1049286,1049436,1049437,1049519,1049529,1049578,1049622,1049656,1049728,1049732,1049985,1050008,1050089,1050158,1050159,1050179,1050238,1050289,1050308,1050353,1050355,1050386,1050419,1050493,1050516,1050519,1050526,1050562,1050572,1050600,1050607,1050670,1050673,1050698,1050751,1050763,1050771,1050787,1050791,1050825,1050836,1050850,1050851,1050872,1050946,1050948,1050981,1051002,1051012,1051029,1051056,1051124,1051141,1051153,1051171,1051206,1051224,1051242,1051261,1051295,1051309,1051342,1051373,1051391,1051422,1051424,1051437,1051439,1051460,1051468,1051480,1051486,1051489,1051501,1051511,1051524,1051563,1051575,1051577,1051590,1051616,1051618,1051647,1051657,1051659,1051673,1051694,1051703,1051706,1051710,1051712,1051723
427:1048630
443:1048633
459:1048634,1048659,1048661,1049246,1049734,1049916,1049960,1050892,1051537
475:1048637,1048664,1048686,1048687,1048700,1048701,1048752,1048754,1048755,1048756,1048757,1048801,1048820,1048821,1048885,1048894,1048900,1048902,1048915,1048916,1048917,1048963,1049011,1049078,1049215,1049222,1049339,1049340,1049394,1049417,1049453,1049459,1049469,1049590,1049612,1049617,1049655,1049684,1049686,1049772,1049892,1049909,1049921,1049961,1049962,1049968,1050005,1050025,1050099,1050130,1050141,1050142,1050153,1050161,1050173,1050174,1050183,1050195,1050208,1050213,1050215,1050218,1050219,1050225,1050242,1050264,1050266,1050297,1050305,1050333,1050338,1050359,1050391,1050450,1050461,1050468,1050515,1050521,1050574,1050585,1050600,1050668,1050710,1050792,1050841,1050843,1050866,1050929,1050960,1050966,1050985,1051015,1051033,1051046,1051119,1051196,1051202,1051251,1051271,1051287,1051354,1051367,1051475,1051593,1051632,1051774
491:1048638,1048691,1049960,1050272
507:1048642,1049924,1050437
523:1048643,1049675,1050020,1050295,1050738,1050756
539:1048643,1050253,1050346,1050502,1050520,1050681,1050920,1051054,1051055,1051106,1051237,1051238,1051398,1051427,1051505,1051537,1051720
555:1048645,1048694,1048941,1049134,1049860,1049861,1049976,1050076,1050151,1050152,1050192,1050237,1050341,1050462,1050529,1050543,1050618,1050622,1050674,1050788,1050910,1050983,1050994,1051129,1051353,1051380
571:1048646,1048853,1048894,1049016,1049212,1049245,1049399,1049423,1049578,1049624,1049674,1049709,1049710,1049744,1049834,1049845,1049902,1049996,1050000,1050001,1050008,1050029,1050033,1050063,1050066,1050125,1050126,1050143,1050147,1050164,1050201,1050222,1050384,1050404,1050419,1050422,1050444,1050483,1050591,1050714,1050717,1050725,1050759,1050769,1050804,1050837,1050851,1050892,1050999,1051025,1051032,1051059,1051092,1051110,1051135,1051144,1051167,1051169,1051173,1051219,1051241,1051277,1051284,1051317,1051383,1051385,1051387,1051415,1051426,1051433,1051443,1051468,1051494,1051496,1051506,1051554,1051635,1051641,1051691,1051692,1051711,1051717,1051735,1051739,1051758,1051763,1051770
587:1048646,1048992,1049674,1049847,1051347,1051506,1051661,1051721
603:1048647,1048720
619:1048653,1048670,1048750,1048906,1049273,1049330,1049468,1049525,1049685,1049722,1049745,1049756,1049771,1049849,1049855,1049960,1049963,1049976,1049998,1050016,1050190,1050211,1050341,1050553,1050629,1050733,1050780,1050782,1050843,1050898,1051049,1051129,1051132,1051142,1051181,1051302,1051375,1051480
635:1048653,1049677,1049902,1049959,1050009,1050020,1050104,1050115,1050125,1050166,1050184,1050234,1050253,1050295,1050346,1050502,1050520,1050722,1050728,1050738,1050755,1050756,1050839,1050920,1050942,1050982,1051054,1051055,1051113,1051159,1051395,1051418,1051427,1051474,1051578,1051705
651:1048655,1049408,1049583,1049689,1050033,1050098,1050948,1051115,1051129,1051170,1051274
667:1048663,1049173
683:1048667,1048713,1048745,1048853,1049106,1049160,1049230,1049299,1049429,1049435,1049436,1049546,1049626,1049627,1049646,1049674,1049720,1049748,1049808,1049811,1049863,1049882,1049920,1049967,1050002,1050032,1050038,1050040,1050049,1050109,1050124,1050167,1050191,1050194,1050247,1050255,1050270,1050299,1050301,1050323,1050324,1050329,1050356,1050399,1050401,1050452,1050572,1050578,1050657,1050668,1050715,1050721,1050742,1050777,1050808,1050829,1050847,1050851,1050852,1050873,1050889,1050894,1050901,1050917,1050918,1050930,1050971,1051012,1051029,1051032,1051045,1051046,1051069,1051092,1051094,1051100,1051133,1051143,1051200,1051209,1051219,1051243,1051257,1051272,1051284,1051297,1051305,1051309,1051315,1051326,1051373,1051385,1051394,1051415,1051439,1051448,1051458,1051467,1051490,1051523,1051525,1051526,1051528,1051546,1051561,1051562,1051581,1051583,1051598,1051624,1051629,1051639,1051653,1051676,1051677,1051712,1051713,1051718
699:1048668,1048670,1048671,1048728,1048780,1048856,1048859,1048873,1048894,1049067,1049102,1049106,1049148,1049160,1049190,1049194,1049231,1049246,1049270,1049271,1049273,1049299,1049303,1049371,1049399,1049425,1049429,1049435,1049436,1049466,1049515,1049517,1049538,1049539,1049547,1049577,1049578,1049587,1049610,1049621,1049622,1049624,1049637,1049659,1049672,1049688,1049709,1049710,1049718,1049722,1049729,1049730,1049734,1049737,1049744,1049745,1049748,1049761,1049763,1049770,1049771,1049780,1049798,1049810,1049813,1049823,1049830,1049835,1049836,1049846,1049853,1049857,1049890,1049899,1049902,1049922,1049924,1049925,1049934,1049941,1049960,1049967,1049973,1049986,1049988,1049990,1049999,1050000,1050005,1050006,1050008,1050013,1050018,1050030,1050033,1050034,1050045,1050058,1050060,1050072,1050081,1050082,1050089,1050090,1050092,1050101,1050102,1050125,1050143,1050163,1050169,1050170,1050177,1050178,1050183,1050196,1050209,1050216,1050226,1050227,1050249,1050252,1050256,1050259,1050260,1050261,1050266,1050267,1050268,1050270,1050274,1050275,1050298,1050300,1050302,1050303,1050315,1050329,1050341,1050343,1050344,1050346,1050361,1050362,1050382,1050385,1050386,1050402,1050404,1050409,1050419,1050430,1050437,1050443,1050453,1050463,1050465,1050466,1050481,1050500,1050504,1050505,1050511,1050520,1050523,1050526,1050531,1050532,1050537,1050551,1050553,1050563,1050564,1050574,1050577,1050592,1050594,1050595,1050608,1050621,1050622,1050629,1050636,1050639,1050640,1050645,1050661,1050667,1050687,1050688,1050689,1050700,1050702,1050716,1050717,1050722,1050723,1050725,1050727,1050728,1050735,1050738,1050739,1050742,1050750,1050763,1050764,1050769,1050772,1050773,1050777,1050778,1050779,1050784,1050785,1050791,1050792,1050794,1050803,1050806,1050808,1050820,1050825,1050838,1050848,1050849,1050850,1050851,1050861,1050864,1050869,1050872,1050875,1050880,1050881,1050886,1050899,1050914,1050917,1050918,1050919,1050930,1050931,1050948,1050951,1050957,1050963,1050965,1050971,1050974,1050976,1050985,1050996,1051012,1051028,1051044,1051046,1051052,1051059,1051071,1051093,1051098,1051101,1051102,1051103,1051104,1051110,1051116,1051117,1051120,1051124,1051131,1051133,1051134,1051136,1051142,1051146,1051149,1051156,1051157,1051158,1051159,1051168,1051195,1051196,1051198,1051199,1051227,1051241,1051243,1051249,1051257,1051258,1051259,1051267,1051272,1051274,1051276,1051286,1051308,1051313,1051316,1051321,1051327,1051328,1051355,1051361,1051370,1051373,1051376,1051380,1051394,1051404,1051407,1051408,1051409,1051414,1051422,1051430,1051431,1051433,1051434,1051439,1051440,1051441,1051443,1051445,1051449,1051451,1051453,1051458,1051461,1051468,1051476,1051478,1051480,1051486,1051489,1051493,1051495,1051498,1051500,1051506,1051515,1051518,1051529,1051531,1051532,1051541,1051544,1051553,1051555,1051556,1051560,1051577,1051587,1051588,1051590,1051593,1051598,1051599,1051600,1051601,1051602,1051603,1051606,1051609,1051611,1051620,1051622,1051627,1051628,1051629,1051634,1051640,1051641,1051642,1051649,1051650,1051652,1051662,1051666,1051668,1051670,1051673,1051675,1051678,1051681,1051685,1051687,1051689,1051695,1051710,1051712,1051717,1051719,1051721,1051724,1051725,1051732,1051739,1051752,1051754,1051757,1051779
715:1048670,1048747,1048856,1048914,1048930,1048964,1048965,1049030,1049114,1049115,1049125,1049126,1049143,1049312,1049330,1049379,1049478,1049589,1049648,1049709,1049718,1049985,1050053,1050054,1050214,1050220,1050526,1050528,1050601,1050604,1050677,1050811,1050825,1050851,1050898,1050979,1051029,1051058,1051090,1051110,1051130,1051142,1051171,1051242,1051277,1051278,1051309,1051608,1051774
731:1048671,1049108,1049515,1049556,1049683,1049684,1049734,1049759,1049832,1049846,1049962,1050062,1050117,1050147,1050207,1050208,1050228,1050240,1050296,1050591,1050681,1050714,1050719,1050738,1050775,1050778,1050786,1050849,1050893,1051027,1051057,1051257,1051258,1051415,1051482,1051520,1051571,1051577,1051633,1051695,1051709,1051726
747:1048675,1048681,1048718,1048751,1048784,1048942,1048981,1049057,1049102,1049147,1049148,1049202,1049250,1049299,1049303,1049306,1049368,1049369,1049519,1049599,1049610,1049618,1049621,1049625,1049626,1049673,1049735,1049737,1049759,1049760,1049769,1049789,1049791,1049822,1049830,1049839,1049846,1049863,1049880,1049899,1049964,1049965,1049968,1049999,1050031,1050032,1050039,1050044,1050045,1050060,1050106,1050124,1050163,1050165,1050189,1050191,1050201,1050216,1050246,1050253,1050401,1050422,1050428,1050453,1050465,1050502,1050510,1050532,1050547,1050626,1050634,1050688,1050700,1050703,1050712,1050731,1050732,1050735,1050737,1050743,1050752,1050759,1050785,1050837,1050885,1050889,1050891,1050898,1050934,1050936,1050942,1050956,1050996,1051059,1051075,1051088,1051091,1051113,1051136,1051145,1051169,1051182,1051201,1051223,1051240,1051298,1051300,1051317,1051331,1051341,1051342,1051347,1051413,1051430,1051432,1051452,1051457,1051460,1051477,1051502,1051511,1051529,1051573,1051583,1051605,1051607,1051649,1051670,1051678,1051681,1051687,1051739
763:1048678,1048853,1048896,1049587,1049627,1049674,1049742,1049908,1049988,1050000,1050259,1050385,1050421,1050431,1050551,1050657,1050672,1050719,1050761,1050768,1050808,1050892,1050894,1050933,1050999,1051274,1051287,1051314,1051317,1051403,1051458,1051506,1051632,1051633,1051652,1051657,1051683,1051692,1051695
779:1048678,1048811,1048896,1048955,1049010,1049102,1049191,1049245,1049517,1049621,1049673,1049900,1049924,1049939,1049957,1049990,1050001,1050038,1050043,1050045,1050057,1050167,1050261,1050429,1050437,1050446,1050628,1050709,1050790,1050808,1050828,1050849,1050889,1050965,1050973,1051113,1051147,1051155,1051254,1051259,1051261,1051271,1051361,1051735
795:1048679,1049371,1050092,1050227,1050280,1050317,1050380,1050591,1051074,1051686
811:1048680,1050216,1050310,1050448,1050595,1051560,1051600,1051711
827:1048681,1050453
843:1048683,1048936,1049293,1049519,1049584
859:1048686,1049607,1050198
875:1048691,1049252,1049960,1050010,1050124,1050170,1050319,1050381,1050482,1050505,1050628,1050657,1050880,1050885,1051025,1051143,1051145,1051157,1051173,1051280,1051578,1051608,1051667,1051741
891:1048693,1048809
907:1048698
923:1048699,1048797,1048992,1049171,1049212,1049306,1049327,1049524,1049683,1049723,1049734,1049791,1049833,1049835,1049939,1049979,1049999,1050028,1050030,1050033,1050043,1050081,1050184,1050185,1050196,1050259,1050294,1050358,1050367,1050443,1050507,1050564,1050572,1050613,1050620,1050628,1050636,1050657,1050722,1050738,1050804,1050805,1050808,1050820,1050872,1050892,1050894,1050975,1051008,1051011,1051041,1051045,1051094,1051146,1051284,1051379,1051444,1051497,1051518,1051588,1051603,1051640,1051652,1051657,1051691,1051700,1051704,1051705,1051717,1051725,1051732,1051769
939:1048706,1048818,1049408,1050451,1050622,1050970,1051272
955:1048711,1048823,1048829,1048897,1048931,1048972,1049010,1049037,1049067,1049106,1049191,1049299,1049315,1049519,1049539,1049546,1049589,1049601,1049621,1049674,1049720,1049920,1049939,1049956,1049958,1049972,1050015,1050047,1050170,1050176,1050179,1050191,1050198,1050212,1050239,1050318,1050330,1050343,1050345,1050442,1050514,1050526,1050591,1050681,1050720,1050829,1050880,1050881,1050892,1050975,1050977,1051058,1051240,1051259,1051274,1051312,1051379,1051383,1051425,1051441,1051655,1051723
971:1048717,1048937,1049923,1050820
987:1048719,1048760,1049305,1049525,1049608,1049683,1049828,1050103,1050270,1050273,1050344,1050400,1050501,1050505,1050511,1050577,1050684,1050702,1050783,1050808,1050827,1050877,1050996,1051058,1051071,1051272,1051377,1051642,1051705,1051776,1051777
1003:1048721,1049253,1049332,1050093,1050487,1051446
1019:1048724,1049641,1049746,1049928,1050104,1050474,1050480,1051713
1035:1048730
1051:1048741,1048805,1048897,1049177,1049205,1049736,1049739,1049754,1049781,1050119,1050147,1050180,1050201,1050222,1050419,1050705,1050840,1050971,1051109,1051204,1051259,1051401,1051546,1051599,1051601
1067:1048749
1083:1048757
1099:1048760,1050702,1050885
1115:1048763
1131:1048774,1049807,1049937,1050105,1050170,1050227,1050652,1050681,1050823,1051272,1051376,1051573,1051611
1147:1048777,1048873,1048896,1048971,1049246,1049433,1049618,1049626,1049737,1049839,1049883,1049890,1049901,1049919,1049943,1050051,1050059,1050125,1050180,1050205,1050239,1050246,1050270,1050322,1050450,1050512,1050577,1050594,1050635,1050656,1050680,1050700,1050730,1050743,1050794,1050808,1050824,1050889,1050896,1050920,1050931,1050953,1050955,1050981,1050982,1051026,1051065,1051071,1051179,1051180,1051258,1051285,1051297,1051303,1051360,1051361,1051385,1051392,1051433,1051448,1051460,1051470,1051473,1051495,1051515,1051532,1051545,1051596,1051606,1051691,1051710,1051729,1051774,1051775
1163:1048780,1048809,1048981,1049577,1049581,1049619,1049683,1049735,1049737,1049741,1049830,1049832,1049839,1049907,1050035,1050039,1050046,1050166,1050281,1050360,1050477,1050563,1050610,1050769,1050777,1050821,1050998,1051195,1051223,1051629,1051685,1051691,1051764,1051767
1179:1048790,1049468,1049610,1049708,1049836,1049865,1049988,1050051,1050094,1050166,1050224,1050301,1050380,1050549,1050728,1050750,1050768,1050776,1050829,1050934,1050945,1050973,1051045,1051100,1051369,1051554,1051704
1195:1048797,1049539,1049607,1049730,1049746,1049846,1049967,1050062,1050104,1050250,1050625,1050670,1050713,1050942,1050958,1051197,1051303,1051383,1051418,1051473,1051565
1211:1048799,1049771,1049845,1050280
1227:1048811
1243:1048813
1259:1048816,1048818,1049720,1049727,1049969,1050198,1050506,1050509,1050672,1050721,1050864,1051013,1051144,1051518
1275:1048818,1048826,1048853,1049219,1049266,1049601,1049626,1049680,1049791,1049863,1049900,1049956,1049961,1049979,1049983,1049987,1050000,1050059,1050066,1050078,1050080,1050163,1050196,1050202,1050328,1050361,1050421,1050444,1050452,1050464,1050521,1050534,1050621,1050635,1050636,1050656,1050712,1050715,1050751,1050803,1050839,1050852,1050950,1051009,1051010,1051045,1051101,1051109,1051136,1051154,1051172,1051178,1051184,1051195,1051202,1051231,1051256,1051267,1051293,1051307,1051312,1051352,1051417,1051426,1051589,1051601,1051608,1051618,1051679
1291:1048818
1307:1048823,1050892
1323:1048824,1050716,1051204
1339:1048827,1048851,1050029
1355:1048829,1050660
1371:1048832,1048934,1049355,1049513
1387:1048837
1403:1048844
1419:1048851
1435:1048853,1049106,1049147,1049148,1049306,1049375,1049547,1049769,1049870,1049937,1049964,1050039,1050045,1050060,1050110,1050145,1050227,1050482,1050537,1050634,1050934,1050996,1050998,1051013,1051075,1051091,1051111,1051169,1051223,1051311,1051390,1051432,1051502,1051511,1051524,1051658,1051681,1051687,1051717,1051719,1051733
1451:1048857,1048918,1049010,1049397,1049469,1049610,1049686,1049687,1049772,1049810,1049941,1050099,1050162,1050183,1050189,1050251,1050288,1050421,1050461,1050499,1050505,1050684,1050745,1050827,1050952,1051057,1051270,1051301,1051446,1051459,1051470,1051476,1051478,1051544,1051568,1051581,1051609,1051616,1051652,1051672,1051695,1051717,1051748
1467:1048859,1049371,1049734,1049748,1049763,1049842,1049890,1050008,1050166,1050211,1050216,1050227,1050267,1050427,1050465,1050531,1050705,1051577,1051596,1051600,1051609,1051651,1051672,1051757,1051758
1483:1048862
1499:1048867
1515:1048873,1049307,1049457,1049588,1050009,1050115,1050717,1051118,1051125,1051373
1531:1048875,1049213
1547:1048879,1048923
1563:1048887
1579:1048894,1049399,1049955,1050044,1050142,1050225,1050514,1051445,1051446,1051506,1051525
1595:1048896,1049205,1049576,1049919,1050443,1051259,1051740,1051771
1611:1048896,1049533,1050514,1050820,1051315,1051481,1051506,1051732
1627:1048897,1049742,1049976,1050481,1050534,1050628,1050840,1050971,1051308,1051403,1051651,1051662
1643:1048904
1659:1048910
1675:1048919,1049085,1049119
1691:1048930,1049143
1707:1048942,1049720,1050079,1050298,1050453,1050500,1050511,1050634,1050671,1050752,1050849,1050864,1051031,1051088,1051090,1051143,1051297,1051341,1051411,1051414,1051421,1051424,1051432,1051452,1051464,1051465,1051497,1051524,1051526,1051607,1051616,1051617,1051619,1051649,1051670,1051671,1051738,1051739
1723:1048952,1049088,1049185,1051502,1051612
1739:1048960,1050207,1050225,1050307,1050398,1050600
1755:1048971,1049303,1049370,1049603,1049604,1049618,1049673,1049674,1049754,1049771,1049813,1049822,1049832,1049839,1050039,1050046,1050057,1050125,1050166,1050313,1050322,1050367,1050399,1050686,1050889,1051191,1051395,1051425,1051536,1051598,1051720,1051779
1771:1048972,1051143,1051635
1787:1048981,1049271,1049450,1050322,1050339,1050383,1050544,1050572,1050791,1050869,1050870,1050876,1051150,1051380,1051579
1803:1048989
1819:1048992,1049245,1049941,1049958,1050035,1050166,1050180,1050255,1050292,1050467,1050837,1050847,1050885,1051008,1051031,1051101,1051284,1051301,1051415,1051439,1051446,1051482,1051486,1051516,1051575,1051580,1051581,1051587
1835:1048994,1049001,1049073,1049093,1049094,1049444,1049445,1049474,1049508
1851:1049003,1049651
1867:1049008
1883:1049014,1049037,1049900
1899:1049015,1050239,1050294,1050367,1050431,1050464,1050802,1050929,1050930,1051027,1051117,1051291,1051377,1051417,1051457,1051469,1051514,1051532,1051563,1051569,1051610,1051712,1051721,1051723
1915:1049016,1049271,1049774
1931:1049027
1947:1049036
1963:1049037,1049336,1049959,1050010,1050029,1050094,1050203,1050345,1050384,1050480,1050756,1050965,1051221,1051285,1051597,1051602
1979:1049046,1050675
1995:1049055,1049109,1049469
2011:1049060,1049282,1049406,1049701,1050154
2027:1049067
2043:1049071,1050991
2059:1049092
2075:1049102,1049537,1049604,1049653,1049745,1049791,1049884,1049944,1049969,1050045,1050060,1050066,1050258,1050300,1050374,1050526,1050536,1050672,1050739,1050769,1050785,1050804,1051005,1051045,1051365,1051377,1051379,1051383,1051417,1051569,1051583,1051669,1051687,1051705,1051769
2091:1049106,1049245,1049769,1049813,1049822,1049890,1050042,1050179,1050278,1050286,1050320,1050344,1050346,1050437,1050464,1050621,1050772,1050794,1050955,1051060,1051179,1051295,1051453,1051469,1051477,1051523,1051560,1051610,1051625,1051665,1051694,1051705,1051728,1051755,1051757
2107:1049106,1049191,1050786,1050933,1051503
2123:1049108,1049268,1049534,1049581,1049779,1049942,1050049,1050198,1050268,1050418,1050526,1050656,1050827,1050849,1051026,1051100,1051110,1051156,1051243,1051328,1051370,1051440,1051466,1051480,1051656,1051671,1051686,1051775
2139:1049111,1050045,1051506
2155:1049127,1049355,1049509
2171:1049133
2187:1049147,1049336,1049582,1049621,1050254,1050971,1051319,1051607,1051713
2203:1049157,1049839
2219:1049160,1049710,1050221,1050259,1050346,1050384,1050785,1050881,1051044,1051273,1051507
2235:1049168,1050715,1050934
2251:1049173,1049902,1050145,1050655,1050658,1050890,1051169,1051207
2267:1049180,1050712,1051031,1051052,1051276
2283:1049191,1049730,1050233,1050942,1051025
2299:1049191
2315:1049193
2331:1049194,1050094,1051496,1051628
2347:1049202,1049306,1050062,1050128,1050453,1050672,1051305
2363:1049208
2379:1049217
2395:1049228
2411:1049234,1049382
2427:1049242,1049568,1050027
2443:1049245,1049853,1050217,1050222,1050449,1051026,1051240,1051590,1051665
2459:1049245
2475:1049246
2491:1049250
2507:1049250
2523:1049254,1049342,1049343,1049695,1049696,1050051,1050191,1050280,1050606,1051772
2539:1049263,1049630,1051464
2555:1049269
2571:1049270,1049941,1050187,1050590,1050700,1050754,1051201,1051258,1051415,1051614,1051652
2587:1049271,1049430
2603:1049274
2619:1049282,1049289
2635:1049294,1049668,1049703
2651:1049299,1049754,1049839,1049934,1049983,1050000,1050047,1050093,1050094,1050109,1050123,1050179,1050255,1050386,1050402,1050419,1050467,1050755,1050794,1050820,1050877,1050919,1051076,1051257,1051545,1051563,1051625,1051645,1051694,1051704,1051728,1051760
2667:1049299,1049433,1049556,1049578,1049922,1049924,1050216,1050609,1050717,1050778,1050820,1050829,1050872,1051071,1051111,1051145,1051146,1051257,1051295,1051296,1051403,1051433,1051486,1051586,1051622,1051625,1051641,1051672,1051758
2683:1049303,1049961,1050790,1050794,1050808,1050882,1051206,1051280,1051342,1051589,1051643,1051651
2699:1049306,1049588,1049791,1050211,1051647
2715:1049318
2731:1049328
2747:1049336,1049737,1049747,1049954,1050795,1050838,1051284,1051301,1051688
2763:1049344,1049480
2779:1049358,1049631,1050616,1051254
2795:1049370
2811:1049371,1049537,1049798,1049869,1049986,1050284,1050935,1051195,1051432,1051608
2827:1049383,1049666
2843:1049393
2859:1049400
2875:1049405,1049863
2891:1049416
2907:1049424,1050313,1050511,1050955,1051093,1051262,1051749
2923:1049429,1050465,1050573,1050594,1050637,1050962,1050983,1051627
2939:1049435
2955:1049443,1050847,1051071,1051203,1051362,1051464,1051604
2971:1049466
2987:1049477
3003:1049507,1049961,1050996,1051262,1051382
3019:1049519,1050511,1051475,1051495,1051716
3035:1049525
3051:1049534,1049934
3067:1049539,1049909
3083:1049543
3099:1049547,1049718,1049848,1049922,1050380,1050605,1050624,1050687,1050858,1051259
3115:1049549,1049746,1049769,1050051,1050272,1050292,1050461,1050481,1050768,1050918,1050933,1050934,1051067,1051116,1051154,1051157,1051175,1051305,1051406,1051437,1051448,1051595
3131:1049557
3147:1049567
3163:1049575
3179:1049578
3195:1049578,1049934,1049998,1050045,1050102,1050453,1050872,1050895,1050984,1051013,1051360,1051435,1051473,1051495,1051615
3211:1049583
3227:1049587,1049967,1050657
3243:1049591,1050068,1050439
3259:1049600,1049937,1050012,1050063,1050136,1050269,1050725,1050769,1050917,1051126,1051193,1051233,1051426,1051440,1051577,1051614,1051703
3275:1049607,1050551,1050608,1051136
3291:1049609,1049798,1050016,1050780,1050782
3307:1049620,1049979
3323:1049623,1050031,1050184,1050201,1050705,1051026,1051236,1051267,1051562,1051663
3339:1049626,1049646,1049663,1049729,1049847,1049890,1049901,1049902,1050016,1050100,1050228,1050233,1050303,1050403,1050461,1050594,1050605,1050608,1050737,1050744,1050769,1050771,1050786,1050794,1050821,1050864,1050877,1050999,1051030,1051074,1051075,1051221,1051244,1051255,1051278,1051317,1051403,1051404,1051451,1051458,1051482,1051571,1051641,1051647,1051656,1051666,1051672,1051686,1051778
3355:1049641
3371:1049645
3387:1049658
3403:1049669
3419:1049674
3435:1049676,1049679,1049780,1049956,1049959,1050234,1050346,1050464,1050502,1050738,1050755,1050762,1050920,1050982,1051054,1051113,1051427,1051578,1051705
3451:1049684,1049772,1050437,1051672
3467:1049688,1050129,1050776
3483:1049689
3499:1049696,1049909
3515:1049710,1050553,1050984,1050999,1051262,1051491,1051511,1051608,1051715,1051738
3531:1049718,1050001,1050296,1050319,1050748,1050749,1050761,1051374,1051375,1051616,1051711,1051713,1051742
3547:1049721
3563:1049727,1049869
3579:1049730,1050183,1050480,1051443
3595:1049735,1049833,1050147,1050404,1050431,1050460,1050822,1050955,1050995,1051075,1051076,1051314,1051500,1051536
3611:1049738
3627:1049743
3643:1049745,1050090,1050409,1050621,1050667,1050702,1050995,1051121,1051136,1051219,1051369,1051370,1051518,1051554,1051708
3659:1049747
3675:1049754,1050728,1050998,1051427
3691:1049756
3707:1049759
3723:1049767,1049792
3739:1049770
3755:1049775
3771:1049782,1050778
3787:1049794
3803:1049802,1049815,1050135
3819:1049810
3835:1049812,1049828,1049966,1050029,1050449,1050578,1050685,1050971,1051055,1051498,1051639,1051648
3851:1049821
3867:1049830
3883:1049835
3899:1049839,1050039,1050094,1050166,1050180
3915:1049847
3931:1049854,1050327
3947:1049862
3963:1049868,1051499
3979:1049881
3995:1049884
4011:1049890,1050873
4027:1049897,1050262,1050263
4043:1049909,1050211
4059:1049916,1049965,1050029,1051494
4075:1049924,1050203
4091:1049926
4107:1049936,1050481,1050580
4123:1049940
4139:1049943,1050491,1051143
4155:1049954
4171:1049958
4187:1049960
4203:1049965
4219:1049972,1050346
4235:1049974
4251:1049983
4267:1049985
4283:1049988,1049996
4299:1049991,1050346
4315:1049998
4331:1050002,1050945,1051262,1051569
4347:1050005
4363:1050009,1050051,1050220,1050461,1051218,1051497,1051546
4379:1050014,1050047,1051601
4395:1050023
4411:1050030,1051771
4427:1050038,1050051,1050323,1050782,1050995,1051314,1051482
4443:1050044
4459:1050049,1051012,1051091,1051135,1051256,1051411,1051750
4475:1050054,1050459,1050514,1050850,1051039,1051186,1051396,1051470,1051504,1051513,1051524,1051568
4491:1050062
4507:1050072
4523:1050080
4539:1050085
4555:1050091
4571:1050094,1050402,1050919,1050952,1050953,1051242
4587:1050101,1051169
4603:1050107,1051674
4619:1050115,1050382
4635:1050120,1050321,1050999,1051451,1051651
4651:1050127,1050996
4667:1050137,1050171
4683:1050142
4699:1050149,1050154,1050155,1050156,1050157,1050158,1050159,1050160
4715:1050164,1050349,1050420,1050705,1050793,1050918
4731:1050166,1051647
4747:1050170
4763:1050179,1050467,1050644,1051144,1051422,1051621,1051673
4779:1050184
4795:1050194,1051109,1051117,1051422,1051545
4811:1050201,1050773,1051390,1051656,1051669,1051676
4827:1050206
4843:1050212,1051422,1051545,1051621,1051673
4859:1050221
4875:1050226
4891:1050230,1050231,1050232,1050233,1050234,1050235,1050236,1050237,1050238,1050239,1050240,1050241,1050242,1050243,1050244,1050245,1050246,1050247,1050248,1050249,1050250,1050251,1050252,1050253,1050254,1050255,1050256,1050257,1050258,1050259,1050260,1050261,1050262,1050263,1050264,1050265,1050266,1050267,1050268,1050269,1050270,1050271,1050272,1050273,1050274,1050275,1050276,1050277,1050278,1050279,1050280,1050281,1050282,1050283,1050284,1050285,1050286,1050287,1050288,1050289,1050290,1050291,1050292,1050293,1050294,1050295,1050296,1050297,1050298,1050299,1050300,1050301,1050302,1050303,1050304,1050305,1050306,1050307,1050308,1050309,1050310,1050311,1050312,1050313,1050314,1050315,1050316,1050317,1050318,1050319,1050320,1050321,1050322,1050323,1050324,1050325,1050326,1050327,1050328,1050329,1050330,1050331,1050332,1050333,1050334,1050335,1050336,1050337,1050338,1050339,1050340,1050341,1050342,1050343,1050344,1050345,1050346,1050347,1050348,1050349,1050350,1050351,1050352,1050353,1050354,1050355,1050356,1050357,1050358,1050359,1050360,1050361,1050362,1050363,1050364,1050365,1050366,1050367,1050437,1051090,1051761,1051766
4907:1050240
4923:1050246,1051156
4939:1050252
4955:1050256
4971:1050264,1050515
4987:1050270
5003:1050273,1050326,1050852,1050948,1050988,1051009,1051115,1051170,1051192,1051438,1051445,1051520,1051642,1051733,1051736
5019:1050277,1050808
5035:1050280
5051:1050285
5067:1050287,1051464
5083:1050296
5099:1050301
5115:1050305,1050600
5131:1050313
5147:1050316,1050702,1050791
5163:1050325
5179:1050339,1051735
5195:1050343,1051497
5211:1050346,1051560
5227:1050358
5243:1050368,1050369,1050370,1050371,1050372,1050373,1050374,1050375,1050376,1050377,1050378,1050379,1050380,1050381,1050382,1050383,1050384,1050385,1050386,1050387,1050388,1050389,1050390,1050391,1050392,1050393,1050394,1050395,1050396,1050397,1050398,1050399,1050400,1050401,1050402,1050403,1050404,1050405,1050406,1050407,1050408,1050409,1050410,1050411,1050412,1050413,1050414,1050415,1050416,1050417,1050418,1050419,1050420,1050421,1050422,1050423,1050424,1050425,1050426,1050427,1050428,1050429,1050430,1050431,1050432,1050433,1050434,1050435,1050436,1050437,1050438,1050439,1050440,1050441,1050442,1050443,1050444,1050445,1050446,1050447,1050448,1050449,1050450,1050451,1050452,1050453,1050454,1050455,1050456,1050457,1050458,1050459,1050460,1050461,1050462,1050463,1050464,1050465,1050466,1050467,1050468,1050469,1050470,1050471,1050472,1050473,1050474,1050475,1050476,1050477,1050478,1050479,1050480,1050481,1050482,1050483,1050484,1050485,1050486,1050487,1050488,1050489,1050490,1050491,1050492,1050493,1050494,1050495,1050496,1050497,1050498,1050499,1050500,1050501,1050502,1050503,1050504,1050505,1050506,1050507,1050508,1050509,1050510,1050511,1050512,1050513,1050514,1050515,1050516,1050517,1050518,1050519,1050520,1050521,1050522,1050523,1050669,1050702,1050729,1051113,1051159,1051232
5259:1050381
5275:1050392
5291:1050400,1050685,1050754,1051277,1051308,1051496,1051668,1051751
5307:1050404
5323:1050419
5339:1050422
5355:1050431,1050742
5371:1050437
5387:1050446
5403:1050453,1050511,1051739
5419:1050463
5435:1050466,1050786
5451:1050482
5467:1050489
5483:1050499,1051727
5499:1050506
5515:1050519,1050665,1051207,1051402,1051544
5531:1050525,1050746
5547:1050535
5563:1050547,1050731,1050936
5579:1050552,1050912,1051217,1051334,1051380,1051381,1051384,1051426,1051554,1051590
5595:1050562
5611:1050571
5627:1050577
5643:1050589
5659:1050595,1051385,1051513
5675:1050607
5691:1050611
5707:1050626
5723:1050632
5739:1050639
5755:1050646,1050905,1050968,1051228
5771:1050658
5787:1050668,1051231
5803:1050673
5819:1050681
5835:1050689
5851:1050706,1050707,1050708,1050709,1050710,1050711,1050712,1050713,1050714,1050715,1050716,1050717,1050718,1050719,1050720,1050721,1050722,1050723,1050724,1050725,1050726,1050727,1050728,1050729,1050730,1050731,1050732,1050733,1050734,1050735,1050736,1050737,1050738,1050739,1050740,1050741,1050742,1050743,1050744,1050745,1050746,1050747,1050748,1050749,1050750,1050751,1050752,1050753,1050754,1050755,1050756,1050757,1050758,1050759,1050760,1050761,1050762,1050763,1050764,1050765,1050766,1050767,1050768,1050769,1050770,1050771,1050772,1050773,1050774,1050775,1050776,1050777,1050778,1050779,1050780,1050781,1050782,1050783,1050784,1050785,1050786,1050787,1050788,1050789,1050790,1050791,1050792,1050793,1050794,1050795,1050796,1050797,1050798,1050799,1050800,1050801,1050802,1050803,1050804,1050805,1050806,1050807,1050808,1051168,1051351,1051398
5867:1050717,1050957,1051590
5883:1050720
5899:1050725
5915:1050729
5931:1050740,1051099,1051294,1051328,1051607
5947:1050750
5963:1050756
5979:1050764
5995:1050772
6011:1050776,1050996,1051590
6027:1050784
6043:1050792
6059:1050802
6075:1050808
6091:1050808,1050875,1051468,1051552
6107:1050808,1051162,1051257,1051431,1051622
6123:1050814
6139:1050823,1051119
6155:1050834
6171:1050847
6187:1050858,1051267
6203:1050865
6219:1050875
6235:1050877,1051552
6251:1050880
6267:1050888,1051000,1051622
6283:1050897,1051600,1051618,1051706
6299:1050906
6315:1050916
6331:1050922
6347:1050933
6363:1050943
6379:1050954
6395:1050960
6411:1050974
6427:1050977
6443:1050989
6459:1050998
6475:1051004
6491:1051010,1051322,1051530
6507:1051019
6523:1051028
6539:1051036
6555:1051043
6571:1051047
6587:1051058
6603:1051061
6619:1051068,1051169,1051536,1051633
6635:1051074,1051545
6651:1051084,1051085
6667:1051095
6683:1051103
6699:1051112
6715:1051121
6731:1051132
6747:1051143
6763:1051155
6779:1051164,1051250
6795:1051169,1051279,1051328
6811:1051178
6827:1051188
6843:1051195,1051596
6859:1051202
6875:1051207
6891:1051219
6907:1051229
6923:1051243,1051581
6939:1051254
6955:1051267
6971:1051272
6987:1051280
7003:1051286
7019:1051291
7035:1051296
7051:1051299,1051383
7067:1051309
7083:1051316,1051711
7099:1051324
7115:1051335,1051336
7131:1051350
7147:1051358
7163:1051365
7179:1051378
7195:1051386
7211:1051392,1051486
7227:1051399
7243:1051408,1051519
7259:1051417
7275:1051424
7291:1051440,1051471
7307:1051451,1051472
7323:1051463
7339:1051468
7355:1051473,1051518
7371:1051480
7387:1051488
7403:1051495
7419:1051499
7435:1051503
7451:1051514
7467:1051524
7483:1051534
7499:1051546
7515:1051556
7531:1051568
7547:1051573,1051687
7563:1051583
7579:1051589
7595:1051595
7611:1051598
7627:1051603
7643:1051611,1051644
7659:1051621,1051673
7675:1051630
7691:1051641,1051760
7707:1051649
7723:1051656
7739:1051662
7755:1051667,1051766
7771:1051675
7787:1051683
7803:1051691
7819:1051700
7835:1051705
7851:1051713
7867:1051721
7883:1051732
7899:1051738
7915:1051746
7931:1051756
7947:1051762
7963:1051768
7979:1051776
