2:1048576,1048657,1048674,1048692,1048797,1048853,1048983,1048989,1049252,1049265,1049425,1049431,1049440,1049538,1049550,1049587,1049637,1049644,1049828,1049880,1049934,1049937,1050051,1050127,1050145,1050227,1050251,1050299,1050418,1050454,1050621,1050635,1050658,1050827,1051073,1051076,1051147,1051315,1051450,1051451,1051629,1051634,1051665,1051693,1051759
18:1048577,1049367,1049869,1050111,1050622,1050760,1050804,1051319,1051346,1051569,1051764,1051774
34:1048579,1048582,1048585,1048588,1048594,1048629,1048721,1048825,1049108,1049133,1049330,1049836,1049883,1049940,1049958,1049966,1049983,1050014,1050020,1050029,1050198,1051197,1051328,1051388,1051715,1051721
50:1048581,1048584,1048593,1048596,1048597,1048613,1048619,1048621,1048622,1048632,1048640,1048662,1048664,1048666,1048670,1048681,1048684,1048685,1048693,1048704,1048713,1048715,1048727,1048729,1048730,1048743,1048744,1048745,1048760,1048772,1048777,1048806,1048809,1048811,1048829,1048840,1048845,1048853,1048856,1048875,1048876,1048887,1048895,1048896,1048902,1048904,1048911,1048932,1048938,1048939,1048975,1048979,1048984,1048985,1048995,1048997,1049011,1049025,1049030,1049052,1049055,1049104,1049109,1049137,1049176,1049178,1049183,1049187,1049189,1049191,1049207,1049212,1049216,1049224,1049225,1049228,1049233,1049252,1049255,1049259,1049264,1049266,1049270,1049280,1049300,1049303,1049314,1049320,1049321,1049339,1049341,1049350,1049370,1049374,1049382,1049419,1049422,1049424,1049453,1049459,1049460,1049476,1049478,1049484,1049495,1049520,1049521,1049524,1049530,1049539,1049546,1049547,1049564,1049580,1049597,1049604,1049641,1049644,1049676,1049679,1049688,1049689,1049710,1049713,1049715,1049719,1049770,1049773,1049775,1049788,1049811,1049845,1049853,1049855,1049863,1049867,1049870,1049871,1049879,1049890,1049896,1049898,1049905,1049913,1049919,1049961,1049963,1049968,1049971,1049972,1049985,1049990,1049993,1050007,1050009,1050035,1050038,1050046,1050049,1050070,1050072,1050078,1050090,1050104,1050106,1050139,1050145,1050168,1050179,1050180,1050183,1050186,1050187,1050194,1050200,1050202,1050211,1050213,1050221,1050225,1050226,1050227,1050229,1050249,1050251,1050274,1050281,1050296,1050297,1050300,1050303,1050310,1050322,1050324,1050339,1050341,1050342,1050344,1050353,1050367,1050382,1050406,1050419,1050422,1050447,1050450,1050461,1050465,1050478,1050481,1050499,1050503,1050512,1050522,1050526,1050592,1050597,1050601,1050607,1050621,1050623,1050627,1050632,1050635,1050637,1050651,1050652,1050684,1050688,1050697,1050698,1050701,1050704,1050716,1050717,1050723,1050728,1050735,1050737,1050751,1050761,1050764,1050811,1050812,1050813,1050814,1050840,1050858,1050865,1050875,1050879,1050881,1050885,1050891,1050898,1050903,1050917,1050918,1050924,1050942,1050949,1050962,1050969,1050974,1050975,1050977,1050981,1050985,1050986,1050997,1051004,1051008,1051015,1051017,1051022,1051033,1051056,1051058,1051061,1051065,1051073,1051083,1051088,1051102,1051108,1051111,1051114,1051124,1051128,1051131,1051148,1051153,1051159,1051168,1051184,1051188,1051197,1051199,1051202,1051205,1051206,1051207,1051221,1051232,1051252,1051256,1051267,1051270,1051275,1051276,1051280,1051282,1051289,1051291,1051307,1051309,1051310,1051318,1051325,1051327,1051328,1051338,1051350,1051355,1051373,1051389,1051391,1051404,1051409,1051415,1051425,1051436,1051443,1051445,1051452,1051455,1051464,1051465,1051467,1051475,1051480,1051486,1051494,1051501,1051509,1051510,1051516,1051518,1051520,1051537,1051543,1051553,1051557,1051574,1051575,1051585,1051596,1051606,1051614,1051615,1051623,1051631,1051639,1051654,1051664,1051666,1051667,1051670,1051676,1051687,1051690,1051697,1051698,1051699,1051700,1051711,1051716,1051719,1051733,1051744,1051748,1051751,1051760,1051761,1051775
66:1048586,1048659,1048734,1048760,1048802,1048922,1048946,1048955,1049070,1049111,1049198,1049219,1049292,1049356,1049386,1049404,1049423,1049425,1049521,1049610,1049729,1049730,1049769,1049902,1049925,1049948,1049960,1049984,1049995,1050005,1050010,1050045,1050060,1050062,1050064,1050072,1050089,1050100,1050105,1050113,1050114,1050145,1050165,1050167,1050169,1050209,1050213,1050217,1050220,1050225,1050254,1050320,1050382,1050422,1050442,1050444,1050454,1050508,1050551,1050572,1050576,1050621,1050623,1050635,1050657,1050681,1050685,1050719,1050726,1050737,1050752,1050769,1050823,1050826,1050827,1050829,1050838,1050848,1050850,1050864,1051054,1051058,1051129,1051144,1051147,1051171,1051195,1051204,1051240,1051258,1051263,1051277,1051289,1051291,1051301,1051339,1051341,1051361,1051370,1051375,1051416,1051433,1051464,1051538,1051542,1051546,1051548,1051561,1051590,1051593,1051596,1051607,1051612,1051621,1051630,1051632,1051667,1051673,1051690,1051710,1051735,1051748,1051775
82:1048587,1048599,1048601,1048602,1048610,1048611,1048629,1048641,1048646,1048652,1048663,1048665,1048666,1048667,1048669,1048671,1048678,1048680,1048688,1048690,1048695,1048699,1048702,1048710,1048714,1048719,1048723,1048725,1048731,1048732,1048746,1048749,1048761,1048768,1048774,1048778,1048789,1048803,1048805,1048806,1048807,1048810,1048820,1048825,1048829,1048834,1048846,1048852,1048855,1048859,1048860,1048863,1048867,1048882,1048883,1048884,1048885,1048890,1048891,1048892,1048901,1048904,1048906,1048907,1048908,1048910,1048919,1048920,1048921,1048922,1048923,1048924,1048925,1048926,1048927,1048928,1048929,1048930,1048939,1048943,1048961,1048962,1048966,1048967,1048973,1048980,1048983,1048989,1048992,1048996,1048997,1049014,1049019,1049020,1049022,1049038,1049039,1049041,1049056,1049058,1049060,1049070,1049077,1049083,1049089,1049091,1049095,1049098,1049100,1049102,1049108,1049111,1049113,1049114,1049115,1049120,1049123,1049124,1049125,1049126,1049141,1049151,1049152,1049160,1049175,1049186,1049191,1049192,1049206,1049208,1049217,1049218,1049229,1049232,1049239,1049241,1049245,1049256,1049261,1049264,1049272,1049276,1049278,1049280,1049281,1049287,1049288,1049295,1049296,1049307,1049313,1049323,1049325,1049326,1049348,1049353,1049359,1049360,1049363,1049371,1049388,1049389,1049395,1049397,1049398,1049399,1049405,1049408,1049422,1049423,1049436,1049445,1049449,1049450,1049457,1049459,1049485,1049517,1049521,1049523,1049530,1049531,1049545,1049547,1049548,1049555,1049557,1049569,1049576,1049577,1049578,1049581,1049582,1049587,1049589,1049592,1049603,1049604,1049616,1049618,1049621,1049678,1049692,1049693,1049707,1049708,1049709,1049716,1049723,1049726,1049727,1049730,1049740,1049742,1049743,1049745,1049746,1049750,1049756,1049771,1049776,1049787,1049790,1049799,1049801,1049805,1049813,1049816,1049818,1049821,1049831,1049834,1049835,1049836,1049840,1049846,1049853,1049854,1049855,1049863,1049866,1049883,1049899,1049901,1049908,1049914,1049922,1049926,1049928,1049932,1049934,1049939,1049940,1049944,1049950,1049961,1049963,1049967,1049974,1049975,1049976,1049977,1049985,1049987,1049993,1049994,1049996,1049998,1050000,1050014,1050018,1050021,1050031,1050038,1050043,1050049,1050050,1050053,1050054,1050057,1050073,1050089,1050090,1050100,1050109,1050116,1050119,1050121,1050133,1050134,1050143,1050147,1050165,1050180,1050186,1050187,1050190,1050200,1050211,1050217,1050222,1050233,1050238,1050243,1050244,1050250,1050251,1050253,1050266,1050274,1050280,1050290,1050291,1050292,1050293,1050295,1050297,1050304,1050308,1050309,1050316,1050319,1050321,1050328,1050341,1050349,1050352,1050360,1050364,1050366,1050370,1050375,1050379,1050387,1050388,1050396,1050397,1050398,1050399,1050401,1050409,1050410,1050411,1050412,1050415,1050416,1050418,1050419,1050427,1050431,1050436,1050444,1050459,1050462,1050466,1050469,1050474,1050480,1050482,1050486,1050489,1050490,1050492,1050494,1050496,1050498,1050504,1050506,1050507,1050508,1050509,1050510,1050512,1050521,1050524,1050533,1050537,1050540,1050548,1050549,1050555,1050559,1050569,1050571,1050583,1050595,1050596,1050599,1050614,1050617,1050628,1050630,1050632,1050634,1050641,1050642,1050652,1050656,1050660,1050667,1050668,1050671,1050672,1050681,1050682,1050693,1050702,1050711,1050717,1050731,1050743,1050758,1050765,1050768,1050772,1050776,1050785,1050788,1050790,1050792,1050793,1050794,1050802,1050803,1050804,1050809,1050810,1050816,1050817,1050818,1050819,1050824,1050826,1050828,1050829,1050831,1050835,1050849,1050850,1050854,1050859,1050867,1050868,1050873,1050875,1050879,1050886,1050887,1050893,1050899,1050914,1050918,1050919,1050920,1050924,1050926,1050932,1050933,1050947,1050953,1050955,1050957,1050970,1050971,1050975,1050981,1050987,1050995,1050996,1050999,1051001,1051008,1051022,1051026,1051036,1051037,1051040,1051042,1051054,1051055,1051060,1051062,1051065,1051066,1051069,1051074,1051076,1051077,1051078,1051081,1051083,1051092,1051096,1051099,1051105,1051109,1051112,1051113,1051114,1051116,1051117,1051118,1051122,1051124,1051129,1051139,1051140,1051143,1051145,1051149,1051151,1051154,1051159,1051168,1051170,1051172,1051184,1051185,1051199,1051200,1051202,1051207,1051210,1051211,1051212,1051214,1051215,1051216,1051219,1051225,1051229,1051232,1051243,1051249,1051254,1051256,1051262,1051266,1051269,1051275,1051282,1051285,1051293,1051296,1051310,1051312,1051314,1051322,1051323,1051336,1051337,1051351,1051357,1051358,1051359,1051362,1051366,1051371,1051374,1051378,1051387,1051390,1051392,1051395,1051398,1051405,1051409,1051417,1051424,1051426,1051435,1051438,1051447,1051450,1051456,1051460,1051462,1051464,1051474,1051476,1051477,1051478,1051480,1051489,1051491,1051492,1051495,1051496,1051504,1051505,1051511,1051514,1051522,1051525,1051528,1051535,1051536,1051538,1051546,1051550,1051560,1051563,1051575,1051576,1051578,1051581,1051583,1051584,1051585,1051589,1051594,1051595,1051596,1051597,1051598,1051599,1051600,1051601,1051602,1051606,1051607,1051611,1051613,1051621,1051625,1051626,1051627,1051629,1051631,1051642,1051646,1051647,1051648,1051651,1051653,1051654,1051665,1051670,1051672,1051673,1051674,1051676,1051678,1051682,1051686,1051691,1051698,1051702,1051703,1051705,1051708,1051713,1051715,1051716,1051720,1051724,1051727,1051729,1051730,1051735,1051739,1051748,1051749,1051751,1051753,1051756,1051762,1051769,1051772,1051774
98:1048592,1050846
114:1048595,1048615,1048621,1048644,1048645,1048646,1048670,1048681,1048691,1048698,1048721,1048760,1048777,1048799,1048817,1048818,1048826,1048853,1048859,1048894,1048895,1048896,1048904,1048907,1048955,1048980,1049015,1049016,1049037,1049067,1049106,1049108,1049111,1049160,1049170,1049171,1049194,1049212,1049219,1049246,1049252,1049253,1049268,1049270,1049271,1049273,1049292,1049303,1049305,1049306,1049330,1049336,1049369,1049371,1049374,1049400,1049423,1049424,1049433,1049468,1049525,1049538,1049539,1049547,1049555,1049557,1049565,1049578,1049581,1049582,1049588,1049590,1049600,1049601,1049604,1049605,1049607,1049608,1049618,1049619,1049621,1049626,1049637,1049641,1049646,1049647,1049663,1049673,1049674,1049685,1049687,1049690,1049691,1049692,1049709,1049710,1049718,1049720,1049727,1049729,1049730,1049735,1049736,1049737,1049741,1049744,1049745,1049755,1049757,1049759,1049760,1049772,1049775,1049781,1049786,1049791,1049798,1049799,1049800,1049801,1049808,1049809,1049810,1049822,1049823,1049830,1049832,1049833,1049834,1049837,1049840,1049847,1049848,1049853,1049854,1049855,1049863,1049865,1049881,1049883,1049884,1049890,1049898,1049899,1049901,1049907,1049908,1049909,1049915,1049916,1049920,1049921,1049925,1049926,1049929,1049933,1049937,1049940,1049941,1049943,1049955,1049956,1049957,1049960,1049962,1049964,1049965,1049968,1049969,1049970,1049973,1049975,1049978,1049979,1049983,1049984,1049987,1049990,1049991,1049992,1049995,1049998,1049999,1050001,1050002,1050007,1050010,1050015,1050016,1050028,1050029,1050031,1050032,1050033,1050034,1050035,1050037,1050039,1050042,1050045,1050046,1050050,1050057,1050058,1050059,1050060,1050061,1050062,1050066,1050076,1050080,1050091,1050093,1050094,1050099,1050102,1050104,1050106,1050110,1050117,1050118,1050124,1050126,1050127,1050140,1050161,1050162,1050164,1050165,1050166,1050168,1050169,1050170,1050176,1050177,1050178,1050180,1050184,1050187,1050190,1050191,1050194,1050195,1050197,1050198,1050201,1050204,1050211,1050216,1050218,1050220,1050221,1050222,1050224,1050225,1050226,1050228,1050240,1050248,1050249,1050251,1050252,1050254,1050256,1050259,1050261,1050266,1050268,1050269,1050270,1050273,1050274,1050275,1050281,1050282,1050283,1050285,1050287,1050288,1050292,1050293,1050296,1050297,1050300,1050301,1050303,1050316,1050318,1050319,1050323,1050324,1050328,1050329,1050342,1050343,1050346,1050357,1050362,1050363,1050380,1050381,1050382,1050383,1050385,1050386,1050399,1050401,1050402,1050403,1050404,1050409,1050419,1050420,1050421,1050422,1050427,1050429,1050430,1050431,1050436,1050443,1050445,1050450,1050452,1050453,1050454,1050459,1050460,1050461,1050463,1050465,1050467,1050480,1050482,1050486,1050487,1050490,1050491,1050500,1050501,1050503,1050505,1050511,1050513,1050514,1050521,1050522,1050523,1050526,1050531,1050532,1050534,1050535,1050536,1050537,1050549,1050551,1050553,1050564,1050572,1050575,1050577,1050578,1050591,1050592,1050593,1050595,1050605,1050607,1050608,1050609,1050610,1050611,1050621,1050622,1050625,1050626,1050627,1050629,1050635,1050636,1050639,1050640,1050651,1050655,1050656,1050657,1050667,1050668,1050669,1050670,1050672,1050681,1050685,1050686,1050688,1050689,1050700,1050703,1050709,1050710,1050713,1050714,1050717,1050719,1050720,1050722,1050727,1050728,1050730,1050735,1050737,1050738,1050741,1050742,1050743,1050750,1050751,1050752,1050756,1050759,1050760,1050762,1050764,1050768,1050769,1050771,1050773,1050776,1050779,1050783,1050790,1050792,1050793,1050794,1050795,1050803,1050807,1050822,1050824,1050827,1050828,1050829,1050836,1050838,1050839,1050840,1050841,1050842,1050843,1050847,1050848,1050849,1050850,1050851,1050852,1050858,1050861,1050863,1050873,1050874,1050876,1050881,1050882,1050884,1050885,1050888,1050889,1050892,1050893,1050896,1050899,1050902,1050917,1050918,1050919,1050929,1050932,1050933,1050934,1050940,1050943,1050944,1050948,1050951,1050952,1050953,1050954,1050955,1050958,1050963,1050964,1050965,1050971,1050977,1050981,1050996,1050998,1050999,1051008,1051009,1051010,1051013,1051024,1051025,1051026,1051029,1051030,1051031,1051045,1051046,1051054,1051055,1051056,1051058,1051067,1051069,1051071,1051072,1051073,1051074,1051075,1051076,1051088,1051090,1051099,1051101,1051102,1051110,1051112,1051116,1051117,1051121,1051122,1051130,1051131,1051132,1051133,1051135,1051136,1051143,1051144,1051145,1051154,1051155,1051156,1051157,1051168,1051169,1051170,1051171,1051173,1051181,1051184,1051193,1051197,1051200,1051202,1051206,1051220,1051223,1051224,1051225,1051227,1051239,1051241,1051242,1051244,1051245,1051249,1051255,1051256,1051257,1051258,1051262,1051263,1051267,1051270,1051273,1051274,1051276,1051278,1051283,1051287,1051289,1051291,1051292,1051293,1051294,1051302,1051303,1051307,1051312,1051314,1051316,1051317,1051320,1051322,1051325,1051326,1051339,1051340,1051342,1051346,1051354,1051359,1051362,1051369,1051370,1051377,1051380,1051381,1051390,1051391,1051392,1051403,1051404,1051407,1051408,1051410,1051413,1051416,1051424,1051425,1051426,1051427,1051431,1051433,1051435,1051439,1051440,1051441,1051446,1051451,1051452,1051453,1051457,1051459,1051461,1051462,1051463,1051465,1051468,1051470,1051472,1051473,1051475,1051476,1051478,1051479,1051480,1051481,1051482,1051486,1051487,1051490,1051493,1051494,1051495,1051496,1051497,1051499,1051500,1051505,1051506,1051511,1051512,1051514,1051518,1051519,1051521,1051522,1051523,1051525,1051529,1051530,1051532,1051534,1051538,1051541,1051545,1051547,1051553,1051554,1051555,1051556,1051559,1051561,1051562,1051563,1051568,1051573,1051576,1051577,1051580,1051581,1051584,1051588,1051590,1051591,1051592,1051593,1051595,1051598,1051601,1051602,1051606,1051607,1051608,1051609,1051614,1051615,1051616,1051617,1051624,1051627,1051628,1051629,1051630,1051631,1051632,1051634,1051640,1051643,1051644,1051645,1051646,1051649,1051650,1051651,1051652,1051656,1051657,1051658,1051660,1051662,1051666,1051668,1051670,1051671,1051672,1051676,1051681,1051684,1051685,1051686,1051687,1051688,1051691,1051692,1051695,1051696,1051699,1051700,1051702,1051704,1051707,1051708,1051709,1051711,1051714,1051716,1051717,1051718,1051719,1051725,1051727,1051728,1051729,1051731,1051738,1051739,1051741,1051747,1051750,1051764,1051770,1051775,1051776,1051777,1051778
130:1048597,1049194,1049775,1049984,1050081,1050954,1051491,1051576
146:1048599
162:1048603,1048615,1048645,1048653,1048667,1048670,1048671,1048719,1048760,1048777,1048817,1048823,1048847,1048857,1048919,1048929,1048971,1048984,1048992,1049085,1049106,1049119,1049160,1049190,1049192,1049194,1049201,1049219,1049245,1049250,1049270,1049273,1049292,1049294,1049334,1049353,1049519,1049576,1049585,1049588,1049610,1049621,1049626,1049637,1049658,1049659,1049662,1049687,1049692,1049720,1049727,1049729,1049730,1049737,1049741,1049744,1049747,1049759,1049772,1049775,1049791,1049810,1049812,1049822,1049830,1049832,1049834,1049836,1049839,1049847,1049862,1049865,1049867,1049882,1049884,1049890,1049901,1049921,1049929,1049934,1049937,1049941,1049954,1049966,1049977,1049983,1049985,1049988,1050001,1050007,1050008,1050009,1050013,1050029,1050030,1050031,1050032,1050037,1050039,1050044,1050045,1050058,1050061,1050063,1050064,1050079,1050091,1050092,1050094,1050098,1050102,1050128,1050129,1050147,1050163,1050164,1050165,1050167,1050168,1050169,1050177,1050204,1050205,1050216,1050225,1050226,1050227,1050240,1050249,1050252,1050266,1050272,1050274,1050275,1050280,1050286,1050300,1050302,1050303,1050316,1050322,1050324,1050339,1050343,1050358,1050361,1050380,1050385,1050393,1050419,1050421,1050428,1050429,1050431,1050436,1050443,1050444,1050450,1050452,1050461,1050463,1050467,1050491,1050499,1050504,1050505,1050523,1050532,1050537,1050547,1050550,1050551,1050552,1050563,1050574,1050577,1050591,1050621,1050622,1050634,1050635,1050651,1050653,1050657,1050687,1050702,1050722,1050728,1050750,1050751,1050752,1050754,1050763,1050769,1050770,1050771,1050785,1050790,1050792,1050804,1050808,1050821,1050822,1050840,1050842,1050848,1050864,1050875,1050885,1050917,1050929,1050943,1050954,1050973,1050977,1050996,1050998,1050999,1051014,1051026,1051028,1051045,1051051,1051059,1051061,1051067,1051069,1051075,1051089,1051092,1051098,1051100,1051101,1051109,1051110,1051112,1051122,1051134,1051145,1051147,1051202,1051219,1051221,1051240,1051255,1051258,1051259,1051263,1051267,1051270,1051286,1051292,1051297,1051298,1051309,1051328,1051341,1051346,1051361,1051362,1051369,1051375,1051390,1051394,1051395,1051397,1051403,1051408,1051410,1051411,1051413,1051421,1051424,1051426,1051427,1051431,1051432,1051433,1051435,1051441,1051446,1051474,1051475,1051477,1051480,1051481,1051488,1051493,1051494,1051499,1051500,1051506,1051514,1051526,1051528,1051544,1051546,1051552,1051553,1051555,1051556,1051561,1051564,1051568,1051569,1051573,1051577,1051583,1051589,1051596,1051599,1051601,1051605,1051609,1051615,1051619,1051621,1051622,1051631,1051632,1051640,1051644,1051647,1051656,1051660,1051662,1051671,1051674,1051675,1051676,1051678,1051685,1051688,1051689,1051691,1051692,1051700,1051704,1051706,1051707,1051710,1051713,1051716,1051717,1051719,1051727,1051728,1051733,1051746,1051771,1051773,1051777
178:1048607,1048614,1048665,1048815,1048939,1049008,1049190,1049254,1049268,1049294,1049334,1049425,1049426,1049469,1049515,1049516,1049539,1049565,1049581,1049584,1049591,1049604,1049605,1049626,1049627,1049648,1049686,1049709,1049728,1049746,1049770,1049791,1049831,1049850,1049855,1049867,1049880,1049906,1049909,1049956,1049961,1049963,1049968,1049973,1050030,1050042,1050045,1050066,1050078,1050111,1050143,1050164,1050180,1050201,1050218,1050224,1050233,1050241,1050252,1050268,1050269,1050271,1050284,1050382,1050399,1050442,1050453,1050511,1050521,1050526,1050578,1050579,1050625,1050635,1050648,1050670,1050700,1050712,1050744,1050768,1050778,1050793,1050836,1050861,1050895,1050919,1050924,1050941,1051013,1051024,1051050,1051119,1051130,1051143,1051144,1051145,1051160,1051184,1051211,1051232,1051234,1051245,1051257,1051261,1051285,1051316,1051341,1051376,1051410,1051426,1051430,1051433,1051438,1051440,1051441,1051476,1051498,1051501,1051563,1051576,1051577,1051580,1051581,1051590,1051608,1051609,1051615,1051618,1051621,1051633,1051641,1051644,1051647,1051652,1051656,1051669,1051672,1051673,1051681,1051703,1051732,1051774,1051776
194:1048611,1048679,1048813,1049132,1049180,1049208,1049218,1049250,1049253,1049332,1049605,1049740,1049741,1049774,1049782,1049783,1049809,1049811,1049828,1049836,1049840,1049863,1049904,1049941,1049955,1050001,1050002,1050010,1050043,1050059,1050092,1050093,1050098,1050116,1050147,1050166,1050206,1050212,1050228,1050255,1050270,1050327,1050380,1050386,1050420,1050421,1050429,1050431,1050445,1050454,1050465,1050487,1050503,1050637,1050652,1050655,1050680,1050681,1050720,1050763,1050790,1050793,1050808,1050836,1050837,1050847,1050919,1050950,1050958,1051110,1051117,1051171,1051203,1051227,1051296,1051300,1051309,1051317,1051324,1051342,1051373,1051404,1051418,1051434,1051437,1051438,1051457,1051464,1051465,1051477,1051486,1051489,1051493,1051506,1051511,1051526,1051530,1051541,1051542,1051545,1051617,1051623,1051625,1051626,1051636,1051639,1051642,1051645,1051647
210:1048614,1048615,1048670,1048679,1048681,1048760,1048799,1048817,1048818,1048823,1048856,1048896,1048989,1049010,1049016,1049067,1049070,1049106,1049111,1049160,1049191,1049205,1049245,1049250,1049268,1049270,1049274,1049299,1049330,1049336,1049424,1049426,1049469,1049519,1049524,1049565,1049588,1049589,1049607,1049621,1049720,1049727,1049746,1049772,1049774,1049798,1049808,1049811,1049828,1049847,1049853,1049865,1049870,1049882,1049907,1049921,1049923,1049937,1049954,1049956,1049977,1049983,1049985,1049990,1049995,1049998,1050000,1050018,1050020,1050028,1050033,1050034,1050048,1050057,1050072,1050092,1050094,1050141,1050147,1050165,1050167,1050177,1050189,1050195,1050203,1050209,1050226,1050266,1050268,1050269,1050275,1050286,1050301,1050302,1050303,1050325,1050359,1050401,1050421,1050422,1050428,1050431,1050452,1050453,1050461,1050464,1050481,1050503,1050505,1050507,1050563,1050578,1050608,1050621,1050625,1050635,1050670,1050681,1050705,1050712,1050722,1050743,1050751,1050754,1050770,1050771,1050772,1050790,1050791,1050792,1050795,1050803,1050822,1050827,1050838,1050848,1050864,1050880,1050882,1050889,1050892,1050895,1050901,1050915,1050917,1050919,1050934,1050958,1050999,1051013,1051028,1051031,1051061,1051066,1051071,1051072,1051074,1051075,1051090,1051101,1051109,1051116,1051117,1051147,1051155,1051157,1051173,1051195,1051197,1051202,1051221,1051227,1051232,1051262,1051263,1051270,1051287,1051292,1051296,1051301,1051307,1051309,1051341,1051345,1051374,1051380,1051384,1051385,1051395,1051396,1051397,1051403,1051408,1051423,1051426,1051440,1051442,1051446,1051453,1051462,1051465,1051473,1051475,1051480,1051487,1051491,1051518,1051524,1051544,1051552,1051553,1051564,1051568,1051577,1051588,1051589,1051592,1051593,1051596,1051599,1051607,1051609,1051612,1051633,1051642,1051644,1051651,1051652,1051655,1051656,1051669,1051672,1051679,1051687,1051691,1051696,1051700,1051707,1051710,1051713,1051715,1051716,1051717,1051725,1051727,1051731,1051733,1051750,1051763,1051777,1051778
226:1048615,1048818,1048827,1049016,1049610,1049739,1049927,1049968,1050037,1050147,1050224,1050228,1050344,1050508,1050550,1050770,1050775,1050838,1051144,1051173,1051206,1051309,1051382,1051671,1051757
242:1048615,1048777,1048972,1049249,1049295,1049303,1049425,1049440,1049535,1049591,1049599,1049712,1049758,1049770,1049788,1049831,1049856,1049884,1049890,1049934,1049991,1050000,1050226,1050246,1050280,1050311,1050313,1050399,1050431,1050501,1050512,1050549,1050621,1050640,1050657,1050778,1050833,1050916,1050917,1050942,1050971,1050996,1051026,1051054,1051067,1051267,1051319,1051361,1051433
258:1048615,1049426,1049431,1049721,1049847,1050047,1050773,1050793,1050808,1050934,1051204,1051267
274:1048615,1048808,1048816,1048817,1048907,1049037,1049039,1049072,1049160,1049271,1049367,1049399,1049608,1049659,1049674,1049722,1049800,1049810,1049812,1049829,1049838,1049865,1049869,1049913,1049925,1049940,1049956,1049977,1049995,1049998,1050039,1050059,1050111,1050146,1050163,1050166,1050169,1050178,1050216,1050284,1050296,1050421,1050431,1050485,1050491,1050499,1050533,1050563,1050605,1050627,1050712,1050719,1050721,1050730,1050760,1050778,1050801,1050804,1050833,1050896,1050916,1050918,1050931,1050941,1050944,1050971,1050999,1051054,1051058,1051075,1051088,1051155,1051169,1051171,1051173,1051194,1051195,1051202,1051220,1051261,1051267,1051296,1051317,1051319,1051322,1051346,1051387,1051407,1051411,1051432,1051459,1051486,1051490,1051502,1051503,1051514,1051522,1051527,1051569,1051587,1051599,1051614,1051622,1051639,1051656,1051676,1051679,1051704,1051713,1051727,1051735,1051742,1051756,1051764,1051774
290:1048618,1048800
306:1048621
322:1048621,1050240,1050402,1050499,1050537,1051147,1051315
338:1048623,1049106,1049191,1049371,1049759,1049798,1049984,1050098,1050110,1050124,1050382,1051154,1051200,1051503,1051564,1051601,1051622,1051631,1051662,1051672,1051690
354:1048623,1048668,1048698,1048818,1048873,1048955,1049039,1049170,1049252,1049254,1049302,1049371,1049399,1049431,1049466,1049601,1049607,1049683,1049688,1049729,1049735,1049739,1049743,1049798,1049834,1049890,1049900,1049957,1050000,1050010,1050045,1050058,1050091,1050103,1050129,1050143,1050161,1050195,1050208,1050228,1050261,1050274,1050320,1050322,1050349,1050382,1050420,1050466,1050477,1050577,1050579,1050629,1050653,1050716,1050717,1050721,1050728,1050739,1050748,1050756,1050777,1050804,1050806,1050808,1050816,1050824,1050850,1050858,1050873,1050889,1050916,1050929,1050943,1050944,1050945,1050977,1050985,1051059,1051099,1051122,1051177,1051254,1051267,1051312,1051326,1051375,1051376,1051402,1051403,1051416,1051475,1051481,1051499,1051500,1051513,1051514,1051523,1051542,1051572,1051592,1051671,1051675,1051676,1051677,1051691,1051695,1051699,1051707,1051710,1051724,1051763,1051776
370:1048623,1049108,1049170,1049578,1049744,1049939,1049940,1049962,1050019,1050090,1050101,1050211,1050385,1050534,1050705,1050828,1050840,1050852,1051061,1051245,1051259,1051362,1051425,1051498,1051528,1051568,1051592,1051644,1051695
386:1048623,1048847,1049194,1049371,1049431,1049610,1049748,1049983,1050109,1050201,1050216,1050283,1050294,1050316,1050467,1051071,1051203,1051221,1051672
402:1048625,1048644,1049675,1050340,1050722,1051735
418:1048628,1048643,1048686,1048829,1048904,1049576,1049780,1050206,1050234,1050280,1050346,1050420,1050502,1050722,1050756,1050807,1050851,1050920,1050982,1051054,1051113,1051159,1051351,1051385,1051705
434:1048633,1048815,1048847,1048857,1048986,1049269,1049271,1049371,1049532,1049610,1049824,1049991,1050008,1050017,1050018,1050050,1050083,1050084,1050402,1050545,1050546
450:1048633,1048650,1048653,1048678,1048868,1049067,1049160,1049180,1049191,1049442,1049548,1049607,1049641,1049736,1049774,1049836,1049883,1049898,1049919,1049941,1049973,1049983,1049992,1050008,1050043,1050049,1050061,1050078,1050092,1050093,1050101,1050108,1050116,1050117,1050127,1050147,1050166,1050255,1050261,1050270,1050273,1050315,1050326,1050342,1050402,1050460,1050467,1050491,1050503,1050504,1050510,1050514,1050526,1050539,1050564,1050621,1050637,1050671,1050763,1050793,1050820,1050840,1050852,1050872,1050885,1050889,1050893,1050894,1050919,1050947,1050948,1050949,1050962,1050971,1050977,1051009,1051013,1051025,1051026,1051027,1051044,1051045,1051097,1051101,1051110,1051115,1051135,1051136,1051146,1051199,1051202,1051221,1051243,1051244,1051255,1051256,1051285,1051286,1051290,1051293,1051295,1051296,1051316,1051317,1051324,1051326,1051370,1051373,1051377,1051386,1051403,1051404,1051406,1051415,1051417,1051424,1051426,1051434,1051435,1051437,1051439,1051445,1051451,1051456,1051457,1051463,1051465,1051466,1051467,1051489,1051525,1051544,1051552,1051554,1051563,1051568,1051575,1051577,1051583,1051591,1051600,1051601,1051622,1051623,1051634,1051642,1051643,1051645,1051647,1051650,1051653,1051656,1051661,1051663,1051664,1051694,1051711,1051712,1051719,1051722
466:1048635,1049719,1050790
482:1048638,1048849,1049809,1050081,1050109,1050216,1050358,1050671,1050790,1051101,1051168,1051382,1051464
498:1048639,1048674,1048781,1049170,1049546,1050366,1050681,1051232,1051573,1051772
514:1048643,1048679,1048739,1048859,1048867,1048904,1049013,1049015,1049246,1049299,1049439,1049517,1049549,1049623,1049658,1049683,1049688,1049718,1049756,1049855,1049900,1050001,1050002,1050016,1050048,1050062,1050078,1050108,1050116,1050125,1050147,1050166,1050179,1050303,1050344,1050356,1050367,1050384,1050386,1050409,1050450,1050475,1050483,1050484,1050499,1050511,1050521,1050526,1050592,1050607,1050625,1050636,1050666,1050668,1050685,1050704,1050722,1050728,1050729,1050738,1050756,1050778,1050783,1050808,1050833,1050843,1050849,1050877,1050902,1050914,1050919,1050934,1050949,1051026,1051027,1051044,1051056,1051060,1051100,1051101,1051110,1051131,1051145,1051146,1051199,1051203,1051238,1051280,1051296,1051303,1051342,1051351,1051373,1051378,1051388,1051437,1051457,1051462,1051467,1051472,1051495,1051526,1051552,1051553,1051554,1051563,1051565,1051566,1051573,1051576,1051580,1051587,1051610,1051617,1051623,1051627,1051629,1051641,1051647,1051692,1051693,1051694,1051696,1051699,1051711,1051721,1051728
530:1048643
546:1048644,1048646,1048653,1048667,1048678,1048681,1048817,1048856,1048896,1048992,1049015,1049039,1049106,1049133,1049191,1049212,1049250,1049252,1049270,1049299,1049336,1049423,1049426,1049435,1049466,1049517,1049519,1049525,1049621,1049622,1049626,1049637,1049642,1049673,1049674,1049683,1049709,1049718,1049730,1049733,1049769,1049772,1049823,1049834,1049840,1049854,1049882,1049898,1049902,1049909,1049920,1049956,1049960,1049983,1049984,1049987,1049990,1049995,1050009,1050016,1050029,1050032,1050034,1050040,1050050,1050051,1050057,1050058,1050082,1050100,1050106,1050125,1050126,1050129,1050163,1050177,1050184,1050185,1050188,1050195,1050200,1050201,1050205,1050216,1050217,1050225,1050240,1050261,1050266,1050273,1050281,1050302,1050317,1050323,1050324,1050329,1050343,1050346,1050359,1050361,1050363,1050382,1050386,1050409,1050431,1050444,1050449,1050450,1050451,1050452,1050459,1050461,1050475,1050480,1050482,1050483,1050500,1050504,1050506,1050511,1050513,1050520,1050523,1050547,1050553,1050577,1050609,1050621,1050622,1050625,1050671,1050681,1050702,1050710,1050719,1050720,1050722,1050725,1050729,1050741,1050743,1050754,1050768,1050769,1050771,1050783,1050791,1050794,1050808,1050822,1050848,1050860,1050863,1050879,1050881,1050888,1050892,1050894,1050916,1050917,1050919,1050929,1050943,1050958,1050963,1050995,1050999,1051010,1051012,1051028,1051055,1051061,1051072,1051075,1051097,1051101,1051102,1051130,1051136,1051157,1051167,1051181,1051197,1051199,1051241,1051242,1051249,1051262,1051267,1051272,1051274,1051290,1051295,1051303,1051305,1051309,1051314,1051317,1051340,1051345,1051362,1051379,1051381,1051383,1051395,1051396,1051411,1051418,1051421,1051426,1051427,1051431,1051435,1051459,1051463,1051466,1051469,1051472,1051473,1051474,1051481,1051487,1051488,1051496,1051499,1051506,1051511,1051512,1051524,1051538,1051541,1051554,1051555,1051564,1051565,1051575,1051576,1051585,1051586,1051592,1051599,1051603,1051609,1051614,1051619,1051630,1051640,1051651,1051652,1051656,1051672,1051678,1051692,1051707,1051711,1051717,1051722,1051731,1051735,1051738,1051754,1051755,1051758,1051763,1051772,1051773
562:1048646,1048648,1048705,1048902,1048914,1048929,1048943,1048964,1049018,1049060,1049128,1049180,1049192,1049200,1049353,1049397,1049406,1049525,1049546,1049577,1049610,1049618,1049691,1049744,1049772,1049860,1049861,1049900,1049926,1049948,1049983,1049987,1050025,1050034,1050099,1050111,1050151,1050152,1050154,1050165,1050178,1050189,1050237,1050254,1050280,1050282,1050294,1050349,1050393,1050521,1050529,1050537,1050543,1050573,1050618,1050674,1050761,1050771,1050789,1050808,1050838,1050841,1050910,1050994,1051013,1051072,1051119,1051249,1051257,1051262,1051272,1051313,1051317,1051329,1051350,1051413,1051416,1051434,1051506,1051513,1051525,1051532,1051544,1051575,1051618,1051622,1051623,1051625,1051629,1051637,1051661,1051687,1051702,1051715,1051721,1051726
578:1048646,1049673,1049847,1050302,1050464,1051167,1051623
594:1048646,1048674,1048719,1049112,1049173,1049270,1049399,1049429,1049466,1049557,1049610,1049663,1049673,1049688,1049758,1049835,1049840,1049847,1049857,1049883,1049884,1049889,1049900,1049956,1049975,1049984,1049988,1050009,1050020,1050058,1050062,1050063,1050064,1050072,1050092,1050102,1050146,1050163,1050184,1050188,1050202,1050212,1050269,1050286,1050288,1050301,1050322,1050343,1050344,1050358,1050386,1050419,1050421,1050443,1050452,1050454,1050465,1050476,1050508,1050537,1050549,1050551,1050577,1050608,1050609,1050625,1050635,1050636,1050667,1050681,1050712,1050717,1050725,1050727,1050743,1050764,1050769,1050786,1050789,1050803,1050807,1050820,1050864,1050873,1050876,1050880,1050898,1050915,1050942,1050950,1050954,1050963,1050976,1050977,1050998,1051027,1051092,1051118,1051120,1051147,1051172,1051201,1051225,1051274,1051278,1051286,1051307,1051362,1051388,1051398,1051403,1051410,1051420,1051426,1051431,1051438,1051448,1051452,1051453,1051462,1051472,1051496,1051506,1051513,1051544,1051553,1051565,1051573,1051576,1051579,1051592,1051628,1051631,1051639,1051644,1051652,1051661,1051663,1051672,1051686,1051709,1051710,1051725,1051727,1051728,1051756
610:1048651,1048682,1048840,1048856,1048871,1048896,1048970,1049070,1049367,1049526,1049533,1049537,1049555,1049601,1049646,1049727,1049833,1049867,1049869,1049971,1049986,1050005,1050037,1050049,1050066,1050072,1050122,1050284,1050341,1050411,1050486,1050488,1050503,1050550,1050570,1050637,1050753,1050807,1050861,1050885,1050900,1050907,1050931,1051007,1051061,1051130,1051180,1051199,1051272,1051506,1051546,1051631,1051643,1051706,1051708
626:1048653,1048724,1048910,1049070,1049110,1049170,1049268,1049399,1049584,1049608,1049641,1049658,1049744,1049746,1049760,1049761,1049771,1049781,1049789,1049809,1049853,1049938,1049962,1049963,1049969,1049971,1050010,1050034,1050061,1050086,1050166,1050177,1050198,1050226,1050233,1050342,1050381,1050423,1050463,1050483,1050485,1050509,1050521,1050553,1050650,1050666,1050669,1050700,1050717,1050739,1050771,1050860,1050862,1050913,1050918,1050928,1050964,1050983,1050995,1051073,1051112,1051173,1051179,1051181,1051240,1051245,1051272,1051276,1051278,1051285,1051290,1051320,1051328,1051352,1051403,1051408,1051435,1051458,1051475,1051478,1051497,1051498,1051523,1051546,1051554,1051568,1051590,1051593,1051651,1051652,1051657,1051675,1051700,1051721,1051729,1051774
642:1048653,1048670,1049070,1049330,1049371,1049627,1049737,1049801,1049954,1049963,1049983,1050028,1050124,1050226,1050300,1050386,1050404,1050419,1050431,1050466,1050531,1050639,1050658,1050735,1050744,1050767,1050775,1050786,1050808,1050847,1050885,1050952,1051028,1051059,1051232,1051255,1051275,1051292,1051326,1051377,1051386,1051423,1051458,1051491,1051498,1051538,1051599,1051678,1051696,1051738,1051778
658:1048657,1048847,1048971,1048984,1049170,1049191,1049205,1049299,1049303,1049673,1049674,1049785,1049788,1049837,1049857,1049964,1050014,1050045,1050057,1050145,1050164,1050166,1050177,1050180,1050302,1050315,1050367,1050444,1050453,1050477,1050657,1050686,1050730,1050755,1050883,1050889,1050895,1050918,1051000,1051102,1051159,1051226,1051284,1051305,1051313,1051360,1051395,1051408,1051473,1051494,1051515,1051579,1051583,1051656,1051666,1051676,1051678,1051725,1051760,1051767
674:1048665,1049258,1049371,1049525,1049592,1049640,1049779,1049984,1049985,1050188,1050370,1050503,1050511,1050750,1050864,1051132,1051500,1051672,1051687,1051704
690:1048667,1048829,1049037,1049106,1049111,1049230,1049466,1049470,1049578,1049710,1049737,1049747,1049855,1049881,1049957,1049988,1049992,1050020,1050051,1050072,1050188,1050249,1050251,1050266,1050301,1050380,1050400,1050507,1050563,1050590,1050751,1050753,1050763,1050779,1050804,1050878,1050880,1050933,1050955,1050996,1051231,1051254,1051275,1051293,1051326,1051341,1051345,1051383,1051422,1051451,1051453,1051494,1051584,1051592,1051593,1051610,1051639,1051643,1051649,1051653,1051695
706:1048670,1048895,1049181,1049336,1049627,1049738,1049751,1049800,1049809,1049908,1049922,1049940,1049962,1049973,1049986,1050009,1050028,1050072,1050119,1050139,1050163,1050180,1050187,1050189,1050240,1050259,1050382,1050485,1050490,1050503,1050521,1050522,1050551,1050573,1050682,1050688,1050712,1050803,1050826,1050840,1050877,1050944,1050971,1051134,1051154,1051352,1051382,1051478,1051504,1051528,1051546,1051555,1051700,1051713,1051740
722:1048671,1049245,1050272,1050628,1050770,1050772,1050821,1050874,1051203,1051301,1051381,1051458,1051469,1051524
738:1048672,1049037,1049181,1049546,1049683,1049830,1049877,1050276,1050314,1050466,1050680,1050896,1050945,1051404,1051441,1051488,1051706
754:1048677
770:1048678,1048721,1048818,1048838,1048857,1049133,1049190,1049429,1049440,1049465,1049467,1049485,1049588,1049608,1049673,1049683,1049718,1049761,1049801,1049854,1049882,1049884,1049901,1049925,1049990,1050010,1050062,1050092,1050127,1050165,1050179,1050184,1050213,1050222,1050316,1050442,1050450,1050452,1050552,1050564,1050710,1050716,1050755,1050763,1050775,1050782,1050790,1050847,1050849,1050919,1050942,1050950,1050965,1051009,1051012,1051027,1051058,1051059,1051068,1051089,1051093,1051112,1051185,1051196,1051197,1051204,1051209,1051312,1051328,1051340,1051358,1051359,1051377,1051387,1051401,1051412,1051431,1051435,1051486,1051577,1051611,1051670,1051678,1051686,1051716,1051754
786:1048679,1048836,1048837,1048838,1049327,1049367,1049769,1050256,1050274,1050537,1050823,1050865,1051737
802:1048679,1048827,1049708,1049833,1049941,1050030,1050127,1050204,1050285,1050313,1050720,1050741,1050774,1050889,1051017,1051081,1051089,1051209,1051223,1051479,1051568,1051624,1051667,1051717,1051725,1051774
818:1048681,1049626,1051454
834:1048681,1050000,1050577
850:1048686,1048752,1048801,1048963,1049469,1049772,1050161
866:1048691,1048856,1048989,1049072,1049247,1049254,1049442,1049517,1049587,1049603,1049607,1049621,1049626,1049641,1049696,1049829,1049853,1049869,1049908,1049929,1050016,1050091,1050195,1050271,1050297,1050326,1050329,1050356,1050466,1050482,1050506,1050535,1050575,1050595,1050702,1050768,1050801,1050898,1050948,1051025,1051092,1051097,1051173,1051194,1051200,1051243,1051244,1051245,1051284,1051412,1051422,1051456,1051467,1051472,1051474,1051481,1051498,1051505,1051506,1051511,1051554,1051574,1051584,1051673,1051762
882:1048691,1049674,1049960,1050720,1050772,1050965,1051316,1051721
898:1048697
914:1048698,1048989,1049191,1049246,1049800,1050367,1051204,1051735,1051779
930:1048703,1048946
946:1048708,1048820,1048857,1048885,1048920,1049371,1049431,1049526,1049537,1049607,1049721,1049736,1049747,1049865,1049890,1049898,1049921,1049941,1049954,1049998,1050000,1050069,1050117,1050118,1050183,1050222,1050302,1050316,1050339,1050382,1050443,1050450,1050537,1050578,1050602,1050609,1050628,1050636,1050729,1050739,1050742,1050761,1050783,1050786,1050791,1050795,1050808,1050913,1050928,1050929,1051032,1051121,1051142,1051195,1051220,1051240,1051257,1051282,1051402,1051403,1051413,1051446,1051470,1051476,1051478,1051480,1051511,1051545,1051576,1051588,1051599,1051606,1051639,1051739,1051766
962:1048713,1049695
978:1048719,1048904,1049270,1049271,1049610,1049756,1050119,1050680,1051011,1051208,1051424,1051487,1051596,1051611,1051686,1051733
994:1048719,1048984,1049769,1050062,1050127,1050270,1050320,1050404,1050477,1050504,1050776,1051226
1010:1048721,1048811,1049583,1050610,1050756,1051592,1051596,1051624,1051651,1051735
1026:1048725,1048761,1048789,1048980,1049038,1049058,1049098,1049151,1049152,1049545,1049716,1049972,1050590,1050876,1051205,1051358,1051359,1051426,1051730
1042:1048737,1049486,1049944,1050168,1050188,1050225,1050280,1050281,1050302,1050360,1051284,1051354,1051516,1051592,1051629,1051633,1051708
1058:1048743,1048760,1048797,1048853,1049404,1049429,1050091,1050180,1050270,1050454,1050621,1050916,1050953,1051076,1051147,1051309,1051468,1051469,1051477,1051530,1051728,1051778
1074:1048752,1048806,1048823,1048829,1049254,1049299,1049342,1049343,1049465,1049600,1049661,1049695,1049696,1049769,1049780,1049853,1049972,1050051,1050191,1050280,1050330,1050339,1050345,1050346,1050606,1050715,1050729,1050738,1050756,1050878,1051054,1051113,1051182,1051254,1051397,1051427,1051705,1051735,1051736,1051770,1051772
1090:1048760,1048895,1049072,1049710,1049811,1049881,1049890,1050039,1050091,1050102,1050577,1050688,1050996,1051102,1051526,1051624
1106:1048760,1049106,1049170,1049190,1049194,1049245,1049709,1049718,1049959,1049990,1050020,1050072,1050092,1050102,1050180,1050206,1050234,1050235,1050275,1050346,1050371,1050502,1050520,1050527,1050595,1050625,1050700,1050705,1050763,1050807,1050808,1050877,1050942,1051027,1051059,1051132,1051277,1051340,1051388,1051415,1051433,1051478,1051494,1051504,1051512,1051568,1051576,1051615,1051641,1051773
1122:1048769,1048889
1138:1048777,1048815,1048847,1048859,1048975,1049135,1049301,1049369,1049591,1049637,1049759,1049770,1049786,1049809,1049822,1050011,1050066,1050127,1050145,1050189,1050240,1050251,1050252,1050299,1050410,1050444,1050454,1050463,1050465,1050487,1050514,1050605,1050712,1050736,1050737,1050752,1050769,1050803,1050805,1050856,1050916,1051013,1051129,1051171,1051198,1051221,1051259,1051307,1051309,1051340,1051343,1051376,1051420,1051472,1051477,1051486,1051530,1051533,1051551,1051672,1051681,1051693,1051727
1154:1048778,1049219,1049279,1049280,1049342,1049343,1049462,1049463,1050045,1050217,1050240,1050302,1050359,1050640,1050688,1050852,1050889,1050890,1050915,1051055,1051195,1051316,1051409,1051439,1051474,1051590,1051732,1051756
1170:1048782,1048863,1049039,1049175,1049206,1049398,1049587,1049637,1049710,1049716,1049745,1049800,1049882,1049933,1049937,1049990,1050031,1050045,1050066,1050105,1050164,1050187,1050256,1050356,1050430,1050486,1050625,1050634,1050657,1050688,1050702,1050753,1050849,1050971,1050998,1051067,1051283,1051308,1051329,1051370,1051484,1051506,1051696,1051708,1051763
1186:1048793,1049847,1050885
1202:1048798
1218:1048806,1049102,1049822,1050106,1050278,1050320,1050512,1051182,1051331,1051397,1051578,1051596,1051597,1051613,1051651,1051717,1051733,1051755,1051756
1234:1048811,1049924
1250:1048815,1048907,1048972,1048984,1049015,1049051,1049052,1049067,1049068,1049106,1049156,1049269,1049270,1049271,1049396,1049397,1049402,1049424,1049429,1049430,1049432,1049433,1049467,1049486,1049519,1049547,1049607,1049641,1049710,1049743,1049769,1049770,1049785,1049801,1049987,1049991,1050050,1050064,1050081,1050089,1050090,1050094,1050098,1050189,1050195,1050256,1050287,1050299,1050318,1050383,1050403,1050405,1050510,1050511,1050531,1050534,1050535,1050537,1050551,1050594,1050607,1050610,1050621,1050640,1050645,1050689,1050715,1050727,1050735,1050759,1050778,1050783,1050833,1050863,1050882,1050914,1050932,1050933,1050934,1050953,1050955,1050965,1050996,1051012,1051026,1051027,1051091,1051093,1051099,1051122,1051157,1051204,1051206,1051242,1051249,1051255,1051263,1051297,1051303,1051340,1051391,1051394,1051408,1051463,1051475,1051501,1051522,1051541,1051544,1051566,1051577,1051624,1051633,1051659,1051689,1051704,1051709,1051710,1051722,1051728,1051733
1266:1048817,1049721,1049734,1050022,1050023,1050293,1050359,1050706,1050826,1051012,1051046,1051074,1051089,1051143,1051155,1051171,1051348,1051374,1051404,1051409,1051411,1051530,1051543,1051549,1051565,1051628,1051742
1282:1048818,1049659,1049689,1049854,1050205,1050292,1050431,1050546,1050716,1050808,1050821,1051198,1051376,1051394,1051476,1051580,1051649,1051683,1051689
1298:1048819,1048822,1048910,1048920,1048921,1049000,1049043,1049055,1049109,1049450,1049451,1049452,1049458,1049496,1049623,1050069,1050518
1314:1048823
1330:1048826
1346:1048827,1049604,1049637,1049709,1049729,1049798,1049925,1049962,1049967,1049977,1050233,1050358,1050628,1051446,1051690,1051705
1362:1048829,1048896,1048971,1049245,1049618,1050081,1050409,1050878,1051398,1051443,1051463,1051596
1378:1048834,1049034,1049042,1049074,1049075,1049081,1049146,1049183,1049184,1049186,1049187,1049322,1049571,1049616,1049636,1049744,1049749,1049776,1049804,1049895,1050088,1050131,1050133,1050134,1050169,1050352,1050388,1050395,1050425,1050612,1050619,1050662,1050764,1050867,1051018,1051080,1051221,1051270,1051409,1051428,1051459,1051483,1051693,1051766
1394:1048840,1049010,1049037,1049334,1049855,1049899,1049908,1049983,1050030,1050126,1050163,1050187,1050203,1050260,1050271,1050272,1050421,1050460,1050465,1050503,1050759,1050892,1050894,1051025,1051142,1051200,1051207,1051279,1051296,1051313,1051374,1051498,1051515,1051622,1051639,1051644,1051652
1410:1048847,1048853,1048942,1048979,1049413,1049515,1049576,1049578,1049587,1049609,1049641,1049688,1049720,1049745,1049756,1049769,1049798,1049934,1049943,1049947,1049972,1049987,1050029,1050031,1050043,1050051,1050061,1050129,1050146,1050168,1050224,1050227,1050246,1050290,1050299,1050303,1050377,1050389,1050390,1050405,1050460,1050491,1050514,1050622,1050657,1050716,1050730,1050741,1050753,1050754,1050761,1050771,1050864,1050865,1050884,1050889,1050933,1050971,1050983,1051004,1051097,1051117,1051127,1051200,1051205,1051206,1051207,1051220,1051273,1051287,1051328,1051378,1051404,1051465,1051486,1051497,1051500,1051506,1051507,1051561,1051608,1051675,1051687,1051703,1051704,1051725,1051759,1051767,1051768
1426:1048853
1442:1048856
1458:1048857,1049578,1049998,1050009,1050449,1050454,1051453,1051583,1051757
1474:1048859,1049847,1050118,1050250,1051396,1051474,1051692,1051725
1490:1048865,1048971,1049039,1049246,1049608,1049839,1050038,1050327,1050453,1050465,1050688,1050743,1050820,1051157,1051200,1051232,1051464,1051493,1051564,1051602,1051647
1506:1048871
1522:1048873,1050325,1051599
1538:1048877,1049887,1050252,1050887
1554:1048881
1570:1048893,1049180,1049884,1050031,1050078,1050640,1050793,1051554
1586:1048895
1602:1048896,1049212,1051383,1051472,1051778
1618:1048897,1049010,1049738,1049900,1049998,1050008,1050051,1050125,1050356,1050363,1050400,1050475,1050592,1050609,1050681,1050702,1050729,1050744,1050791,1050838,1050890,1050898,1051008,1051109,1051173,1051497,1051554,1051598,1051599,1051610,1051621,1051673,1051692,1051756,1051776
1634:1048897
1650:1048904,1049621,1049647,1050142,1050196,1050259,1050278,1050340,1050359,1050452,1050575,1050594,1050722,1050729,1050773,1050791,1050880,1050970,1050996,1051025,1051028,1051092,1051309,1051466,1051489,1051490,1051511,1051538,1051565,1051596,1051682,1051762
1666:1048911,1049578,1050463,1050511,1051275,1051276,1051590,1051685,1051707,1051750
1682:1048925,1049070,1049120,1050018,1050089,1050094,1050147,1050219,1050350,1050550,1050595,1051074,1051720
1698:1048937,1049056,1049589,1049618,1050491,1050883,1051118,1051518
1714:1048948
1730:1048957,1050229,1051351
1746:1048964
1762:1048971,1049735,1050443,1050917,1051118,1051425,1051440,1051445,1051493,1051513,1051520,1051596,1051643
1778:1048973,1050981
1794:1048984,1049228,1049972
1810:1048989,1049637,1050204,1050268,1050405,1050752,1051110,1051255,1051302,1051312,1051628,1051632
1826:1048992,1049245,1049440,1049806,1049956,1050118,1050176,1050422,1050549,1050720,1050770,1050776,1051060,1051117,1051267,1051325,1051401,1051431,1051499,1051552,1051560,1051735
1842:1048996
1858:1049005
1874:1049010,1049578,1051071
1890:1049015,1049212,1049737,1049772,1049789,1049954,1049962,1050009,1050029,1050195,1050267,1050318,1050363,1050381,1050384,1050443,1050669,1050740,1050891,1051094,1051117,1051200,1051317,1051328,1051457,1051471,1051512,1051516,1051596,1051653,1051695,1051717,1051760
1906:1049016,1049070,1049627,1049759,1049797,1049827,1049908,1050043,1050217,1050437,1051121,1051204,1051276,1051434,1051468,1051480,1051576,1051612,1051651,1051680,1051710,1051711,1051714
1922:1049022,1049342,1049343,1049381,1050617,1050797,1051445,1051498,1051520,1051762
1938:1049033
1954:1049037,1049219,1049718,1049730,1049746,1050343,1050671,1050739,1050771,1050803,1051046,1051131,1051225,1051280,1051739
1970:1049040,1049042,1049146,1049183,1049187,1050908,1050966
1986:1049053,1049294,1049809,1050109,1050362,1050687,1051013,1051240,1051437,1051478,1051489,1051528,1051642,1051655,1051681,1051687
2002:1049057,1049271,1049359,1049745,1049777,1049824,1050084,1050537,1050545,1050771
2018:1049062,1051114
2034:1049067,1049812,1049828,1050198,1050285,1050301,1050725,1050965,1051172,1051301,1051362,1051470,1051521
2050:1049072,1049805,1050483,1050656,1050804,1050848,1051061,1051111,1051168,1051201,1051309,1051342,1051432,1051486,1051491,1051496,1051649,1051712,1051717
2066:1049097,1049153,1049267
2082:1049106
2098:1049106
2114:1049108,1049985,1050949,1051465,1051591
2130:1049108,1050355,1051185
2146:1049112,1049691,1049745,1049810,1050072,1050510,1050549,1050550,1050776,1050861,1051223
2162:1049131
2178:1049137,1049216,1049259,1049350,1049745,1051635
2194:1049150,1050205
2210:1049160,1049756,1050060,1050203,1050323,1050346,1050702,1050902,1051060,1051117,1051481,1051600,1051603
2226:1049164,1049165,1049166,1049283,1049285,1049551,1049553,1051183
2242:1049170,1049585,1049801,1049882,1050029,1050045,1050166,1050274,1050300,1050322,1050419,1050794,1051054,1051089,1051197,1051352,1051534,1051596,1051695
2258:1049176
2274:1049189,1049216,1049259,1049339,1049350,1049453
2290:1049191,1050849
2306:1049191
2322:1049194,1049547,1050637
2338:1049195
2354:1049205,1049847,1049992,1050040,1050313,1050503,1050628,1050974,1051665,1051765
2370:1049212
2386:1049219,1049582,1050281,1050688,1050916,1051472,1051639,1051718
2402:1049230,1050078,1050317,1050384,1050514,1051616,1051624,1051672
2418:1049237,1049396,1049650
2434:1049245,1049429,1049600,1049941,1049971,1050221,1050346,1050433,1050595,1050740,1050741,1050849,1051298,1051435,1051493,1051574,1051585,1051647,1051667,1051725
2450:1049245,1049940,1049965,1049969,1049998,1050029,1050187,1050211,1050286,1050301,1050313,1050721,1050828,1050953,1051169,1051261,1051471,1051738,1051751,1051777,1051778
2466:1049245,1050452
2482:1049247
2498:1049250,1049659,1049901,1050626,1050743,1051426,1051681
2514:1049252,1049436,1050218,1050453,1051254,1051616,1051732
2530:1049256,1051394
2546:1049264
2562:1049270,1049365
2578:1049271
2594:1049272,1051747
2610:1049277,1049278,1049418
2626:1049290
2642:1049296
2658:1049299,1049990,1050898
2674:1049302,1049744,1051062
2690:1049305,1051750
2706:1049310,1049383,1049456,1049666
2722:1049322,1049776,1050134
2738:1049331
2754:1049340,1049459
2770:1049347
2786:1049363,1050191,1050365
2802:1049371
2818:1049375
2834:1049388,1049389,1049450
2850:1049398
2866:1049401,1051571
2882:1049410,1049542,1050156,1050605,1050860,1051147,1051532
2898:1049422
2914:1049428,1049990,1050063,1050625
2930:1049431
2946:1049440
2962:1049454,1049455,1049456,1049918,1050518
2978:1049468
2994:1049500
3010:1049516,1049621
3026:1049524
3042:1049526,1049921,1050669
3058:1049537,1049556,1049590,1049772,1049921,1049937,1050168,1050275,1050357,1050400,1050404,1050483,1050505,1050550,1050751,1050770,1050838,1050872,1050875,1050876,1050928,1051028,1051309,1051394,1051413,1051597,1051609,1051654,1051671,1051706
3074:1049541
3090:1049546,1050436,1051093
3106:1049548,1049884,1050062,1050079,1050127,1050170,1050228,1050381,1050422,1050655,1050723,1050764,1050778,1050833,1050977,1051155,1051249,1051326,1051648,1051713
3122:1049554,1049586,1049843
3138:1049559,1049560,1049826
3154:1049571,1049616,1049749,1049776,1049804,1049895,1050088,1050131,1050133,1050134,1050308,1050352,1050388,1050395,1050396,1050425,1050493,1050612,1050613,1050614,1050619,1050620,1050992,1051041
3170:1049576,1051397
3186:1049578,1050118,1050239
3202:1049580,1050786
3218:1049585,1049966,1050249,1050453,1050725,1050877,1051220,1051526,1051649,1051669
3234:1049589,1049867,1049964,1050039,1050045,1050093,1050219,1050310,1050778,1051451
3250:1049596,1051378,1051588,1051622,1051739
3266:1049605,1050461
3282:1049609
3298:1049615,1049816,1049873,1049918,1049931,1049994,1050021,1050022,1050023,1050097,1050148,1050175,1050236,1050306,1050432,1050458,1050470,1050557,1050583,1050584,1050615,1050646,1050647,1050649,1050706,1050816,1050817,1050818,1050922,1050925,1050968,1050990,1051040,1051125
3314:1049621,1050339,1051453,1051499
3330:1049624
3346:1049631
3362:1049641,1049659,1049865,1049968,1050043,1050194,1050207,1050505,1050773,1051010,1051066,1051231,1051713
3378:1049650
3394:1049663,1050164
3410:1049673,1050045,1050060
3426:1049674
3442:1049683
3458:1049687,1049781
3474:1049688,1051046
3490:1049691,1051495,1051714
3506:1049705
3522:1049710,1050211,1050288,1050611,1050776,1050929,1050930,1051009,1051075,1051117,1051200,1051206,1051562,1051599
3538:1049720,1051202,1051628
3554:1049721,1050110,1050179,1051376
3570:1049729,1050701,1051462,1051513,1051560,1051578,1051667
3586:1049734,1049854,1050001,1050081,1050102,1050108,1050201,1050233,1050302,1050320,1050326,1050345,1050430,1050761,1050786,1050808,1050842,1050882,1050891,1050930,1051030,1051054,1051117,1051121,1051167,1051225,1051258,1051294,1051309,1051354,1051435,1051439,1051512,1051513,1051518,1051568,1051573,1051598,1051652,1051654,1051696,1051718,1051720,1051779
3602:1049736,1050118,1050531,1051649
3618:1049740,1049835,1050282,1050451
3634:1049744,1049763,1050319,1050669,1051459
3650:1049745,1049985,1050955,1051351,1051526
3666:1049750,1051254,1051762
3682:1049754
3698:1049757,1050128
3714:1049762
3730:1049769,1050864
3746:1049772,1050287,1051117,1051167,1051193,1051664,1051717
3762:1049781,1050091
3778:1049787
3794:1049799,1051194,1051494
3810:1049806
3826:1049810,1049987,1050422,1050537,1050553,1050572,1050657,1050773,1050838,1050848,1050965,1051065,1051072,1051577,1051607,1051668
3842:1049813,1049883,1049884,1051057,1051227,1051472
3858:1049824,1050017,1050084,1050545,1050546
3874:1049832
3890:1049839
3906:1049841,1050191,1050256,1050285,1050329,1050452,1050741,1050843,1051045,1051426,1051646
3922:1049847,1051571
3938:1049857
3954:1049865,1050887,1050899,1051666
3970:1049872
3986:1049882,1050776
4002:1049886
4018:1049890,1050899,1051435
4034:1049900
4050:1049912,1049913,1049914,1049915,1049916,1049917,1049918,1049919,1049920,1049921,1049922,1049923,1049924,1049925,1049926,1049927,1049928,1049929,1049930,1049931,1049932,1049933,1049934,1049935,1049936,1049937,1049938,1049939,1049940,1049941,1049942,1049943,1049944,1049945,1049946,1049947,1049948,1049949,1049950,1049951,1049952,1049953,1049954,1049955,1049956,1049957,1049958,1049959,1049960,1049961,1049962,1049963,1049964,1049965,1049966,1049967,1049968,1049969,1049970,1049971,1049972,1049973,1049974,1049975,1049976,1049977,1049978,1049979,1049980,1049981,1049982,1049983,1049984,1049985,1049986,1049987,1049988,1049989,1049990,1049991,1049992,1049993,1049994,1049995,1049996,1049997,1049998,1049999,1050000,1050001,1050002,1050003,1050004,1050005,1050006,1050007,1050008,1050009,1050010,1050011,1050012,1050013,1050014,1050015,1050016,1050017,1050018,1050019,1050020,1050021,1050022,1050023,1050024,1050025,1050026,1050027,1050028,1050029,1050030,1050031,1050032,1050033,1050034,1050035,1050036,1050037,1050038,1050039,1050040,1050041,1050042,1050043,1050044,1050045,1050046,1050047,1050048,1050049,1050050,1050051,1050052,1050053,1050054,1050055,1050056,1050057,1050058,1050059,1050060,1050061,1050062,1050063,1050064,1050065,1050066,1050067,1050068,1050069,1050070,1050071,1050164,1050240,1050345,1050475,1050722,1050729,1051599,1051635,1051762,1051763,1051772,1051773,1051774,1051775,1051776,1051777,1051778,1051779
4066:1049920,1050191
4082:1049924
4098:1049929,1049983,1050482,1050705,1050893,1050929,1051286,1051316,1051746
4114:1049938
4130:1049941
4146:1049946,1049948,1050364
4162:1049956,1049957
4178:1049960
4194:1049962,1050164,1050621,1050837,1050882,1051058,1051296,1051552,1051560,1051692
4210:1049968,1050044,1050109,1050763,1050894,1050896,1050952,1051057,1051116,1051204,1051623
4226:1049972
4242:1049978,1050789,1051358,1051359,1051433,1051480,1051716
4258:1049984
4274:1049985,1051242,1051309
4290:1049990,1049992,1050228,1051022,1051207,1051444,1051643
4306:1049994,1050021
4322:1050000,1050385,1050801,1051355,1051715
4338:1050003
4354:1050008
4370:1050011,1050172,1050456,1051632
4386:1050018
4402:1050028,1050621,1051285,1051290,1051481
4418:1050034,1050723,1051147,1051513,1051526,1051666
4434:1050040
4450:1050045,1050396,1050504,1050614,1050803,1051255
4466:1050050
4482:1050057
4498:1050064,1050077,1050198,1051259,1051778
4514:1050078
4530:1050081,1050301,1050974,1050996,1051264,1051522
4546:1050089
4562:1050092,1050531,1050751,1050950,1051291,1051466
4578:1050095
4594:1050103,1050282,1050481,1050977,1051143,1051170,1051272,1051375,1051403,1051412,1051441,1051453,1051500,1051502,1051771
4610:1050109
4626:1050118,1050239
4642:1050124,1050127,1050401,1050428,1050444,1050453,1050547,1050712,1050837,1051298,1051407,1051408,1051413,1051429,1051471,1051519,1051614,1051649,1051687
4658:1050129,1050672
4674:1050139,1050399
4690:1050144
4706:1050162
4722:1050165
4738:1050167,1050259,1050313
4754:1050176
4770:1050183,1051181
4786:1050190,1051747
4802:1050197
4818:1050204
4834:1050209,1050219,1051199,1051735
4850:1050214
4866:1050222
4882:1050227
4898:1050236,1050337,1050373,1050472,1050473,1050911
4914:1050241,1050372,1050584,1050631,1050801,1050909,1051164
4930:1050249,1051058,1051197,1051596
4946:1050255
4962:1050261
4978:1050266
4994:1050271
5010:1050275
5026:1050280,1050290
5042:1050280
5058:1050286
5074:1050292
5090:1050298
5106:1050301
5122:1050309,1050455
5138:1050315
5154:1050319,1051317,1051516,1051770
5170:1050337
5186:1050340,1051468,1051596,1051651,1051757,1051758
5202:1050344,1051651
5218:1050350
5234:1050362,1051554
5250:1050378,1050381
5266:1050385,1050459,1050476
5282:1050396,1050614
5298:1050402
5314:1050410
5330:1050420
5346:1050427,1050609,1051241
5362:1050434,1050463
5378:1050441,1050530,1050811
5394:1050449
5410:1050459,1050597,1050660,1051466,1051490,1051581
5426:1050465
5442:1050475,1050729
5458:1050484
5474:1050490
5490:1050501
5506:1050511
5522:1050522,1050668,1050878,1051109,1051200,1051272,1051280,1051422,1051468,1051715
5538:1050528,1050693,1050797
5554:1050538,1050789,1051119
5570:1050549
5586:1050556,1051085
5602:1050567,1051193,1051260,1051302,1051487,1051614,1051657,1051745
5618:1050575
5634:1050579
5650:1050592
5666:1050597,1050652,1051141
5682:1050610
5698:1050621
5714:1050628,1051028,1051609
5730:1050635,1051512
5746:1050640
5762:1050651
5778:1050664,1050901,1051417,1051506
5794:1050669
5810:1050676,1051129
5826:1050681
5842:1050697,1051598
5858:1050711
5874:1050719,1051774
5890:1050722
5906:1050727
5922:1050737,1051052,1051580
5938:1050744
5954:1050753
5970:1050760
5986:1050769
6002:1050773
6018:1050777
6034:1050788,1050809
6050:1050795,1051573
6066:1050808,1051046,1051596,1051613
6082:1050808
6098:1050808
6114:1050811
6130:1050818
6146:1050827
6162:1050840,1051259,1051284,1051396,1051535
6178:1050850
6194:1050862
6210:1050873
6226:1050876
6242:1050878
6258:1050883,1051755
6274:1050892,1051274,1051275,1051276,1051277,1051278,1051279,1051280,1051281,1051282,1051283,1051284,1051285,1051286,1051287,1051288,1051289,1051290,1051291,1051292,1051293,1051294,1051295,1051296,1051297,1051298,1051299,1051300,1051301,1051302,1051303,1051304,1051305,1051306,1051307,1051308,1051309,1051310,1051311,1051312,1051313,1051314,1051315,1051316,1051317,1051318,1051319,1051320,1051321,1051322,1051323,1051324,1051325,1051326,1051327,1051328,1051329,1051330,1051331,1051332,1051333,1051334,1051335,1051336,1051337,1051338,1051339,1051340,1051341,1051342,1051343,1051344,1051345,1051346,1051347,1051348,1051349,1051350,1051351,1051352,1051353,1051354,1051355,1051356,1051357,1051358,1051359,1051360,1051361,1051362,1051363,1051364,1051365,1051366,1051367,1051368,1051369,1051370,1051371,1051372,1051373,1051374,1051375,1051376,1051377,1051378,1051379,1051380,1051381,1051382,1051383,1051384,1051385,1051398,1051537,1051597
6290:1050899
6306:1050911
6322:1050918
6338:1050925,1050929,1050930,1051222,1051357
6354:1050936,1050946
6370:1050946,1051702
6386:1050955,1051152,1051475,1051672
6402:1050970
6418:1050976
6434:1050981
6450:1050994
6466:1051001
6482:1051007
6498:1051013,1051694
6514:1051022
6530:1051030,1051351,1051542
6546:1051039
6562:1051045
6578:1051054,1051427
6594:1051058
6610:1051063
6626:1051071,1051203
6642:1051076
6658:1051089
6674:1051098
6690:1051109
6706:1051116
6722:1051123
6738:1051136,1051137,1051138,1051139,1051140,1051141,1051142,1051143,1051144,1051145,1051146,1051147,1051148,1051149,1051150,1051151,1051152,1051153,1051154,1051155,1051156,1051157,1051158,1051159,1051160,1051161,1051162,1051163,1051164,1051165,1051166,1051167,1051168,1051169,1051170,1051171,1051172,1051173,1051174,1051175,1051176,1051177,1051178,1051179,1051180,1051181,1051182,1051183,1051184,1051185,1051186,1051187,1051188,1051189,1051190,1051191,1051192,1051193,1051194,1051195,1051196,1051197,1051198,1051199,1051200,1051201,1051202,1051203,1051204,1051205,1051206,1051207,1051208,1051209,1051210,1051211,1051212,1051213,1051214,1051215,1051216,1051217,1051218,1051219,1051220,1051221,1051222,1051223,1051224,1051225,1051226,1051227,1051228,1051229,1051230,1051231,1051232,1051233,1051234,1051235,1051236,1051237,1051238,1051239,1051240,1051241,1051242,1051243,1051244,1051245,1051246,1051247,1051248,1051249,1051250,1051252,1051253,1051254,1051255,1051256,1051257,1051258,1051259,1051260,1051261,1051262,1051263,1051264,1051265,1051266,1051267,1051268,1051269,1051270,1051271,1051272,1051273,1051389,1051396,1051404,1051537
6754:1051146
6770:1051159,1051310
6786:1051167
6802:1051174,1051372
6818:1051181
6834:1051191
6850:1051197
6866:1051204
6882:1051209
6898:1051223
6914:1051237
6930:1051248
6946:1051256
6962:1051269
6978:1051276,1051386,1051387,1051388,1051389,1051390,1051391,1051392,1051393,1051394,1051395,1051396,1051397,1051398,1051399,1051400,1051401,1051402,1051403,1051404,1051405,1051406,1051407,1051408,1051409,1051410,1051411,1051412,1051413,1051414,1051415,1051416,1051417,1051418,1051419,1051420,1051421,1051422,1051423,1051424,1051425,1051426,1051427,1051428,1051429,1051430,1051431,1051432,1051433,1051434,1051435,1051436,1051437,1051438,1051439,1051440,1051441,1051442,1051443,1051444,1051445,1051446,1051447,1051448,1051449,1051450,1051451,1051452,1051453,1051454,1051455,1051456,1051457,1051458,1051459,1051460,1051461,1051462,1051463,1051464,1051465,1051466,1051467,1051510,1051537
6994:1051284
7010:1051289
7026:1051293
7042:1051296
7058:1051303
7074:1051313
7090:1051318
7106:1051327
7122:1051339
7138:1051352
7154:1051361
7170:1051369
7186:1051382
7202:1051387
7218:1051396
7234:1051402
7250:1051412
7266:1051422
7282:1051431
7298:1051443
7314:1051455
7330:1051465
7346:1051469
7362:1051476
7378:1051482,1051596,1051752
7394:1051491
7410:1051497
7426:1051500
7442:1051506
7458:1051517
7474:1051528
7490:1051542
7506:1051552
7522:1051563
7538:1051571,1051627
7554:1051576
7570:1051586,1051660
7586:1051590,1051713
7602:1051596
7618:1051600,1051601,1051663
7634:1051607,1051610
7650:1051616
7666:1051623
7682:1051633
7698:1051646
7714:1051652
7730:1051659
7746:1051664
7762:1051671,1051738
7778:1051677
7794:1051687
7810:1051695
7826:1051703
7842:1051709
7858:1051717
7874:1051727
7890:1051735
7906:1051740
7922:1051750
7938:1051757
7954:1051765
7970:1051771
7986:1051779
