15:1048577,1048580,1048610,1048617,1048686,1048769,1048795,1048879,1048909,1048923,1048955,1049078,1049215,1049363,1049423,1049537,1049606,1049622,1049995,1050015,1050025,1050070,1050095,1050099,1050142,1050176,1050190,1050193,1050208,1050242,1050338,1050365,1050378,1050381,1050457,1050468,1050507,1050508,1050531,1050574,1050576,1050788,1050809,1050866,1051015,1051033,1051119,1051297,1051374,1051375,1051633
31:1048578,1048581,1048583,1048584,1048606,1048607,1048611,1048612,1048616,1048622,1048623,1048627,1048642,1048645,1048650,1048662,1048677,1048682,1048683,1048717,1048728,1048736,1048740,1048754,1048755,1048756,1048757,1048759,1048766,1048777,1048778,1048780,1048783,1048786,1048807,1048818,1048826,1048830,1048837,1048840,1048841,1048842,1048853,1048859,1048868,1048889,1048891,1048893,1048898,1048902,1048909,1048910,1048912,1048932,1048936,1048937,1048940,1048943,1048959,1048960,1048962,1048967,1048972,1048982,1048983,1049001,1049003,1049004,1049015,1049017,1049022,1049026,1049027,1049028,1049029,1049033,1049036,1049037,1049039,1049042,1049045,1049050,1049051,1049052,1049060,1049073,1049074,1049075,1049078,1049080,1049092,1049093,1049094,1049099,1049106,1049110,1049111,1049112,1049121,1049122,1049128,1049146,1049155,1049176,1049193,1049195,1049201,1049226,1049236,1049242,1049246,1049254,1049263,1049274,1049279,1049280,1049283,1049285,1049286,1049292,1049293,1049295,1049300,1049302,1049318,1049322,1049329,1049334,1049338,1049342,1049343,1049344,1049345,1049346,1049361,1049362,1049371,1049374,1049375,1049376,1049395,1049400,1049401,1049404,1049409,1049414,1049422,1049426,1049427,1049430,1049435,1049440,1049443,1049447,1049462,1049463,1049468,1049474,1049484,1049486,1049487,1049488,1049504,1049517,1049518,1049520,1049522,1049523,1049533,1049535,1049539,1049551,1049555,1049565,1049572,1049584,1049593,1049595,1049596,1049599,1049600,1049601,1049605,1049613,1049617,1049622,1049627,1049630,1049631,1049637,1049642,1049646,1049647,1049648,1049654,1049658,1049669,1049670,1049674,1049696,1049699,1049714,1049728,1049732,1049734,1049735,1049736,1049737,1049738,1049747,1049753,1049761,1049764,1049765,1049769,1049777,1049778,1049784,1049785,1049789,1049790,1049804,1049806,1049811,1049813,1049828,1049829,1049830,1049832,1049835,1049836,1049839,1049840,1049848,1049854,1049858,1049868,1049872,1049873,1049875,1049880,1049904,1049909,1049923,1049925,1049933,1049943,1049946,1049947,1049948,1049953,1049973,1049978,1049982,1049986,1049992,1049993,1049998,1050001,1050002,1050003,1050008,1050019,1050057,1050069,1050073,1050080,1050087,1050094,1050098,1050103,1050111,1050122,1050124,1050129,1050137,1050139,1050140,1050150,1050164,1050170,1050171,1050180,1050181,1050186,1050190,1050197,1050199,1050219,1050221,1050223,1050232,1050237,1050240,1050256,1050261,1050271,1050274,1050289,1050300,1050321,1050336,1050363,1050364,1050393,1050395,1050399,1050417,1050425,1050426,1050427,1050431,1050432,1050433,1050436,1050443,1050450,1050461,1050464,1050465,1050483,1050486,1050493,1050501,1050504,1050512,1050537,1050544,1050572,1050574,1050578,1050609,1050610,1050613,1050620,1050633,1050648,1050653,1050661,1050665,1050667,1050671,1050673,1050680,1050714,1050719,1050723,1050727,1050750,1050752,1050756,1050757,1050766,1050774,1050775,1050777,1050778,1050786,1050788,1050800,1050806,1050809,1050811,1050831,1050838,1050841,1050842,1050856,1050862,1050883,1050902,1050921,1050925,1050929,1050930,1050938,1050943,1050945,1050952,1050960,1050962,1050964,1050974,1050977,1050980,1050995,1050998,1051005,1051007,1051018,1051021,1051023,1051037,1051041,1051043,1051046,1051048,1051080,1051088,1051090,1051099,1051110,1051111,1051116,1051117,1051121,1051126,1051129,1051139,1051142,1051145,1051155,1051167,1051178,1051181,1051204,1051206,1051210,1051212,1051222,1051223,1051227,1051235,1051237,1051241,1051243,1051272,1051276,1051278,1051282,1051284,1051287,1051289,1051290,1051291,1051296,1051321,1051325,1051333,1051355,1051360,1051365,1051370,1051378,1051379,1051384,1051386,1051395,1051401,1051404,1051409,1051411,1051415,1051421,1051424,1051426,1051427,1051453,1051459,1051469,1051476,1051481,1051483,1051492,1051496,1051500,1051501,1051507,1051515,1051516,1051519,1051522,1051525,1051528,1051529,1051532,1051534,1051540,1051541,1051542,1051563,1051571,1051574,1051577,1051581,1051582,1051592,1051595,1051596,1051599,1051601,1051605,1051607,1051609,1051613,1051614,1051627,1051634,1051644,1051661,1051668,1051669,1051671,1051674,1051677,1051679,1051683,1051694,1051699,1051701,1051702,1051710,1051719,1051747,1051765
47:1048581,1049037,1050422,1051421,1051491,1051497,1051622,1051641
63:1048586,1048589,1048610,1048621,1048646,1048653,1048654,1048666,1048671,1048698,1048760,1048785,1048799,1048816,1048847,1048859,1048895,1048904,1048955,1048972,1048981,1048989,1049016,1049037,1049112,1049160,1049168,1049191,1049193,1049212,1049253,1049294,1049306,1049371,1049374,1049423,1049467,1049546,1049547,1049585,1049587,1049589,1049591,1049608,1049673,1049674,1049709,1049710,1049723,1049729,1049734,1049736,1049737,1049741,1049742,1049743,1049758,1049798,1049830,1049833,1049839,1049840,1049853,1049867,1049883,1049885,1049899,1049919,1049960,1049964,1049984,1049990,1050000,1050028,1050038,1050042,1050061,1050062,1050079,1050098,1050117,1050124,1050128,1050162,1050178,1050194,1050196,1050216,1050233,1050240,1050251,1050256,1050257,1050274,1050283,1050301,1050322,1050327,1050328,1050332,1050342,1050344,1050349,1050363,1050419,1050427,1050429,1050443,1050449,1050459,1050537,1050574,1050592,1050609,1050610,1050621,1050629,1050640,1050654,1050681,1050686,1050692,1050713,1050744,1050752,1050771,1050777,1050808,1050821,1050828,1050839,1050842,1050872,1050873,1050874,1050917,1050954,1050955,1050962,1051066,1051074,1051102,1051116,1051132,1051199,1051236,1051258,1051272,1051301,1051313,1051321,1051323,1051340,1051455,1051491,1051494,1051496,1051499,1051506,1051543,1051554,1051575,1051580,1051598,1051669,1051685,1051692,1051702,1051719,1051723,1051725,1051771,1051776
79:1048587,1048623,1048799,1048992,1049191,1049273,1049306,1049399,1049432,1049587,1049720,1049730,1049739,1049741,1049755,1049806,1049809,1049818,1049857,1049933,1050007,1050035,1050039,1050045,1050066,1050081,1050090,1050105,1050178,1050188,1050200,1050202,1050216,1050227,1050251,1050280,1050281,1050285,1050363,1050402,1050404,1050411,1050444,1050507,1050635,1050640,1050653,1050656,1050657,1050681,1050727,1050754,1050820,1050827,1050838,1050840,1050862,1050916,1050952,1050973,1050998,1051008,1051045,1051058,1051071,1051072,1051102,1051130,1051144,1051168,1051171,1051184,1051207,1051220,1051259,1051263,1051285,1051291,1051307,1051324,1051339,1051421,1051425,1051426,1051438,1051451,1051478,1051494,1051496,1051504,1051532,1051536,1051546,1051580,1051618,1051644,1051656,1051662,1051669,1051670,1051672,1051676,1051703,1051721,1051725,1051776
95:1048591
111:1048595,1048615,1048634,1048643,1048653,1048659,1048661,1048678,1048679,1048716,1048749,1048760,1048773,1048783,1048799,1048815,1048818,1048827,1048853,1048908,1048967,1048969,1048972,1048984,1048987,1048989,1049010,1049068,1049069,1049102,1049103,1049106,1049108,1049172,1049180,1049191,1049192,1049193,1049205,1049212,1049232,1049245,1049250,1049265,1049271,1049296,1049306,1049323,1049334,1049400,1049424,1049425,1049430,1049436,1049440,1049469,1049517,1049519,1049525,1049547,1049550,1049556,1049561,1049562,1049578,1049587,1049588,1049604,1049622,1049626,1049641,1049660,1049663,1049673,1049683,1049686,1049710,1049720,1049723,1049733,1049734,1049736,1049739,1049744,1049747,1049754,1049755,1049761,1049770,1049771,1049773,1049774,1049781,1049791,1049800,1049801,1049808,1049811,1049826,1049827,1049830,1049832,1049837,1049839,1049847,1049856,1049863,1049882,1049883,1049884,1049900,1049901,1049921,1049925,1049934,1049955,1049960,1049968,1049973,1049985,1049987,1049999,1050014,1050029,1050030,1050031,1050032,1050033,1050040,1050043,1050045,1050046,1050050,1050057,1050060,1050064,1050073,1050080,1050093,1050094,1050098,1050099,1050116,1050117,1050118,1050119,1050124,1050125,1050140,1050145,1050146,1050162,1050163,1050166,1050176,1050178,1050179,1050180,1050189,1050201,1050212,1050216,1050222,1050227,1050231,1050240,1050255,1050261,1050270,1050273,1050281,1050286,1050294,1050301,1050316,1050320,1050321,1050322,1050323,1050324,1050326,1050327,1050328,1050344,1050345,1050368,1050382,1050383,1050401,1050402,1050403,1050404,1050419,1050421,1050422,1050428,1050429,1050430,1050431,1050467,1050483,1050500,1050501,1050503,1050504,1050526,1050532,1050534,1050535,1050537,1050578,1050611,1050625,1050626,1050629,1050635,1050655,1050667,1050680,1050688,1050702,1050722,1050725,1050727,1050735,1050737,1050743,1050753,1050763,1050770,1050779,1050794,1050802,1050803,1050808,1050827,1050829,1050837,1050848,1050864,1050882,1050883,1050884,1050888,1050889,1050895,1050902,1050917,1050919,1050928,1050945,1050946,1050949,1050951,1050953,1050971,1050976,1050996,1051013,1051026,1051027,1051028,1051055,1051056,1051059,1051060,1051094,1051097,1051098,1051109,1051110,1051111,1051131,1051145,1051156,1051203,1051204,1051239,1051256,1051262,1051267,1051292,1051298,1051302,1051315,1051321,1051328,1051329,1051362,1051374,1051387,1051404,1051413,1051423,1051426,1051433,1051449,1051451,1051453,1051463,1051468,1051470,1051477,1051481,1051486,1051487,1051492,1051495,1051497,1051499,1051503,1051506,1051514,1051522,1051525,1051526,1051542,1051546,1051552,1051554,1051555,1051562,1051574,1051595,1051599,1051605,1051606,1051614,1051618,1051620,1051631,1051634,1051641,1051647,1051648,1051653,1051656,1051662,1051663,1051664,1051666,1051670,1051678,1051679,1051681,1051687,1051695,1051702,1051703,1051704,1051706,1051712,1051713,1051715,1051716,1051717,1051720,1051726,1051728,1051739,1051740,1051759,1051767,1051772
127:1048596,1048620,1048631,1048679,1048786,1048895,1049180,1049271,1049301,1049303,1049403,1049578,1049623,1049855,1049905,1050000,1050465,1050522,1050688,1051013,1051274,1051276,1051445,1051452,1051498,1051519,1051520,1051644,1051647
143:1048599,1048724,1048842,1048908,1049010,1049112,1049160,1049212,1049254,1049303,1049647,1049697,1049709,1049748,1049787,1049810,1049847,1049883,1049929,1049941,1049983,1049990,1049996,1050001,1050004,1050100,1050200,1050218,1050221,1050232,1050250,1050255,1050288,1050297,1050313,1050317,1050357,1050361,1050381,1050503,1050511,1050522,1050533,1050542,1050575,1050608,1050668,1050671,1050672,1050721,1050722,1050751,1050756,1050761,1050792,1050804,1050822,1050864,1050883,1050889,1050919,1050934,1050940,1051110,1051131,1051146,1051157,1051173,1051232,1051249,1051256,1051263,1051270,1051276,1051278,1051301,1051317,1051321,1051325,1051354,1051385,1051399,1051403,1051407,1051410,1051412,1051421,1051438,1051458,1051462,1051472,1051478,1051511,1051519,1051541,1051566,1051586,1051610,1051622,1051628,1051629,1051630,1051634,1051647,1051709,1051716,1051729,1051737,1051738,1051742,1051750,1051756
159:1048602,1049138,1049220,1049221,1049351,1050329,1050454
175:1048606,1048671,1049219
191:1048609
207:1048614,1048664,1048750,1048760,1049070,1049111,1049160,1049161,1049371,1049440,1049605,1049759,1049772,1049813,1049940,1049981,1050025,1050087,1050094,1050184,1050225,1050280,1050288,1050319,1050380,1050386,1050403,1050421,1050430,1050503,1050636,1050650,1050725,1050746,1050777,1050792,1050841,1050919,1050944,1051014,1051226,1051434,1051446,1051564,1051589,1051601,1051639,1051650,1051731
223:1048615,1048667,1048696,1048859,1048911,1049032,1049039,1049069,1049106,1049108,1049271,1049294,1049442,1049547,1049647,1049685,1049687,1049721,1049849,1049882,1049883,1049909,1049926,1049957,1049972,1050016,1050038,1050100,1050125,1050179,1050233,1050266,1050275,1050318,1050323,1050324,1050344,1050404,1050437,1050450,1050454,1050482,1050549,1050579,1050609,1050702,1050703,1050751,1050772,1050778,1050808,1050823,1050829,1050840,1050872,1050888,1050902,1050949,1050950,1050977,1050990,1050996,1051010,1051060,1051111,1051134,1051157,1051195,1051196,1051203,1051204,1051208,1051226,1051249,1051277,1051314,1051361,1051376,1051395,1051411,1051418,1051425,1051438,1051451,1051461,1051462,1051467,1051468,1051474,1051500,1051504,1051515,1051531,1051586,1051590,1051597,1051600,1051603,1051647,1051652,1051656,1051671,1051682,1051686,1051690,1051692,1051702,1051706,1051711,1051732,1051738,1051771,1051774
239:1048615,1048671,1048797,1048895,1048955,1048978,1048992,1049015,1049037,1049102,1049160,1049190,1049250,1049273,1049302,1049371,1049399,1049578,1049626,1049637,1049730,1049748,1049773,1049810,1049833,1049941,1049954,1050000,1050008,1050028,1050030,1050045,1050060,1050064,1050111,1050177,1050184,1050198,1050205,1050212,1050229,1050278,1050302,1050346,1050360,1050363,1050452,1050490,1050505,1050509,1050577,1050590,1050657,1050688,1050735,1050763,1050771,1050802,1050820,1050821,1050879,1050894,1050902,1050916,1051093,1051094,1051101,1051110,1051179,1051196,1051239,1051245,1051279,1051293,1051308,1051309,1051369,1051403,1051407,1051408,1051456,1051463,1051473,1051480,1051506,1051513,1051522,1051565,1051590,1051622,1051651,1051652,1051658,1051665,1051689,1051696,1051728,1051732,1051752
255:1048615,1049193,1049547,1049608,1049883,1049984,1049990,1050042,1050062,1050098,1050255,1050256,1050274,1050301,1050344,1050427,1050537,1050609,1050611,1050640,1050756,1050771,1050808,1050932,1051147,1051499,1051599,1051717
271:1048615,1048621,1048646,1048653,1048681,1048719,1048816,1049016,1049067,1049294,1049299,1049371,1049424,1049436,1049466,1049627,1049659,1049728,1049729,1049734,1049740,1049754,1049797,1049847,1049848,1049908,1049921,1049929,1049960,1049969,1049973,1050028,1050029,1050044,1050050,1050063,1050072,1050079,1050081,1050115,1050125,1050166,1050190,1050194,1050195,1050198,1050200,1050216,1050217,1050224,1050225,1050226,1050239,1050249,1050285,1050292,1050297,1050316,1050317,1050319,1050361,1050363,1050401,1050403,1050420,1050427,1050428,1050437,1050449,1050454,1050483,1050499,1050503,1050505,1050508,1050532,1050535,1050549,1050550,1050553,1050605,1050609,1050621,1050668,1050670,1050705,1050720,1050721,1050761,1050769,1050773,1050775,1050777,1050792,1050794,1050795,1050824,1050828,1050838,1050848,1050876,1050889,1050891,1050899,1050931,1050947,1050963,1050975,1050996,1051008,1051028,1051045,1051057,1051071,1051088,1051109,1051118,1051142,1051144,1051154,1051159,1051171,1051184,1051206,1051240,1051245,1051254,1051259,1051263,1051272,1051284,1051293,1051308,1051309,1051324,1051382,1051385,1051392,1051402,1051408,1051422,1051430,1051437,1051459,1051468,1051476,1051487,1051491,1051496,1051502,1051518,1051522,1051541,1051545,1051561,1051580,1051585,1051588,1051589,1051590,1051593,1051595,1051607,1051612,1051621,1051624,1051627,1051634,1051640,1051646,1051650,1051651,1051653,1051660,1051665,1051667,1051670,1051671,1051673,1051681,1051687,1051692,1051703,1051706,1051707,1051709,1051714,1051716,1051727,1051728,1051738,1051741
287:1048617,1048769
303:1048621,1048743,1048760,1050621,1051291
319:1048621,1049070,1049135,1049160,1049168,1049191,1049585,1049710,1049734,1049773,1049801,1049836,1049968,1049985,1050001,1050044,1050094,1050110,1050124,1050140,1050143,1050176,1050212,1050240,1050251,1050269,1050300,1050316,1050323,1050324,1050325,1050363,1050386,1050526,1050577,1050627,1050668,1050670,1050725,1050728,1050773,1050808,1050821,1050916,1050933,1050947,1050948,1050953,1050973,1050999,1051044,1051134,1051202,1051221,1051321,1051323,1051377,1051451,1051456,1051460,1051464,1051506,1051511,1051543,1051577,1051606,1051608,1051631,1051641,1051689,1051723
335:1048622
351:1048623,1048907,1049016,1049294,1049371,1049374,1049424,1049440,1049538,1049547,1049585,1049600,1049604,1049608,1049692,1049710,1049736,1049775,1049781,1049809,1049813,1049884,1049923,1049940,1049956,1049964,1049983,1050039,1050045,1050060,1050216,1050246,1050270,1050284,1050319,1050321,1050342,1050385,1050428,1050429,1050467,1050513,1050608,1050611,1050635,1050651,1050669,1050709,1050713,1050715,1050723,1050727,1050735,1050744,1050769,1050775,1050777,1050782,1050827,1050895,1050933,1051030,1051075,1051089,1051097,1051109,1051167,1051169,1051219,1051226,1051267,1051377,1051401,1051404,1051420,1051426,1051431,1051437,1051445,1051487,1051514,1051606,1051646,1051650,1051658,1051676,1051680,1051689,1051731,1051768
367:1048623,1048856,1049902,1050001,1050008,1050431,1050443,1050504,1051142,1051284,1051506
383:1048623,1048645,1048664,1048669,1048882,1048958,1049082,1049351,1049363,1049663,1049744,1049751,1049766,1049772,1049961,1049978,1050008,1050013,1050018,1050079,1050085,1050099,1050138,1050218,1050365,1050367,1050378,1050421,1050422,1050453,1050461,1050517,1050536,1050605,1050606,1050656,1050717,1050739,1050749,1050752,1050763,1050793,1050802,1050808,1050838,1050849,1050912,1050971,1051019,1051025,1051099,1051143,1051205,1051225,1051261,1051301,1051312,1051320,1051325,1051358,1051363,1051394,1051395,1051402,1051465,1051468,1051475,1051491,1051500,1051502,1051506,1051519,1051538,1051608,1051610,1051612,1051615,1051632,1051641,1051660,1051675,1051707,1051714,1051716,1051720,1051722,1051731,1051732,1051774
399:1048624,1049274,1050007,1050056,1050129,1050446,1050504,1050747,1051036,1051569
415:1048627,1048662,1048663,1048697,1048841,1049688
431:1048633,1051015
447:1048633,1048653,1048678,1048681,1048698,1048763,1048768,1048778,1048799,1048823,1048829,1048846,1048847,1048937,1048942,1048957,1049016,1049037,1049056,1049160,1049170,1049190,1049191,1049192,1049194,1049212,1049245,1049248,1049273,1049279,1049280,1049293,1049342,1049343,1049370,1049426,1049462,1049463,1049468,1049547,1049578,1049585,1049601,1049618,1049624,1049641,1049687,1049692,1049730,1049738,1049741,1049748,1049754,1049763,1049769,1049773,1049788,1049800,1049805,1049809,1049810,1049832,1049839,1049855,1049856,1049863,1049867,1049902,1049922,1049924,1049925,1049939,1049969,1049977,1049983,1049984,1050000,1050020,1050030,1050031,1050037,1050047,1050062,1050070,1050081,1050094,1050110,1050139,1050140,1050146,1050164,1050165,1050166,1050167,1050176,1050184,1050200,1050210,1050217,1050218,1050220,1050221,1050222,1050226,1050229,1050240,1050252,1050256,1050272,1050273,1050274,1050275,1050278,1050280,1050287,1050288,1050295,1050300,1050301,1050303,1050316,1050324,1050358,1050367,1050380,1050382,1050385,1050399,1050404,1050419,1050434,1050437,1050444,1050446,1050463,1050464,1050466,1050467,1050481,1050483,1050499,1050514,1050523,1050532,1050537,1050550,1050576,1050577,1050578,1050579,1050592,1050595,1050611,1050621,1050627,1050628,1050629,1050640,1050672,1050681,1050702,1050712,1050715,1050717,1050719,1050726,1050728,1050756,1050759,1050772,1050773,1050776,1050784,1050786,1050790,1050794,1050804,1050807,1050808,1050820,1050821,1050822,1050826,1050829,1050841,1050848,1050864,1050873,1050888,1050892,1050895,1050920,1050929,1050932,1050945,1050947,1050948,1050955,1050973,1050983,1050998,1050999,1051013,1051031,1051055,1051058,1051061,1051067,1051069,1051075,1051113,1051117,1051129,1051131,1051159,1051167,1051171,1051185,1051202,1051249,1051267,1051271,1051283,1051287,1051289,1051307,1051309,1051324,1051345,1051390,1051391,1051395,1051402,1051404,1051408,1051409,1051413,1051414,1051418,1051421,1051427,1051431,1051439,1051442,1051443,1051453,1051465,1051468,1051475,1051481,1051487,1051491,1051496,1051497,1051498,1051499,1051512,1051514,1051519,1051526,1051537,1051538,1051542,1051543,1051568,1051571,1051572,1051574,1051577,1051585,1051589,1051603,1051606,1051610,1051630,1051639,1051642,1051649,1051652,1051667,1051672,1051676,1051692,1051695,1051699,1051700,1051721,1051723,1051727,1051735,1051742,1051748,1051763,1051779
463:1048634,1048659,1048661,1049245,1049924,1049965,1049985,1050051,1050294,1050344,1050437,1051045,1051385,1051468,1051573,1051586,1051735,1051756
479:1048638,1048690,1048785,1048824,1048878,1048896,1048904,1048942,1049067,1049160,1049180,1049194,1049299,1049333,1049425,1049466,1049555,1049556,1049577,1049585,1049621,1049729,1049759,1049775,1049781,1049857,1049906,1049933,1049941,1049965,1049969,1049972,1049986,1049987,1050014,1050015,1050034,1050043,1050044,1050061,1050064,1050066,1050091,1050092,1050104,1050105,1050129,1050163,1050183,1050184,1050205,1050225,1050249,1050255,1050259,1050274,1050287,1050313,1050320,1050343,1050344,1050399,1050403,1050436,1050483,1050491,1050505,1050563,1050607,1050626,1050653,1050667,1050669,1050705,1050717,1050727,1050756,1050803,1050806,1050808,1050841,1050888,1050891,1050901,1050916,1050957,1050965,1051031,1051032,1051044,1051055,1051092,1051099,1051100,1051101,1051120,1051131,1051146,1051179,1051206,1051220,1051221,1051284,1051294,1051297,1051317,1051403,1051424,1051439,1051441,1051448,1051453,1051461,1051468,1051474,1051486,1051487,1051495,1051496,1051505,1051506,1051528,1051534,1051547,1051560,1051564,1051575,1051581,1051589,1051616,1051641,1051642,1051648,1051649,1051651,1051652,1051665,1051674,1051676,1051717,1051718,1051728,1051729,1051738
495:1048638,1048670,1048671,1048678,1048698,1049106,1049212,1049688,1049999,1050019,1050029,1050048,1050717,1051468,1051596,1051651,1051710,1051757
511:1048643,1048699,1048741,1049039,1049111,1049219,1049245,1049299,1049424,1049425,1049524,1049526,1049548,1049565,1049601,1049606,1049608,1049626,1049647,1049691,1049710,1049729,1049745,1049748,1049769,1049786,1049841,1049901,1049919,1049934,1049954,1049957,1049975,1049976,1050031,1050033,1050039,1050044,1050046,1050078,1050090,1050093,1050142,1050212,1050224,1050239,1050278,1050286,1050298,1050301,1050327,1050356,1050381,1050400,1050411,1050431,1050448,1050449,1050462,1050482,1050500,1050520,1050536,1050607,1050621,1050626,1050627,1050635,1050667,1050681,1050709,1050738,1050742,1050756,1050762,1050770,1050785,1050802,1050807,1050840,1050849,1050863,1050877,1050888,1050915,1050920,1050929,1050948,1050971,1050982,1051027,1051045,1051059,1051060,1051062,1051090,1051170,1051183,1051197,1051220,1051257,1051274,1051280,1051281,1051284,1051285,1051290,1051291,1051314,1051323,1051326,1051344,1051354,1051370,1051381,1051426,1051458,1051476,1051525,1051530,1051532,1051556,1051561,1051563,1051565,1051586,1051609,1051615,1051651,1051653,1051662,1051666,1051675,1051705,1051717,1051718,1051723,1051757
527:1048643,1048671,1049603,1049730,1049799,1049840,1049921,1049922,1050082,1050147,1050271,1050301,1050386,1050454,1050476,1050626,1050656,1050728,1050793,1050807,1050843,1050880,1050893,1050934,1051044,1051131,1051146,1051191,1051203,1051296,1051373,1051445,1051464,1051472,1051477,1051526,1051536,1051554,1051560,1051568,1051585,1051632,1051717,1051728,1051773
543:1048644,1049334,1049626,1049822,1049828,1049900,1049902,1049924,1049970,1050253,1050329,1050345,1050520,1050577,1050704,1050744,1050883,1050899,1051282,1051425,1051533,1051578,1051602
559:1048646,1048653,1048992,1049741,1050003,1050090,1050118,1050147,1050255,1050578,1050626,1050772,1050784,1050962,1051061,1051109,1051258,1051395,1051403,1051526,1051699,1051778,1051779
575:1048646,1048679,1048681,1048768,1048843,1048845,1048846,1048847,1048848,1048849,1048850,1048851,1048852,1048853,1048854,1048855,1048897,1048906,1048976,1048986,1048989,1049171,1049190,1049201,1049250,1049270,1049271,1049369,1049402,1049429,1049430,1049431,1049439,1049440,1049519,1049581,1049607,1049609,1049637,1049646,1049647,1049673,1049747,1049759,1049786,1049800,1049810,1049812,1049822,1049839,1049846,1049857,1049901,1049925,1049934,1049964,1049967,1049998,1050002,1050005,1050006,1050031,1050050,1050078,1050079,1050081,1050091,1050100,1050117,1050124,1050127,1050139,1050145,1050162,1050164,1050189,1050199,1050201,1050202,1050205,1050217,1050233,1050240,1050252,1050254,1050269,1050283,1050284,1050286,1050299,1050303,1050313,1050325,1050329,1050360,1050361,1050385,1050386,1050401,1050422,1050428,1050454,1050461,1050494,1050511,1050531,1050555,1050593,1050606,1050628,1050639,1050651,1050657,1050684,1050688,1050693,1050705,1050712,1050715,1050737,1050752,1050761,1050763,1050777,1050783,1050786,1050853,1050863,1050874,1050888,1050889,1050918,1050929,1050933,1050949,1050987,1050996,1051008,1051013,1051027,1051029,1051056,1051059,1051088,1051091,1051101,1051112,1051118,1051122,1051135,1051168,1051171,1051198,1051202,1051203,1051206,1051218,1051249,1051255,1051272,1051297,1051298,1051303,1051309,1051325,1051340,1051343,1051348,1051374,1051376,1051391,1051408,1051420,1051421,1051430,1051431,1051435,1051486,1051502,1051519,1051529,1051530,1051539,1051542,1051557,1051566,1051571,1051577,1051583,1051587,1051592,1051598,1051601,1051618,1051621,1051627,1051629,1051649,1051663,1051673,1051681,1051687,1051704,1051709,1051727,1051751,1051776
591:1048646,1049623,1049710,1049967,1050117,1050128,1050777,1050889,1051340,1051497
607:1048649,1050721,1050972
623:1048653,1048760,1048799,1048895,1049069,1049236,1049637,1049683,1049773,1049836,1050010,1050050,1050324,1050421,1050428,1050490,1050637,1050689,1050712,1050790,1050934,1051091,1051135,1051315,1051356,1051441,1051460,1051473,1051513,1051545,1051566,1051614,1051633,1051636,1051648
639:1048653,1048667,1048691,1048859,1049037,1049132,1049334,1049402,1049429,1049524,1049589,1049837,1049840,1049901,1049915,1050004,1050007,1050094,1050102,1050119,1050164,1050178,1050201,1050202,1050226,1050275,1050299,1050315,1050316,1050325,1050342,1050418,1050504,1050514,1050629,1050727,1050869,1050897,1050916,1050934,1050953,1050996,1051027,1051094,1051101,1051135,1051204,1051206,1051255,1051295,1051325,1051391,1051435,1051566,1051569,1051577,1051624,1051663,1051704,1051722,1051728,1051733,1051769
655:1048657,1048824,1048878,1048981,1049057,1049245,1049306,1049338,1049538,1049547,1049600,1049683,1049735,1049789,1049863,1049899,1049964,1050063,1050080,1050105,1050140,1050164,1050166,1050188,1050200,1050240,1050246,1050255,1050259,1050317,1050326,1050363,1050380,1050386,1050400,1050419,1050427,1050476,1050498,1050563,1050629,1050703,1050705,1050737,1050741,1050750,1050763,1050777,1050821,1050952,1050961,1051013,1051044,1051072,1051074,1051109,1051111,1051145,1051207,1051220,1051239,1051289,1051298,1051413,1051434,1051493,1051503,1051548,1051564,1051602,1051614,1051645,1051650,1051653,1051663,1051694,1051728,1051731
671:1048664,1049835,1050810
687:1048667,1050322,1050537,1051244
703:1048669,1051058
719:1048671
735:1048671,1049270,1049374,1049627,1049810,1049906,1049922,1050046,1050089,1050091,1050110,1050225,1050317,1050325,1050386,1050421,1050454,1050464,1050466,1050503,1050593,1050626,1050640,1050769,1050773,1050802,1051116,1051245,1051267,1051287,1051373,1051376,1051390,1051458,1051467,1051477,1051494,1051499,1051500,1051532,1051552,1051607,1051676,1051700,1051707,1051729
751:1048676,1048783,1048808,1048842,1048860,1049033,1049035,1049064,1049137,1049205,1049230,1049272,1049340,1049342,1049343,1049397,1049462,1049463,1049466,1049490,1049492,1049495,1049541,1049565,1049567,1049587,1049611,1049673,1049685,1049724,1049810,1049830,1049839,1049840,1049850,1049867,1049885,1049906,1049965,1049978,1049987,1050020,1050050,1050072,1050085,1050103,1050115,1050137,1050168,1050171,1050179,1050196,1050257,1050268,1050297,1050365,1050382,1050384,1050392,1050422,1050467,1050537,1050551,1050628,1050661,1050705,1050715,1050719,1050750,1050778,1050833,1050938,1050998,1051012,1051023,1051028,1051051,1051052,1051065,1051143,1051149,1051236,1051292,1051308,1051321,1051325,1051345,1051351,1051352,1051461,1051481,1051521,1051554,1051606,1051609,1051610,1051656,1051731
767:1048678,1049674,1050029,1050672,1051055,1051721
783:1048678,1048811,1048851,1048857,1048971,1049015,1049067,1049106,1049194,1049250,1049271,1049400,1049425,1049426,1049429,1049431,1049440,1049467,1049770,1049824,1049846,1049890,1050017,1050084,1050165,1050212,1050254,1050286,1050322,1050402,1050430,1050477,1050531,1050546,1050549,1050551,1050591,1050689,1050776,1050778,1050863,1050879,1050934,1051026,1051071,1051197,1051297,1051303,1051423,1051435,1051441,1051456,1051501,1051505,1051516,1051566,1051571,1051577,1051597,1051619,1051633,1051651,1051659,1051663,1051676,1051680,1051704
799:1048679,1049245,1049270,1049557,1049578,1049623,1049718,1049719,1049835,1049883,1049940,1049959,1049969,1050020,1050044,1050127,1050202,1050239,1050317,1050705,1050745,1050887,1050933,1050981,1051061,1051207,1051391,1051392,1051420,1051573,1051653,1051657,1051677
815:1048681,1048848,1048984,1049279,1049644,1049722,1049968,1050521,1051048
831:1048681,1049791,1050029,1050313,1051576,1051612,1051656,1051760
847:1048685,1049370,1050035,1050751,1051063
863:1048691
879:1048691
895:1048696,1048698,1048719,1048777,1048853,1048857,1048859,1048873,1049032,1049070,1049102,1049160,1049191,1049205,1049212,1049230,1049271,1049292,1049371,1049433,1049525,1049539,1049546,1049547,1049587,1049647,1049673,1049709,1049710,1049721,1049729,1049745,1049769,1049772,1049839,1049925,1049943,1049960,1049962,1049963,1049984,1049987,1049998,1050009,1050028,1050037,1050040,1050045,1050060,1050063,1050081,1050091,1050140,1050169,1050177,1050184,1050201,1050203,1050206,1050208,1050225,1050226,1050255,1050269,1050284,1050296,1050300,1050322,1050324,1050327,1050344,1050358,1050359,1050386,1050399,1050422,1050428,1050430,1050431,1050453,1050454,1050461,1050490,1050504,1050511,1050521,1050536,1050551,1050577,1050578,1050593,1050625,1050626,1050635,1050636,1050639,1050667,1050681,1050713,1050716,1050717,1050719,1050749,1050754,1050764,1050768,1050769,1050776,1050790,1050804,1050807,1050824,1050840,1050841,1050874,1050892,1050901,1050919,1050929,1050932,1050933,1050943,1050965,1051012,1051019,1051075,1051076,1051100,1051102,1051117,1051155,1051181,1051197,1051254,1051278,1051317,1051321,1051325,1051327,1051345,1051361,1051397,1051408,1051416,1051426,1051431,1051445,1051452,1051464,1051489,1051491,1051494,1051499,1051502,1051504,1051546,1051564,1051580,1051597,1051607,1051609,1051612,1051614,1051615,1051621,1051632,1051644,1051649,1051656,1051666,1051689,1051690,1051699,1051705,1051707,1051709,1051732,1051735,1051741,1051747,1051750,1051752,1051763,1051764,1051774,1051777
911:1048698
927:1048701,1048821,1050173,1050209
943:1048707,1048856,1048975,1049273
959:1048712,1048762
975:1048718,1048972,1049200,1049948,1050996,1051462,1051601,1051611,1051667
991:1048719,1049133,1049246,1049626,1049663,1049692,1049834,1050100,1050139,1050260,1050444,1050454,1050499,1050572,1050656,1050686,1050929,1050940,1051100,1051112,1051173,1051227,1051272,1051504,1051564,1051595,1051655,1051678
1007:1048721,1051388
1023:1048725,1048835,1049090,1049118,1049216,1049259,1049275,1049287,1049288,1049308,1049309,1049350,1049454,1049455,1049767,1049961,1049977,1050434,1050447,1050478,1050575,1050707,1050710,1050845,1050929,1050978,1051184,1051185,1051190,1051268,1051271,1051659
1039:1048736,1048766,1048972,1049256,1049637
1055:1048743,1048760,1048864,1048947,1049044,1049160,1049583,1049588,1049632,1049769,1049932,1049993,1050009,1050081,1050094,1050115,1050178,1050184,1050186,1050260,1050288,1050323,1050327,1050503,1050534,1050535,1050627,1050655,1050703,1050764,1050771,1050784,1050794,1050803,1050820,1050895,1050919,1050950,1050953,1050988,1051025,1051071,1051075,1051110,1051116,1051143,1051145,1051172,1051202,1051203,1051221,1051342,1051388,1051392,1051441,1051466,1051511,1051525,1051639,1051647
1071:1048751,1048784
1087:1048759,1049084
1103:1048760,1048897,1048992,1049072,1049111,1049305,1049429,1049433,1049439,1049588,1049744,1049747,1049771,1049809,1049839,1049857,1049875,1049950,1049967,1049978,1050062,1050086,1050126,1050184,1050218,1050251,1050268,1050292,1050298,1050402,1050423,1050424,1050461,1050494,1050499,1050531,1050552,1050555,1050589,1050606,1050610,1050642,1050651,1050672,1050693,1050700,1050702,1050703,1050712,1050715,1050721,1050737,1050750,1050751,1050765,1050769,1050793,1050795,1050838,1050862,1050863,1050896,1050938,1051043,1051047,1051058,1051067,1051071,1051073,1051074,1051090,1051112,1051143,1051145,1051163,1051173,1051187,1051202,1051203,1051216,1051218,1051263,1051290,1051291,1051295,1051301,1051312,1051364,1051391,1051433,1051449,1051453,1051456,1051458,1051462,1051480,1051504,1051568,1051580,1051593,1051611,1051616,1051632,1051642,1051670,1051672,1051685,1051727
1119:1048767,1049135,1050986
1135:1048775,1048818,1049296,1049555,1049695,1049696,1049730,1049796,1049906,1049964,1050227,1050681,1050737,1051100,1051147,1051600,1051607,1051612,1051776
1151:1048777,1048896,1048989,1049230,1049250,1049254,1049305,1049419,1049467,1049604,1049621,1049673,1049736,1049739,1049745,1049769,1049800,1049811,1049812,1049839,1049879,1049889,1049898,1049923,1049941,1050039,1050040,1050058,1050077,1050081,1050116,1050140,1050186,1050189,1050221,1050222,1050224,1050232,1050246,1050313,1050322,1050349,1050380,1050410,1050429,1050430,1050433,1050460,1050467,1050501,1050535,1050549,1050578,1050610,1050628,1050639,1050667,1050670,1050712,1050713,1050723,1050762,1050773,1050790,1050792,1050805,1050807,1050858,1050880,1050889,1050918,1050919,1050947,1050954,1050973,1050976,1051008,1051076,1051116,1051122,1051131,1051204,1051219,1051220,1051226,1051227,1051279,1051395,1051416,1051417,1051425,1051443,1051449,1051497,1051499,1051506,1051519,1051522,1051529,1051546,1051564,1051602,1051611,1051635,1051639,1051647,1051665
1167:1048780,1048896,1049016,1049037,1049733,1049769,1049822,1049837,1049863,1049955,1049966,1049987,1050031,1050099,1050118,1050316,1050419,1050429,1050595,1050671,1050775,1050776,1050779,1050820,1050947,1051026,1051055,1051059,1051074,1051267,1051279,1051329,1051600
1183:1048791,1049619,1049809
1199:1048797,1050240,1050383,1050421,1050775,1051592,1051639
1215:1048803
1231:1048811,1048823,1048829,1048980,1048992,1049160,1049270,1049299,1049519,1049608,1049621,1049687,1049747,1049806,1049856,1049870,1049889,1049906,1049960,1050050,1050166,1050219,1050221,1050222,1050252,1050301,1050339,1050400,1050437,1050491,1050500,1050522,1050549,1050578,1050610,1050712,1050776,1050802,1050837,1050839,1050852,1050971,1050976,1051011,1051109,1051159,1051242,1051351,1051373,1051398,1051401,1051423,1051425,1051437,1051439,1051491,1051564,1051599,1051651,1051746
1247:1048814,1049607
1263:1048816,1049290,1050412,1050496
1279:1048818,1049190,1049424,1049721,1050197,1050639,1051125,1051297,1051574
1295:1048818,1049420,1049527,1049689,1049734,1049737,1049741,1049809,1049810,1049834,1049851,1049870,1050169,1050271,1050318,1050358,1050449,1050482,1050500,1050572,1050661,1050714,1050767,1050790,1050792,1050950,1050963,1050985,1050999,1051013,1051078,1051102,1051116,1051133,1051134,1051144,1051261,1051282,1051298,1051340,1051342,1051375,1051451,1051476,1051491,1051497,1051501,1051508,1051521,1051531,1051544,1051632,1051657,1051689,1051693
1311:1048823
1327:1048826
1343:1048827,1048992,1049016,1049160,1049400,1049588,1049721,1049742,1049763,1049772,1049927,1049990,1050045,1050047,1050128,1050222,1050229,1050254,1050278,1050318,1050466,1050475,1050482,1050503,1050553,1050579,1050594,1050637,1050721,1050729,1050770,1050792,1050861,1050864,1050873,1050933,1050952,1050955,1051058,1051099,1051171,1051196,1051227,1051232,1051239,1051240,1051267,1051272,1051328,1051341,1051385,1051401,1051421,1051433,1051451,1051519,1051526,1051541,1051545,1051576,1051595,1051598,1051599,1051611,1051613,1051614,1051615,1051616,1051622,1051716,1051726,1051731
1359:1048829,1049574,1051257,1051384,1051665,1051750
1375:1048833,1049080,1049270
1391:1048839,1048874,1050635,1050928,1051718
1407:1048847
1423:1048852,1049549
1439:1048853,1051563
1455:1048857,1049532,1049882,1049974,1050605,1051732
1471:1048859,1048875,1048894,1049108,1049399,1049709,1049781,1049832,1049870,1049902,1049991,1050063,1050108,1050226,1050227,1050256,1050500,1050507,1050553,1050629,1050727,1050862,1050971,1050975,1051111,1051116,1051206,1051275,1051301,1051322,1051325,1051547,1051606,1051679,1051703,1051711
1487:1048864,1048947,1049023,1049044,1049151,1049258,1049587,1049632,1049690,1049800,1049837,1050138,1050186,1050187,1050317,1050397,1050430,1050607,1050720,1050849,1050864,1050988,1051065,1051205,1051332,1051458,1051465,1051509,1051543,1051607,1051617,1051618,1051700,1051708,1051739,1051747
1503:1048868
1519:1048873,1049111,1049467,1049641,1049865,1050047,1050092,1050184,1050422,1050454,1050505,1050611,1050794,1050839,1051130,1051274,1051301,1051359,1051472,1051480,1051608,1051709,1051775
1535:1048875
1551:1048880,1049140,1049420
1567:1048892,1048942,1049014,1049072,1049108,1049150,1049191,1049246,1049271,1049442,1049537,1049547,1049577,1049642,1049663,1049683,1049720,1049743,1049769,1049805,1049832,1049865,1049882,1049900,1049901,1049984,1050033,1050094,1050110,1050139,1050164,1050246,1050249,1050267,1050270,1050316,1050318,1050367,1050399,1050402,1050403,1050460,1050481,1050490,1050500,1050505,1050553,1050610,1050629,1050640,1050717,1050720,1050770,1050776,1050827,1050862,1050932,1050933,1050944,1050959,1050975,1050996,1051016,1051048,1051061,1051111,1051122,1051139,1051208,1051212,1051213,1051231,1051242,1051255,1051262,1051305,1051329,1051361,1051384,1051416,1051467,1051523,1051542,1051554,1051562,1051580,1051704,1051724,1051746,1051748,1051768,1051771,1051772,1051779
1583:1048895,1049253,1049943,1049999,1050198,1050300,1050481,1050536,1050578,1050720,1050764,1050805,1051005,1051044,1051301,1051365
1599:1048896,1049983,1050203,1050499,1051383,1051608,1051652
1615:1048897,1049190,1049271,1049334,1049587,1049619,1049658,1049661,1049685,1049710,1049808,1049809,1049812,1049876,1049883,1049998,1050029,1050040,1050044,1050045,1050109,1050123,1050125,1050143,1050259,1050284,1050323,1050325,1050421,1050449,1050454,1050531,1050551,1050577,1050608,1050666,1050669,1050728,1050751,1050773,1050776,1050777,1050822,1050929,1050934,1050940,1051092,1051101,1051200,1051249,1051262,1051308,1051361,1051376,1051472,1051486,1051512,1051514,1051518,1051589,1051606,1051613,1051628,1051652,1051709
1631:1048897,1050384,1050772
1647:1048904,1048984,1049296,1049710,1049959,1050064,1050077,1050117,1050287,1050322,1050431,1050625,1050639,1050872,1050918,1050971,1051072,1051076,1051109,1051247,1051340,1051505,1051506,1051571,1051573,1051619,1051624,1051649,1051650,1051693,1051735
1663:1048910,1051114,1051228
1679:1048921,1049452,1050879
1695:1048934,1048952,1049985,1050336,1050564,1050605,1050670,1051256,1051640
1711:1048946,1051382
1727:1048955,1049191,1049539,1049607,1049663,1050077,1050138,1050170,1050205,1050239,1050247,1050259,1050409,1050480,1050536,1050720,1050742,1050745,1050807,1050836,1050892,1050899,1051025,1051030,1051032,1051099,1051118,1051134,1051167,1051206,1051240,1051242,1051270,1051274,1051284,1051297,1051359,1051463,1051465,1051491,1051502,1051507,1051543,1051682,1051686
1743:1048961,1051237,1051312,1051724
1759:1048971,1049371,1049424,1049734,1049771,1049865,1049900,1049906,1049954,1050037,1050072,1050168,1050170,1050220,1050386,1050462,1050499,1050579,1050669,1050838,1050880,1050999,1051044,1051198,1051256,1051316,1051445,1051458,1051469,1051488,1051505,1051566,1051624,1051700,1051725,1051750
1775:1048972,1048982,1048984,1049026,1049027,1049028,1049045,1049173,1049194,1049230,1049250,1049254,1049306,1049333,1049362,1049440,1049469,1049578,1049658,1049673,1049699,1049710,1049718,1049775,1049875,1049921,1049923,1049941,1049956,1049965,1049966,1049973,1049987,1050020,1050037,1050039,1050042,1050062,1050108,1050127,1050166,1050179,1050180,1050183,1050185,1050203,1050228,1050259,1050268,1050345,1050420,1050436,1050452,1050463,1050483,1050491,1050505,1050511,1050520,1050531,1050536,1050553,1050626,1050629,1050655,1050672,1050720,1050762,1050772,1050791,1050804,1050805,1050864,1050892,1050899,1050917,1050918,1050950,1050951,1050952,1050976,1050981,1051026,1051028,1051031,1051055,1051069,1051076,1051089,1051122,1051132,1051173,1051195,1051231,1051259,1051273,1051278,1051282,1051296,1051298,1051328,1051377,1051394,1051402,1051408,1051453,1051455,1051458,1051459,1051477,1051479,1051493,1051502,1051506,1051514,1051526,1051532,1051537,1051561,1051576,1051579,1051654,1051672,1051676,1051709,1051732,1051741,1051751,1051756
1791:1048983,1049829,1049966,1050240,1050436
1807:1048989,1049269,1049270,1049271,1049402,1049430,1049547,1050002,1050008,1050216,1050287,1050419,1050537,1050610,1050751,1050793,1050874,1050934,1050950,1051091,1051172,1051203,1051221,1051255,1051295,1051391,1051420,1051466,1051709
1823:1048992,1050669,1051285,1051290
1839:1048995,1049106,1049459,1050507,1050734,1050829
1855:1049004,1049021,1049077,1049116,1049145,1049189,1049447,1049516,1049633,1049873,1049927,1050183,1050584,1050816,1050817,1050818
1871:1049010,1049577,1050744,1051317,1051543
1887:1049015,1049106,1050038,1050045,1050111,1050123,1050249,1050252,1050777,1051595
1903:1049015,1049037,1049106,1049194,1049422,1049687,1049755,1049900,1049965,1050089,1050117,1050281,1050314,1050399,1050688,1050808,1051099,1051131,1051150,1051197,1051257,1051286,1051297,1051321,1051478,1051485,1051491,1051538,1051541,1051622,1051632,1051662,1051675,1051710,1051737
1919:1049018
1935:1049030,1049382,1049460,1049478
1951:1049037,1049900
1967:1049039,1049637,1051566
1983:1049048
1999:1049056,1049534,1049906,1049929,1050453,1050848,1050919,1051061,1051088,1051167,1051240,1051267,1051298,1051430,1051459,1051560,1051603,1051649,1051681
2015:1049061
2031:1049067,1050025,1050385,1051628,1051639
2047:1049072,1049721
2063:1049095
2079:1049104
2095:1049106,1049604
2111:1049107,1049590,1050246,1050759,1050896
2127:1049108,1049637,1050537,1051232,1051258,1051262,1051346,1051404,1051423,1051431,1051615
2143:1049112,1049846,1051123,1051395,1051462
2159:1049130,1049160,1049212,1049339,1049408,1049453,1049612,1049693,1049799,1050004,1050019,1050066,1050123,1050216,1050254,1050486,1050503,1050608,1050636,1050716,1050791,1050838,1051129,1051218,1051227,1051275,1051281,1051282,1051362,1051369,1051377,1051479,1051480,1051545,1051577
2175:1049136
2191:1049148
2207:1049160,1051601
2223:1049162
2239:1049170,1049658,1049863,1050020,1050166,1050221,1050227,1050672,1050728,1050885,1051055,1051236,1051383,1051418,1051462,1051546,1051597,1051720
2255:1049175
2271:1049181,1049270,1049925,1049960,1049962,1049986,1050000,1050016,1050180,1050213,1050669,1050770,1050877,1051068,1051075,1051144,1051391,1051417,1051457,1051545,1051695,1051766
2287:1049191,1050339,1051760
2303:1049191
2319:1049194,1050339,1051623
2335:1049194
2351:1049205,1050128,1050409,1050611,1050885,1051045,1051092,1051197,1051284,1051305,1051392,1051415,1051715,1051729
2367:1049211
2383:1049219
2399:1049230,1049492,1049673,1049720,1049964
2415:1049236,1049878,1049898,1050759,1050836,1050840,1051129,1051261
2431:1049243,1049331,1049897
2447:1049245,1049659,1049730,1050044,1050362,1050430,1050808,1050916,1051415,1051461,1051496,1051506,1051529,1051616,1051640,1051671
2463:1049245,1050625,1051122,1051314
2479:1049246
2495:1049250,1049578,1050141,1050284,1050768
2511:1049252,1050089,1050092,1050205,1050227,1050288,1050403,1050481,1050549,1051056,1051074,1051320,1051482,1051568,1051616,1051714
2527:1049254,1050610,1050762,1050889,1051435
2543:1049264
2559:1049270
2575:1049271,1049273
2591:1049272
2607:1049275,1049288
2623:1049288,1050710
2639:1049294,1051522,1051683
2655:1049299,1049813
2671:1049300
2687:1049303,1050167,1050894,1050914,1051526,1051586
2703:1049307,1049326,1049457
2719:1049320
2735:1049330,1049578,1049601,1049604,1049722,1049729,1049827,1049835,1049928,1049938,1049961,1049977,1049990,1050016,1050110,1050184,1050400,1050480,1050481,1050521,1050578,1050628,1050683,1050711,1050720,1050782,1050826,1050839,1050843,1050851,1050864,1050890,1050976,1051129,1051142,1051147,1051181,1051243,1051289,1051316,1051325,1051375,1051444,1051472,1051478,1051495,1051526,1051541,1051548,1051556,1051561,1051569,1051579,1051584,1051588,1051655,1051693,1051779
2751:1049338,1051178
2767:1049347,1049498,1049768,1050631
2783:1049360
2799:1049371
2815:1049374,1049759,1050028,1050072,1050076,1050400,1050464,1050608,1051028,1051171,1051431,1051700,1051738
2831:1049387
2847:1049397,1050345,1050346,1050402,1050592,1050763,1050778,1051158,1051435,1051497,1051543
2863:1049400,1049890,1049969,1051773
2879:1049409,1049667,1050028,1050547,1050936,1051088,1051432,1051652
2895:1049419,1049663,1049835
2911:1049426
2927:1049430,1049916
2943:1049438,1051563
2959:1049449
2975:1049467
2991:1049487,1049587
3007:1049515,1049747,1050007,1050043,1050063,1050295,1050302,1050827,1050842,1050944,1051012,1051240,1051361,1051376,1051472,1051494,1051506,1051561,1051584,1051700,1051778,1051779
3023:1049522
3039:1049526
3055:1049537,1050220,1050568,1051100
3071:1049540,1049597
3087:1049546
3103:1049548
3119:1049553
3135:1049557,1050125,1050180,1050266,1050454,1050801,1050808,1051025,1051154,1051254,1051284,1051460,1051472,1051491,1051552,1051560,1051575,1051666,1051712,1051742
3151:1049570,1049871,1049872,1049875,1049947,1049950,1050290,1050389,1050390,1050423,1050424,1050589,1051039,1051043
3167:1049576
3183:1049578,1050271,1050404,1051571
3199:1049579,1049893,1049954,1050374
3215:1049585,1050046,1050320,1050328
3231:1049589,1049834
3247:1049595
3263:1049603,1049605,1049781,1049832,1050042,1050091,1050211,1050226,1050297,1050553,1050667,1050892,1051275,1051325,1051403,1051471,1051573
3279:1049608,1050072,1050293,1050550,1050840,1051561,1051601,1051685
3295:1049610,1050257,1050503,1051057,1051224,1051361,1051706
3311:1049620,1049979
3327:1049623,1051197
3343:1049628,1050224,1051102
3359:1049641,1049847,1050808,1051417
3375:1049647,1049663,1049687,1049745,1050165,1050167,1050301,1050481,1050572,1050670,1050720,1050721,1050996,1051309,1051359,1051376,1051462,1051486,1051504,1051580,1051590,1051611,1051631,1051660,1051667,1051717
3391:1049662,1049929,1049990,1050115,1050195,1050383,1050574,1050705,1050898,1051203,1051263,1051771
3407:1049672
3423:1049674,1050187
3439:1049683,1050579,1051280,1051326
3455:1049686,1049846
3471:1049688,1050776
3487:1049690,1049900,1049988,1050382,1050409,1050791,1050963,1051072,1051424,1051425,1051431,1051608
3503:1049698
3519:1049710,1049720,1050063,1050102,1050269,1050503,1050725,1050917,1051193,1051426,1051432,1051440,1051614,1051703
3535:1049720
3551:1049721
3567:1049729,1050240,1050253,1050636,1050687,1050902,1051024,1051506
3583:1049733,1049924
3599:1049736
3615:1049739,1050101,1050228,1050380,1050531,1050820,1050872,1050919,1051058,1051135,1051146,1051195,1051242,1051257,1051623,1051634,1051647,1051663,1051694
3631:1049744,1050053,1050054,1050074,1050075,1050153,1050173,1050214,1050215,1050391,1050676,1050677,1050718,1050845,1051006,1051175,1051230,1051268
3647:1049745,1050557
3663:1049749,1049895
3679:1049754,1050216
3695:1049756,1050270
3711:1049760,1050429,1050622,1050628,1050703,1051309,1051536,1051596,1051726
3727:1049769,1050274
3743:1049772
3759:1049776,1050295
3775:1049786
3791:1049797,1050393
3807:1049805
3823:1049810
3839:1049813,1050772
3855:1049822,1050127,1050403,1050655,1050783,1051101,1051146,1051325,1051403,1051407,1051439,1051442,1051443,1051467,1051532,1051562,1051627
3871:1049832
3887:1049837
3903:1049840,1050486,1050685
3919:1049847,1050879,1051223,1051424,1051647
3935:1049855,1050045,1050210,1050267,1050294,1050381,1050454,1050490,1050521,1050549,1050550,1050682,1050820,1050996,1051068,1051390,1051391,1051395,1051434,1051520,1051639,1051651,1051652,1051687,1051757
3951:1049863,1050009,1050758,1051595
3967:1049870,1050481
3983:1049882,1050196
3999:1049885
4015:1049890
4031:1049899,1050656,1050828
4047:1049911
4063:1049919
4079:1049924
4095:1049928,1050608,1050861,1051130,1051131
4111:1049937,1050268,1050838
4127:1049940
4143:1049944,1050606
4159:1049955
4175:1049960
4191:1049961
4207:1049967
4223:1049972
4239:1049976
4255:1049984
4271:1049985,1050385
4287:1049990
4303:1049992
4319:1050000,1051284
4335:1050003
4351:1050007
4367:1050010,1050637
4383:1050016,1050037
4399:1050025
4415:1050031,1050188,1050344,1050628,1051494
4431:1050040,1050165,1050246,1050324,1050537,1050626,1050958,1051155,1051220
4447:1050045,1050241,1050431,1050444,1050622,1050635,1050648,1050733,1051004,1051109,1051431,1051498,1051651
4463:1050049
4479:1050056
4495:1050062,1051305
4511:1050074
4527:1050081
4543:1050087
4559:1050092,1050273,1050429,1050626,1050946,1051625,1051645
4575:1050094,1050328,1050591,1050933,1051201,1051244,1051503
4591:1050103,1051361
4607:1050109
4623:1050116
4639:1050122
4655:1050129
4671:1050138,1050912
4687:1050143
4703:1050161,1050844
4719:1050165
4735:1050166,1050255,1051275,1051373,1051393,1051434
4751:1050172,1050456
4767:1050180,1050420
4783:1050187
4799:1050196,1051534
4815:1050204
4831:1050207,1051172,1051270,1051521,1051641,1051687
4847:1050213,1050742,1051456,1051503
4863:1050222
4879:1050226,1050583,1050840,1051432,1051619
4895:1050233
4911:1050240,1050400,1051757
4927:1050247,1050484,1050668,1050819
4943:1050254
4959:1050260
4975:1050266,1050508
4991:1050270,1050976,1051089
5007:1050275
5023:1050278,1051325
5039:1050280
5055:1050286
5071:1050288,1050779,1050929,1050977,1051254,1051291,1051377,1051480,1051630
5087:1050298,1051090
5103:1050301
5119:1050308,1050493
5135:1050315
5151:1050317,1051641
5167:1050328,1050933
5183:1050339
5199:1050344
5215:1050349
5231:1050361,1050684,1051658,1051691,1051747
5247:1050376
5263:1050384
5279:1050395,1051529
5295:1050401
5311:1050406
5327:1050419,1050965
5343:1050425
5359:1050432,1050433,1050646
5375:1050437,1050622
5391:1050446
5407:1050457
5423:1050464,1050728,1050772
5439:1050467
5455:1050483,1050739,1051692
5471:1050490,1050700,1050770,1051608
5487:1050500
5503:1050509
5519:1050521,1051375
5535:1050528,1051130
5551:1050537,1050719,1050998
5567:1050549
5583:1050554,1050699
5599:1050564,1050849,1051339,1051656
5615:1050574
5631:1050578
5647:1050591,1050952,1051201,1051244
5663:1050595
5679:1050608
5695:1050613,1050620
5711:1050626,1051628
5727:1050634
5743:1050639
5759:1050649
5775:1050661,1051100,1051319
5791:1050668,1050773,1051402,1051416
5807:1050675
5823:1050681,1051506
5839:1050695
5855:1050708,1050709
5871:1050717
5887:1050720,1050790,1051090,1051232,1051490,1051706
5903:1050726,1051542,1051767
5919:1050735,1050847,1051281,1051286,1051593,1051632
5935:1050741
5951:1050751,1050950
5967:1050759
5983:1050766
5999:1050772
6015:1050777
6031:1050785
6047:1050793
6063:1050805,1050883,1050973,1051328
6079:1050808
6095:1050808
6111:1050809
6127:1050816
6143:1050825,1050851,1051422,1051621,1051673
6159:1050836,1051261
6175:1050849
6191:1050860,1051250
6207:1050870
6223:1050875
6239:1050878,1050879
6255:1050882,1051068,1051391,1051408,1051553,1051704,1051727
6271:1050889,1051504,1051676
6287:1050897
6303:1050909
6319:1050916,1051136
6335:1050925,1050929,1050930,1050985,1051035
6351:1050934
6367:1050945
6383:1050955
6399:1050967
6415:1050975
6431:1050979
6447:1050992
6463:1050999
6479:1051005,1051365
6495:1051013,1051226,1051258,1051294,1051407,1051556
6511:1051021,1051511,1051616
6527:1051029
6543:1051038
6559:1051044
6575:1051050
6591:1051058
6607:1051061
6623:1051069
6639:1051075
6655:1051087
6671:1051098,1051326,1051403,1051724
6687:1051107
6703:1051114
6719:1051122
6735:1051135
6751:1051143
6767:1051156
6783:1051166
6799:1051172,1051315,1051352,1051618
6815:1051180
6831:1051189
6847:1051196
6863:1051203
6879:1051209
6895:1051221
6911:1051231
6927:1051246,1051373
6943:1051255,1051623
6959:1051267
6975:1051275,1051583,1051715
6991:1051282,1051606,1051706
7007:1051287
7023:1051292
7039:1051296
7055:1051301
7071:1051312,1051724
7087:1051317
7103:1051326
7119:1051337
7135:1051351
7151:1051360,1051684
7167:1051368
7183:1051381
7199:1051387
7215:1051395,1051468
7231:1051401
7247:1051410,1051496
7263:1051420,1051562
7279:1051424,1051467,1051524,1051613
7295:1051442
7311:1051453,1051577
7327:1051464
7343:1051468,1051602
7359:1051475
7375:1051481
7391:1051489
7407:1051496
7423:1051500
7439:1051504,1051514
7455:1051516
7471:1051524,1051607
7487:1051537
7503:1051550
7519:1051559
7535:1051569
7551:1051576
7567:1051585
7583:1051590
7599:1051596
7615:1051599
7631:1051606
7647:1051614
7663:1051622
7679:1051631
7695:1051644
7711:1051651,1051666
7727:1051658
7743:1051662
7759:1051669,1051693
7775:1051676
7791:1051686
7807:1051692
7823:1051702
7839:1051708
7855:1051716
7871:1051722
7887:1051735
7903:1051739
7919:1051747
7935:1051757
7951:1051763
7967:1051770
7983:1051778
