14:1048577,1048579,1048581,1048582,1048583,1048585,1048586,1048588,1048589,1048591,1048592,1048594,1048595,1048596,1048597,1048612,1048614,1048615,1048617,1048621,1048623,1048626,1048628,1048633,1048634,1048635,1048638,1048643,1048644,1048645,1048646,1048651,1048652,1048653,1048655,1048657,1048659,1048661,1048663,1048664,1048667,1048669,1048670,1048671,1048672,1048673,1048677,1048678,1048679,1048681,1048686,1048687,1048688,1048689,1048691,1048692,1048697,1048698,1048699,1048705,1048706,1048708,1048709,1048711,1048712,1048718,1048719,1048721,1048722,1048739,1048740,1048741,1048749,1048750,1048752,1048754,1048755,1048756,1048757,1048760,1048763,1048764,1048769,1048777,1048778,1048780,1048785,1048788,1048790,1048791,1048793,1048795,1048796,1048797,1048799,1048801,1048806,1048811,1048812,1048813,1048814,1048816,1048817,1048818,1048820,1048823,1048825,1048826,1048827,1048828,1048829,1048831,1048841,1048842,1048843,1048847,1048849,1048851,1048852,1048853,1048856,1048857,1048858,1048859,1048860,1048861,1048863,1048866,1048868,1048873,1048875,1048876,1048878,1048879,1048885,1048888,1048889,1048890,1048892,1048894,1048895,1048896,1048897,1048898,1048900,1048902,1048904,1048905,1048907,1048908,1048910,1048911,1048912,1048917,1048920,1048921,1048923,1048924,1048925,1048926,1048928,1048929,1048930,1048935,1048939,1048940,1048941,1048942,1048943,1048955,1048956,1048957,1048963,1048971,1048972,1048975,1048976,1048978,1048980,1048981,1048983,1048984,1048986,1048990,1048992,1048996,1049001,1049010,1049011,1049013,1049014,1049015,1049016,1049019,1049022,1049025,1049026,1049027,1049028,1049030,1049036,1049037,1049039,1049045,1049054,1049055,1049058,1049064,1049066,1049067,1049068,1049069,1049070,1049071,1049072,1049078,1049086,1049092,1049097,1049099,1049100,1049102,1049106,1049107,1049108,1049109,1049110,1049111,1049112,1049113,1049120,1049121,1049123,1049124,1049131,1049132,1049133,1049134,1049142,1049143,1049149,1049150,1049153,1049160,1049161,1049164,1049165,1049166,1049170,1049171,1049173,1049175,1049176,1049178,1049180,1049182,1049190,1049191,1049192,1049194,1049197,1049200,1049201,1049205,1049207,1049208,1049209,1049212,1049213,1049215,1049218,1049219,1049221,1049222,1049226,1049227,1049228,1049230,1049233,1049234,1049236,1049244,1049245,1049246,1049249,1049250,1049251,1049252,1049253,1049254,1049256,1049264,1049266,1049267,1049268,1049269,1049270,1049271,1049272,1049273,1049274,1049279,1049280,1049283,1049292,1049293,1049294,1049296,1049297,1049298,1049299,1049301,1049302,1049303,1049304,1049305,1049306,1049310,1049312,1049316,1049317,1049322,1049326,1049328,1049330,1049332,1049333,1049334,1049335,1049336,1049337,1049338,1049339,1049342,1049343,1049344,1049352,1049353,1049363,1049369,1049371,1049374,1049379,1049381,1049382,1049397,1049398,1049399,1049400,1049403,1049408,1049417,1049422,1049423,1049424,1049426,1049427,1049429,1049430,1049431,1049433,1049435,1049436,1049439,1049440,1049442,1049443,1049444,1049445,1049452,1049453,1049456,1049462,1049463,1049465,1049466,1049467,1049468,1049469,1049470,1049471,1049472,1049478,1049480,1049486,1049487,1049490,1049495,1049500,1049505,1049506,1049510,1049511,1049512,1049515,1049516,1049517,1049519,1049523,1049524,1049525,1049526,1049527,1049529,1049530,1049531,1049532,1049533,1049537,1049538,1049539,1049541,1049546,1049547,1049548,1049549,1049550,1049554,1049555,1049556,1049557,1049563,1049564,1049565,1049571,1049572,1049574,1049576,1049577,1049578,1049582,1049583,1049584,1049585,1049586,1049587,1049588,1049589,1049590,1049592,1049598,1049599,1049600,1049601,1049603,1049604,1049605,1049606,1049607,1049608,1049609,1049610,1049611,1049612,1049614,1049619,1049620,1049621,1049622,1049623,1049624,1049626,1049627,1049628,1049637,1049640,1049641,1049642,1049644,1049646,1049647,1049658,1049659,1049661,1049662,1049663,1049668,1049670,1049673,1049674,1049675,1049676,1049681,1049683,1049684,1049685,1049686,1049687,1049688,1049689,1049690,1049691,1049692,1049695,1049697,1049703,1049708,1049709,1049710,1049711,1049717,1049718,1049719,1049720,1049721,1049722,1049723,1049727,1049729,1049730,1049734,1049735,1049736,1049737,1049738,1049739,1049740,1049741,1049742,1049743,1049744,1049745,1049746,1049747,1049748,1049754,1049755,1049756,1049757,1049758,1049759,1049760,1049761,1049763,1049769,1049770,1049771,1049772,1049773,1049774,1049775,1049776,1049781,1049782,1049783,1049785,1049786,1049787,1049788,1049789,1049790,1049791,1049792,1049794,1049798,1049799,1049800,1049801,1049805,1049806,1049807,1049808,1049809,1049810,1049811,1049812,1049813,1049818,1049822,1049823,1049826,1049827,1049828,1049829,1049830,1049832,1049833,1049834,1049835,1049836,1049837,1049838,1049839,1049840,1049841,1049842,1049843,1049844,1049845,1049846,1049847,1049848,1049849,1049850,1049852,1049853,1049854,1049855,1049856,1049857,1049859,1049860,1049861,1049863,1049865,1049866,1049867,1049868,1049869,1049870,1049874,1049880,1049881,1049882,1049883,1049884,1049888,1049889,1049890,1049891,1049898,1049899,1049900,1049901,1049902,1049904,1049906,1049907,1049908,1049909,1049911,1049912,1049914,1049915,1049916,1049919,1049920,1049921,1049922,1049923,1049924,1049925,1049926,1049927,1049928,1049929,1049933,1049934,1049935,1049937,1049938,1049939,1049940,1049941,1049943,1049944,1049946,1049948,1049949,1049954,1049955,1049956,1049957,1049958,1049959,1049960,1049961,1049962,1049963,1049964,1049965,1049966,1049967,1049968,1049969,1049970,1049971,1049972,1049973,1049974,1049975,1049976,1049977,1049978,1049979,1049981,1049983,1049984,1049985,1049986,1049987,1049988,1049990,1049991,1049992,1049995,1049996,1049998,1049999,1050000,1050001,1050002,1050003,1050004,1050005,1050007,1050008,1050009,1050010,1050011,1050013,1050014,1050015,1050016,1050018,1050019,1050020,1050025,1050028,1050029,1050030,1050031,1050032,1050033,1050034,1050035,1050037,1050038,1050039,1050040,1050042,1050043,1050044,1050045,1050046,1050047,1050048,1050049,1050050,1050051,1050052,1050055,1050057,1050058,1050059,1050060,1050061,1050062,1050063,1050066,1050068,1050069,1050070,1050071,1050072,1050073,1050076,1050077,1050078,1050079,1050080,1050081,1050082,1050085,1050086,1050087,1050089,1050090,1050091,1050092,1050093,1050094,1050095,1050098,1050099,1050100,1050101,1050102,1050103,1050104,1050105,1050106,1050108,1050109,1050110,1050111,1050115,1050116,1050117,1050118,1050119,1050123,1050124,1050125,1050126,1050127,1050128,1050129,1050133,1050134,1050138,1050139,1050140,1050141,1050142,1050143,1050144,1050145,1050146,1050147,1050151,1050152,1050161,1050162,1050163,1050164,1050165,1050166,1050167,1050168,1050169,1050170,1050174,1050176,1050177,1050178,1050179,1050180,1050183,1050184,1050185,1050186,1050187,1050188,1050189,1050191,1050192,1050193,1050195,1050196,1050197,1050198,1050199,1050200,1050201,1050202,1050203,1050204,1050205,1050206,1050207,1050208,1050209,1050210,1050211,1050212,1050213,1050216,1050217,1050218,1050219,1050220,1050221,1050222,1050224,1050225,1050226,1050227,1050228,1050229,1050232,1050233,1050234,1050237,1050238,1050239,1050240,1050241,1050242,1050245,1050246,1050247,1050248,1050249,1050250,1050251,1050252,1050253,1050254,1050255,1050256,1050257,1050258,1050259,1050260,1050261,1050264,1050266,1050267,1050268,1050269,1050270,1050271,1050272,1050273,1050274,1050275,1050278,1050280,1050281,1050282,1050283,1050284,1050285,1050286,1050287,1050288,1050292,1050293,1050294,1050295,1050296,1050297,1050298,1050299,1050300,1050301,1050302,1050303,1050307,1050308,1050310,1050313,1050314,1050315,1050316,1050317,1050318,1050319,1050320,1050321,1050322,1050323,1050324,1050325,1050326,1050327,1050328,1050329,1050330,1050338,1050339,1050340,1050341,1050342,1050343,1050344,1050345,1050346,1050349,1050350,1050352,1050356,1050357,1050358,1050359,1050360,1050361,1050362,1050363,1050364,1050365,1050366,1050367,1050368,1050372,1050376,1050380,1050381,1050382,1050383,1050384,1050385,1050386,1050388,1050392,1050393,1050395,1050396,1050398,1050399,1050400,1050401,1050402,1050403,1050404,1050408,1050409,1050410,1050411,1050414,1050418,1050419,1050420,1050421,1050422,1050423,1050425,1050426,1050427,1050428,1050429,1050430,1050431,1050433,1050434,1050435,1050436,1050437,1050439,1050441,1050442,1050443,1050444,1050445,1050446,1050447,1050448,1050449,1050450,1050451,1050452,1050453,1050454,1050457,1050459,1050460,1050461,1050462,1050463,1050464,1050465,1050466,1050467,1050468,1050475,1050476,1050477,1050478,1050479,1050480,1050481,1050482,1050483,1050484,1050485,1050486,1050487,1050490,1050491,1050493,1050499,1050500,1050501,1050502,1050503,1050504,1050505,1050506,1050507,1050508,1050509,1050510,1050511,1050512,1050513,1050514,1050515,1050517,1050520,1050521,1050522,1050523,1050524,1050525,1050526,1050529,1050530,1050531,1050533,1050534,1050535,1050536,1050537,1050538,1050543,1050544,1050547,1050548,1050549,1050550,1050551,1050552,1050553,1050554,1050563,1050564,1050566,1050571,1050572,1050573,1050574,1050575,1050576,1050577,1050578,1050579,1050580,1050590,1050591,1050592,1050593,1050594,1050595,1050600,1050602,1050603,1050605,1050606,1050607,1050608,1050609,1050610,1050611,1050612,1050613,1050614,1050617,1050618,1050619,1050620,1050621,1050622,1050623,1050624,1050625,1050626,1050627,1050628,1050629,1050630,1050633,1050634,1050635,1050636,1050637,1050639,1050640,1050641,1050648,1050650,1050651,1050652,1050653,1050655,1050656,1050657,1050658,1050659,1050661,1050665,1050666,1050667,1050668,1050669,1050670,1050671,1050672,1050674,1050679,1050680,1050681,1050682,1050683,1050684,1050685,1050686,1050687,1050688,1050689,1050691,1050698,1050699,1050700,1050701,1050702,1050703,1050704,1050705,1050706,1050707,1050709,1050710,1050711,1050712,1050713,1050714,1050715,1050716,1050717,1050718,1050719,1050720,1050721,1050722,1050723,1050724,1050725,1050726,1050727,1050728,1050729,1050730,1050733,1050735,1050736,1050737,1050738,1050739,1050740,1050741,1050742,1050743,1050744,1050745,1050746,1050749,1050750,1050751,1050752,1050753,1050754,1050755,1050756,1050759,1050760,1050761,1050762,1050763,1050764,1050768,1050769,1050770,1050771,1050772,1050773,1050775,1050776,1050777,1050778,1050779,1050780,1050781,1050782,1050783,1050784,1050785,1050786,1050788,1050790,1050791,1050792,1050793,1050794,1050795,1050796,1050797,1050801,1050802,1050803,1050804,1050805,1050806,1050807,1050808,1050809,1050811,1050820,1050821,1050822,1050823,1050824,1050826,1050827,1050828,1050829,1050836,1050837,1050838,1050839,1050840,1050841,1050842,1050843,1050847,1050848,1050849,1050850,1050851,1050852,1050856,1050857,1050858,1050859,1050860,1050861,1050862,1050863,1050864,1050866,1050867,1050870,1050872,1050873,1050874,1050875,1050876,1050877,1050878,1050879,1050880,1050881,1050882,1050883,1050884,1050885,1050886,1050887,1050888,1050889,1050890,1050891,1050892,1050893,1050894,1050895,1050896,1050897,1050898,1050899,1050900,1050901,1050902,1050905,1050910,1050912,1050913,1050914,1050915,1050916,1050917,1050918,1050919,1050924,1050926,1050928,1050929,1050930,1050931,1050932,1050933,1050934,1050940,1050941,1050942,1050943,1050944,1050945,1050946,1050947,1050948,1050949,1050950,1050951,1050952,1050953,1050954,1050955,1050957,1050958,1050960,1050962,1050963,1050964,1050965,1050967,1050968,1050970,1050971,1050973,1050974,1050975,1050976,1050977,1050981,1050982,1050984,1050985,1050988,1050994,1050995,1050996,1050997,1050998,1050999,1051001,1051003,1051004,1051005,1051008,1051010,1051011,1051012,1051013,1051014,1051015,1051018,1051019,1051021,1051022,1051024,1051025,1051026,1051027,1051028,1051029,1051030,1051031,1051032,1051033,1051041,1051044,1051045,1051046,1051049,1051050,1051054,1051055,1051056,1051057,1051058,1051059,1051060,1051061,1051062,1051063,1051064,1051065,1051066,1051067,1051068,1051069,1051071,1051072,1051073,1051074,1051075,1051076,1051077,1051082,1051083,1051088,1051089,1051090,1051091,1051092,1051093,1051094,1051095,1051096,1051097,1051098,1051099,1051100,1051101,1051102,1051109,1051110,1051111,1051112,1051113,1051114,1051115,1051116,1051117,1051118,1051119,1051120,1051121,1051122,1051128,1051129,1051130,1051131,1051132,1051134,1051135,1051136,1051141,1051142,1051143,1051144,1051145,1051146,1051147,1051153,1051154,1051155,1051156,1051157,1051159,1051160,1051162,1051166,1051167,1051168,1051169,1051170,1051171,1051172,1051173,1051175,1051176,1051178,1051179,1051180,1051181,1051182,1051184,1051185,1051191,1051192,1051193,1051194,1051195,1051196,1051197,1051198,1051199,1051200,1051201,1051202,1051203,1051204,1051205,1051206,1051207,1051208,1051209,1051211,1051214,1051217,1051218,1051219,1051220,1051221,1051222,1051223,1051224,1051225,1051226,1051227,1051228,1051229,1051231,1051232,1051234,1051238,1051239,1051240,1051241,1051242,1051243,1051244,1051245,1051246,1051248,1051249,1051251,1051254,1051255,1051256,1051257,1051258,1051259,1051260,1051261,1051262,1051263,1051266,1051267,1051269,1051270,1051271,1051272,1051273,1051274,1051275,1051276,1051277,1051278,1051280,1051281,1051282,1051284,1051285,1051286,1051287,1051288,1051289,1051290,1051291,1051292,1051293,1051294,1051295,1051296,1051297,1051298,1051300,1051301,1051302,1051303,1051305,1051306,1051307,1051308,1051309,1051310,1051312,1051313,1051314,1051315,1051316,1051317,1051319,1051320,1051321,1051323,1051324,1051325,1051326,1051327,1051328,1051329,1051330,1051331,1051333,1051334,1051337,1051339,1051340,1051341,1051342,1051343,1051344,1051345,1051346,1051347,1051350,1051351,1051352,1051353,1051354,1051355,1051358,1051359,1051360,1051361,1051362,1051363,1051365,1051369,1051370,1051373,1051374,1051375,1051376,1051377,1051378,1051379,1051380,1051381,1051382,1051383,1051384,1051385,1051386,1051387,1051388,1051389,1051391,1051392,1051394,1051395,1051396,1051397,1051398,1051399,1051400,1051401,1051402,1051403,1051404,1051406,1051407,1051408,1051409,1051410,1051411,1051412,1051413,1051414,1051415,1051416,1051417,1051418,1051420,1051421,1051422,1051423,1051424,1051425,1051426,1051427,1051428,1051430,1051431,1051432,1051433,1051434,1051435,1051436,1051437,1051438,1051439,1051440,1051441,1051442,1051443,1051444,1051445,1051446,1051447,1051448,1051449,1051450,1051451,1051452,1051453,1051455,1051456,1051457,1051458,1051459,1051460,1051461,1051462,1051463,1051464,1051465,1051466,1051467,1051468,1051469,1051470,1051471,1051472,1051473,1051474,1051475,1051476,1051477,1051478,1051479,1051480,1051482,1051484,1051485,1051486,1051487,1051488,1051489,1051490,1051491,1051493,1051494,1051495,1051496,1051497,1051498,1051499,1051500,1051501,1051502,1051503,1051504,1051505,1051506,1051507,1051508,1051510,1051511,1051512,1051513,1051514,1051515,1051516,1051517,1051518,1051519,1051520,1051521,1051522,1051523,1051524,1051525,1051526,1051528,1051529,1051530,1051531,1051532,1051533,1051534,1051535,1051536,1051537,1051538,1051539,1051540,1051541,1051542,1051543,1051544,1051545,1051546,1051547,1051548,1051552,1051553,1051554,1051555,1051556,1051558,1051559,1051560,1051561,1051562,1051563,1051564,1051565,1051566,1051568,1051569,1051571,1051572,1051573,1051574,1051575,1051576,1051577,1051578,1051579,1051580,1051581,1051582,1051583,1051585,1051586,1051587,1051588,1051589,1051590,1051591,1051593,1051595,1051596,1051597,1051598,1051599,1051600,1051601,1051602,1051603,1051605,1051606,1051607,1051608,1051609,1051610,1051611,1051612,1051613,1051614,1051615,1051616,1051617,1051618,1051619,1051620,1051621,1051622,1051623,1051624,1051625,1051626,1051627,1051628,1051629,1051630,1051631,1051632,1051633,1051634,1051635,1051636,1051637,1051639,1051640,1051641,1051642,1051643,1051644,1051645,1051646,1051647,1051648,1051649,1051650,1051651,1051652,1051653,1051654,1051655,1051656,1051657,1051658,1051659,1051660,1051661,1051662,1051663,1051664,1051665,1051666,1051667,1051668,1051669,1051670,1051671,1051672,1051673,1051674,1051675,1051676,1051677,1051678,1051679,1051680,1051681,1051682,1051683,1051684,1051685,1051686,1051687,1051688,1051689,1051690,1051691,1051692,1051693,1051694,1051695,1051696,1051697,1051698,1051699,1051700,1051702,1051703,1051704,1051705,1051706,1051708,1051709,1051710,1051711,1051712,1051713,1051714,1051715,1051716,1051717,1051718,1051719,1051720,1051721,1051722,1051723,1051724,1051725,1051726,1051727,1051728,1051729,1051730,1051731,1051732,1051733,1051735,1051737,1051738,1051739,1051740,1051741,1051742,1051743,1051744,1051745,1051746,1051747,1051748,1051749,1051750,1051751,1051752,1051754,1051755,1051756,1051757,1051758,1051759,1051760,1051762,1051763,1051765,1051766,1051767,1051768,1051769,1051770,1051772,1051773,1051774,1051775,1051776,1051777,1051778,1051779
30:1048578,1048583,1050460,1050514,1050753,1051195,1051619
46:1048581,1048587,1048613,1048615,1048616,1048621,1048623,1048634,1048643,1048644,1048645,1048646,1048647,1048653,1048657,1048658,1048659,1048660,1048661,1048665,1048667,1048678,1048679,1048681,1048683,1048691,1048699,1048710,1048719,1048721,1048723,1048724,1048731,1048732,1048741,1048746,1048748,1048749,1048759,1048760,1048767,1048777,1048780,1048781,1048791,1048797,1048799,1048811,1048816,1048817,1048818,1048823,1048826,1048827,1048829,1048840,1048847,1048848,1048849,1048851,1048852,1048853,1048856,1048857,1048859,1048866,1048873,1048875,1048878,1048894,1048895,1048896,1048897,1048898,1048904,1048906,1048907,1048909,1048910,1048918,1048942,1048955,1048958,1048971,1048972,1048974,1048975,1048976,1048981,1048984,1048986,1048990,1048992,1049008,1049009,1049015,1049016,1049037,1049038,1049039,1049049,1049063,1049066,1049067,1049070,1049072,1049101,1049102,1049104,1049106,1049108,1049111,1049112,1049133,1049146,1049153,1049160,1049170,1049171,1049172,1049180,1049181,1049190,1049191,1049192,1049193,1049194,1049201,1049204,1049205,1049209,1049211,1049212,1049219,1049227,1049228,1049236,1049245,1049246,1049247,1049250,1049252,1049254,1049256,1049257,1049263,1049264,1049265,1049266,1049268,1049269,1049271,1049272,1049273,1049274,1049293,1049295,1049299,1049302,1049303,1049305,1049306,1049322,1049330,1049334,1049336,1049345,1049346,1049366,1049369,1049371,1049395,1049397,1049399,1049400,1049403,1049423,1049424,1049425,1049426,1049429,1049432,1049436,1049440,1049442,1049443,1049466,1049468,1049469,1049481,1049482,1049487,1049500,1049503,1049515,1049516,1049517,1049518,1049524,1049525,1049529,1049536,1049537,1049538,1049539,1049546,1049550,1049555,1049556,1049557,1049565,1049577,1049578,1049581,1049582,1049583,1049584,1049585,1049587,1049588,1049589,1049592,1049600,1049601,1049604,1049607,1049608,1049609,1049610,1049618,1049619,1049620,1049621,1049623,1049626,1049627,1049630,1049637,1049640,1049641,1049646,1049647,1049648,1049658,1049659,1049661,1049662,1049673,1049674,1049675,1049676,1049679,1049683,1049684,1049686,1049687,1049688,1049690,1049691,1049696,1049697,1049706,1049709,1049710,1049713,1049715,1049718,1049719,1049720,1049721,1049722,1049723,1049728,1049729,1049730,1049734,1049735,1049736,1049739,1049740,1049741,1049743,1049745,1049746,1049747,1049754,1049755,1049756,1049757,1049759,1049760,1049763,1049767,1049769,1049770,1049771,1049772,1049773,1049774,1049776,1049779,1049780,1049781,1049784,1049789,1049790,1049791,1049798,1049799,1049800,1049801,1049807,1049808,1049809,1049810,1049811,1049812,1049813,1049818,1049819,1049822,1049823,1049826,1049827,1049828,1049830,1049832,1049833,1049834,1049837,1049839,1049840,1049842,1049845,1049847,1049852,1049853,1049855,1049856,1049857,1049863,1049865,1049867,1049869,1049870,1049879,1049880,1049881,1049882,1049883,1049884,1049889,1049890,1049898,1049900,1049901,1049902,1049904,1049906,1049908,1049909,1049913,1049916,1049920,1049921,1049922,1049923,1049924,1049925,1049928,1049929,1049934,1049936,1049937,1049939,1049940,1049941,1049942,1049944,1049954,1049955,1049956,1049957,1049958,1049959,1049960,1049961,1049962,1049963,1049964,1049965,1049966,1049967,1049968,1049969,1049972,1049973,1049974,1049977,1049979,1049983,1049984,1049985,1049986,1049987,1049988,1049990,1049992,1049995,1049996,1049998,1050000,1050002,1050003,1050004,1050005,1050008,1050015,1050016,1050018,1050019,1050020,1050028,1050029,1050030,1050031,1050032,1050033,1050034,1050038,1050039,1050042,1050043,1050044,1050045,1050046,1050048,1050049,1050050,1050051,1050057,1050058,1050059,1050060,1050061,1050062,1050063,1050064,1050066,1050070,1050071,1050072,1050073,1050077,1050078,1050079,1050080,1050082,1050085,1050090,1050091,1050093,1050098,1050099,1050100,1050102,1050103,1050104,1050105,1050106,1050108,1050109,1050110,1050111,1050115,1050117,1050118,1050119,1050120,1050123,1050124,1050125,1050126,1050127,1050128,1050129,1050133,1050134,1050138,1050139,1050142,1050144,1050145,1050146,1050147,1050162,1050163,1050164,1050165,1050166,1050169,1050170,1050176,1050177,1050179,1050180,1050184,1050185,1050186,1050187,1050189,1050191,1050194,1050195,1050196,1050197,1050198,1050200,1050201,1050203,1050205,1050206,1050207,1050209,1050210,1050211,1050212,1050213,1050216,1050218,1050220,1050222,1050224,1050225,1050226,1050227,1050228,1050229,1050234,1050239,1050240,1050241,1050246,1050247,1050249,1050250,1050251,1050252,1050253,1050254,1050255,1050256,1050257,1050259,1050260,1050261,1050268,1050269,1050271,1050272,1050273,1050274,1050275,1050280,1050281,1050283,1050284,1050285,1050286,1050288,1050292,1050293,1050294,1050296,1050297,1050298,1050300,1050301,1050302,1050303,1050310,1050313,1050314,1050316,1050317,1050319,1050320,1050321,1050322,1050323,1050324,1050325,1050326,1050327,1050328,1050329,1050339,1050340,1050342,1050343,1050344,1050345,1050346,1050349,1050352,1050356,1050357,1050358,1050359,1050362,1050363,1050367,1050372,1050380,1050381,1050382,1050383,1050384,1050385,1050386,1050388,1050399,1050400,1050401,1050402,1050403,1050404,1050408,1050409,1050410,1050411,1050418,1050419,1050420,1050421,1050422,1050425,1050427,1050428,1050429,1050431,1050436,1050437,1050442,1050443,1050444,1050445,1050449,1050450,1050452,1050453,1050454,1050459,1050460,1050461,1050462,1050463,1050465,1050467,1050475,1050476,1050477,1050479,1050481,1050482,1050483,1050484,1050485,1050486,1050487,1050490,1050491,1050499,1050500,1050501,1050502,1050503,1050504,1050505,1050506,1050508,1050509,1050510,1050511,1050512,1050513,1050514,1050517,1050520,1050521,1050522,1050523,1050526,1050531,1050532,1050533,1050534,1050535,1050536,1050537,1050549,1050550,1050551,1050552,1050553,1050563,1050564,1050572,1050575,1050577,1050578,1050579,1050580,1050590,1050591,1050592,1050593,1050594,1050595,1050597,1050605,1050606,1050607,1050608,1050610,1050611,1050621,1050623,1050625,1050626,1050627,1050628,1050629,1050630,1050632,1050633,1050635,1050636,1050639,1050648,1050653,1050655,1050656,1050657,1050658,1050667,1050669,1050670,1050671,1050672,1050681,1050685,1050686,1050688,1050696,1050700,1050702,1050704,1050705,1050709,1050712,1050713,1050715,1050716,1050717,1050719,1050720,1050721,1050722,1050723,1050726,1050727,1050728,1050729,1050730,1050733,1050735,1050737,1050738,1050739,1050740,1050741,1050742,1050743,1050744,1050745,1050750,1050751,1050752,1050753,1050754,1050755,1050756,1050759,1050761,1050762,1050763,1050764,1050767,1050769,1050770,1050771,1050772,1050773,1050775,1050776,1050777,1050778,1050782,1050783,1050784,1050785,1050786,1050790,1050791,1050792,1050793,1050794,1050795,1050801,1050802,1050805,1050806,1050807,1050808,1050820,1050821,1050822,1050823,1050826,1050827,1050828,1050829,1050836,1050837,1050838,1050839,1050840,1050841,1050842,1050843,1050846,1050849,1050851,1050858,1050862,1050863,1050864,1050865,1050870,1050872,1050873,1050874,1050875,1050876,1050877,1050879,1050880,1050882,1050883,1050884,1050885,1050887,1050888,1050889,1050890,1050891,1050892,1050893,1050894,1050895,1050896,1050897,1050898,1050899,1050901,1050902,1050903,1050914,1050916,1050917,1050918,1050919,1050920,1050928,1050929,1050930,1050931,1050933,1050934,1050940,1050941,1050942,1050943,1050944,1050945,1050946,1050947,1050948,1050949,1050951,1050952,1050953,1050954,1050962,1050963,1050964,1050965,1050967,1050970,1050973,1050975,1050976,1050977,1050981,1050982,1050983,1050988,1050991,1050995,1050996,1050998,1050999,1051008,1051009,1051012,1051013,1051014,1051018,1051024,1051025,1051026,1051028,1051029,1051030,1051031,1051032,1051044,1051045,1051046,1051050,1051054,1051055,1051056,1051058,1051059,1051060,1051061,1051063,1051066,1051067,1051068,1051069,1051071,1051072,1051073,1051074,1051075,1051076,1051079,1051088,1051089,1051090,1051091,1051092,1051094,1051097,1051098,1051099,1051100,1051101,1051102,1051105,1051109,1051110,1051112,1051113,1051116,1051117,1051118,1051119,1051120,1051121,1051126,1051129,1051130,1051131,1051133,1051134,1051135,1051136,1051142,1051143,1051145,1051146,1051147,1051150,1051151,1051152,1051153,1051156,1051157,1051159,1051168,1051169,1051170,1051172,1051173,1051178,1051179,1051180,1051181,1051185,1051191,1051192,1051194,1051195,1051196,1051197,1051198,1051199,1051200,1051201,1051202,1051203,1051204,1051205,1051206,1051207,1051209,1051217,1051218,1051219,1051220,1051223,1051224,1051225,1051226,1051227,1051231,1051232,1051233,1051238,1051239,1051240,1051242,1051243,1051244,1051245,1051249,1051254,1051255,1051256,1051257,1051259,1051262,1051263,1051267,1051270,1051271,1051272,1051273,1051274,1051276,1051277,1051278,1051279,1051280,1051282,1051284,1051285,1051286,1051287,1051289,1051290,1051291,1051293,1051294,1051296,1051297,1051301,1051303,1051305,1051307,1051308,1051309,1051310,1051312,1051313,1051314,1051316,1051317,1051319,1051320,1051321,1051324,1051325,1051326,1051328,1051329,1051334,1051340,1051341,1051342,1051343,1051344,1051346,1051351,1051355,1051360,1051361,1051362,1051369,1051370,1051373,1051376,1051377,1051380,1051382,1051383,1051384,1051385,1051386,1051387,1051390,1051391,1051392,1051393,1051394,1051396,1051398,1051401,1051403,1051404,1051407,1051408,1051409,1051410,1051411,1051413,1051415,1051416,1051418,1051421,1051423,1051425,1051426,1051427,1051430,1051431,1051433,1051434,1051436,1051437,1051439,1051440,1051442,1051443,1051444,1051445,1051446,1051448,1051449,1051451,1051452,1051453,1051456,1051457,1051458,1051460,1051461,1051462,1051463,1051464,1051465,1051466,1051467,1051468,1051469,1051470,1051471,1051472,1051473,1051474,1051475,1051476,1051477,1051478,1051479,1051480,1051481,1051482,1051486,1051487,1051488,1051491,1051493,1051494,1051495,1051496,1051497,1051498,1051499,1051500,1051501,1051503,1051504,1051505,1051506,1051507,1051509,1051510,1051511,1051512,1051513,1051514,1051515,1051516,1051518,1051520,1051521,1051522,1051524,1051525,1051526,1051528,1051529,1051530,1051531,1051532,1051533,1051534,1051536,1051537,1051538,1051539,1051540,1051541,1051542,1051543,1051544,1051545,1051546,1051547,1051548,1051550,1051551,1051552,1051553,1051554,1051555,1051556,1051557,1051559,1051560,1051561,1051562,1051563,1051564,1051565,1051566,1051568,1051570,1051571,1051572,1051573,1051574,1051575,1051576,1051577,1051578,1051579,1051580,1051581,1051583,1051584,1051585,1051586,1051587,1051588,1051589,1051590,1051591,1051592,1051593,1051594,1051595,1051596,1051597,1051600,1051601,1051603,1051605,1051607,1051608,1051609,1051610,1051611,1051612,1051613,1051614,1051615,1051616,1051617,1051620,1051622,1051623,1051627,1051629,1051631,1051632,1051634,1051635,1051639,1051640,1051641,1051643,1051644,1051645,1051646,1051647,1051649,1051650,1051651,1051652,1051653,1051655,1051656,1051657,1051658,1051659,1051660,1051662,1051663,1051665,1051666,1051667,1051668,1051669,1051670,1051671,1051674,1051676,1051677,1051678,1051679,1051680,1051681,1051682,1051683,1051685,1051686,1051687,1051689,1051690,1051691,1051692,1051693,1051695,1051696,1051697,1051699,1051700,1051702,1051703,1051704,1051705,1051706,1051707,1051710,1051712,1051713,1051714,1051715,1051716,1051719,1051720,1051721,1051722,1051723,1051724,1051725,1051726,1051727,1051728,1051729,1051731,1051732,1051733,1051735,1051736,1051737,1051738,1051739,1051740,1051741,1051742,1051743,1051744,1051746,1051747,1051748,1051750,1051751,1051752,1051754,1051755,1051756,1051757,1051758,1051759,1051764,1051765,1051767,1051768,1051769,1051770,1051772,1051773,1051774,1051775,1051776,1051777,1051778,1051779
62:1048586,1048589,1049106,1049180,1049519,1049609,1049641,1049663,1049710,1049730,1049736,1049740,1049774,1049813,1049834,1049941,1049954,1049958,1049983,1049988,1049996,1050020,1050033,1050064,1050078,1050108,1050127,1050147,1050202,1050240,1050297,1050303,1050344,1050350,1050442,1050560,1050621,1050667,1050703,1050762,1050794,1050806,1050827,1050872,1050877,1050944,1051013,1051014,1051060,1051075,1051104,1051110,1051134,1051147,1051227,1051232,1051291,1051361,1051385,1051391,1051407,1051408,1051451,1051462,1051463,1051498,1051560,1051576,1051600,1051632,1051656,1051689,1051715,1051716,1051725,1051729,1051750,1051756,1051757,1051770
78:1048587,1049242,1049568,1049849,1050016,1050026,1050027,1050048,1050210,1050533,1050843,1051142
94:1048591,1048601,1048603,1048610,1048614,1048617,1048627,1048657,1048662,1048663,1048669,1048670,1048671,1048677,1048680,1048681,1048692,1048719,1048752,1048759,1048777,1048795,1048801,1048816,1048817,1048827,1048841,1048861,1048888,1048889,1048905,1048907,1048910,1048911,1048955,1048963,1048980,1048991,1049010,1049016,1049037,1049047,1049065,1049067,1049068,1049070,1049072,1049105,1049106,1049108,1049110,1049127,1049181,1049190,1049201,1049236,1049249,1049252,1049272,1049301,1049302,1049330,1049355,1049363,1049369,1049374,1049403,1049427,1049432,1049442,1049443,1049466,1049469,1049470,1049486,1049509,1049515,1049524,1049525,1049532,1049564,1049577,1049578,1049581,1049588,1049590,1049596,1049600,1049601,1049602,1049603,1049604,1049605,1049606,1049619,1049622,1049623,1049624,1049641,1049642,1049644,1049647,1049648,1049673,1049684,1049685,1049686,1049687,1049690,1049691,1049692,1049709,1049718,1049722,1049723,1049730,1049734,1049744,1049746,1049756,1049759,1049771,1049772,1049781,1049786,1049805,1049806,1049809,1049811,1049817,1049830,1049832,1049846,1049847,1049849,1049853,1049855,1049860,1049861,1049867,1049868,1049882,1049899,1049901,1049906,1049919,1049926,1049927,1049928,1049929,1049938,1049944,1049951,1049961,1049962,1049976,1049977,1049978,1049983,1049991,1049998,1050000,1050004,1050007,1050012,1050013,1050015,1050016,1050018,1050028,1050031,1050048,1050063,1050066,1050072,1050079,1050086,1050092,1050100,1050118,1050124,1050136,1050138,1050143,1050144,1050151,1050152,1050161,1050162,1050167,1050168,1050176,1050177,1050183,1050185,1050187,1050194,1050195,1050196,1050198,1050200,1050207,1050208,1050210,1050218,1050219,1050220,1050224,1050225,1050228,1050239,1050248,1050249,1050258,1050267,1050271,1050275,1050278,1050287,1050288,1050294,1050296,1050297,1050300,1050301,1050310,1050314,1050319,1050323,1050329,1050360,1050361,1050365,1050380,1050381,1050382,1050383,1050384,1050386,1050400,1050403,1050411,1050421,1050422,1050423,1050443,1050446,1050448,1050454,1050461,1050463,1050474,1050476,1050480,1050485,1050498,1050504,1050505,1050506,1050507,1050508,1050510,1050511,1050522,1050533,1050541,1050548,1050550,1050551,1050567,1050572,1050575,1050593,1050594,1050607,1050608,1050622,1050624,1050625,1050628,1050637,1050640,1050650,1050658,1050661,1050666,1050669,1050680,1050682,1050684,1050688,1050700,1050702,1050703,1050711,1050712,1050716,1050717,1050720,1050728,1050733,1050749,1050751,1050752,1050753,1050761,1050767,1050770,1050771,1050778,1050785,1050802,1050803,1050804,1050808,1050820,1050823,1050824,1050825,1050826,1050827,1050836,1050837,1050841,1050842,1050843,1050848,1050849,1050851,1050855,1050857,1050862,1050875,1050882,1050889,1050893,1050913,1050915,1050921,1050928,1050934,1050944,1050970,1050975,1050976,1050983,1051008,1051009,1051012,1051028,1051029,1051032,1051034,1051039,1051044,1051057,1051059,1051069,1051072,1051076,1051092,1051097,1051098,1051099,1051112,1051118,1051131,1051134,1051142,1051144,1051155,1051157,1051167,1051171,1051172,1051175,1051181,1051185,1051186,1051191,1051198,1051206,1051208,1051216,1051221,1051225,1051231,1051239,1051241,1051257,1051258,1051260,1051261,1051263,1051267,1051270,1051271,1051272,1051274,1051275,1051296,1051301,1051302,1051308,1051312,1051313,1051317,1051324,1051326,1051328,1051341,1051345,1051347,1051348,1051356,1051362,1051364,1051369,1051374,1051383,1051384,1051394,1051402,1051410,1051411,1051412,1051421,1051422,1051426,1051440,1051452,1051455,1051458,1051463,1051471,1051476,1051478,1051480,1051481,1051488,1051498,1051499,1051502,1051506,1051507,1051528,1051541,1051543,1051545,1051547,1051556,1051559,1051560,1051562,1051564,1051571,1051576,1051580,1051588,1051589,1051590,1051591,1051593,1051596,1051605,1051607,1051608,1051612,1051620,1051621,1051628,1051629,1051641,1051643,1051648,1051657,1051658,1051659,1051662,1051664,1051671,1051673,1051675,1051676,1051677,1051679,1051682,1051683,1051686,1051690,1051701,1051707,1051709,1051713,1051714,1051722,1051727,1051733,1051742,1051746,1051750,1051751
110:1048595,1048669,1048686,1048861,1048888,1048894,1048910,1048955,1049017,1049029,1049111,1049211,1049323,1049469,1049565,1049613,1049686,1049691,1049744,1049746,1049821,1049829,1049887,1049894,1049944,1050000,1050099,1050162,1050168,1050176,1050189,1050197,1050218,1050250,1050267,1050297,1050380,1050382,1050574,1050606,1050622,1050680,1050769,1050785,1050804,1050983,1051029,1051045,1051065,1051119,1051260,1051515,1051518,1051531,1051669,1051750
126:1048596,1048699,1048853,1048856,1049601,1049658,1049771,1049774,1050118,1050256,1050326,1050341,1050357,1050575,1050577,1050590,1050634,1050769,1050917,1050964,1051059,1051063,1051143,1051263,1051340,1051374,1051416,1051445,1051453,1051497,1051504,1051568,1051615,1051634
142:1048598,1050864
158:1048602,1048671,1048708,1048709,1048775,1048776,1048932,1048940,1049263,1049526,1049598,1049630,1049654,1049859,1049891,1049921,1050602,1051119,1051176
174:1048606,1048608,1048611,1048625,1048636,1048644,1048671,1048673,1048678,1048680,1048693,1048718,1048738,1048809,1048972,1048984,1048989,1049133,1049191,1049212,1049219,1049249,1049270,1049274,1049393,1049402,1049549,1049608,1049663,1049688,1049720,1049736,1049738,1049739,1049741,1049743,1049754,1049770,1049784,1049789,1049790,1049800,1049811,1049833,1049835,1049846,1049885,1049890,1049966,1049968,1049969,1049992,1050015,1050043,1050081,1050117,1050145,1050147,1050165,1050166,1050180,1050197,1050207,1050216,1050222,1050255,1050266,1050298,1050314,1050369,1050385,1050420,1050429,1050437,1050449,1050460,1050514,1050592,1050628,1050629,1050658,1050719,1050776,1050824,1050945,1051058,1051109,1051199,1051223,1051568,1051598,1051623,1051735,1051765,1051776
190:1048608,1048609,1048610,1048676,1048807,1048808,1048809,1048810,1048973,1048974,1048975,1048976,1048977,1048978,1048979,1048980,1048981,1048982,1048983,1048984,1048985,1048986,1048987,1048988,1049218,1049219,1049220,1049221,1049222,1049223,1049224,1049225,1049226,1049227,1049228,1049229,1049230,1049231,1049232,1049233,1049507,1049508,1049509,1049510,1049511,1049512,1049513,1049514,1049515,1049516,1049517,1049518,1049519,1049520,1049521,1049522,1049537,1049718,1049719,1049720,1049721,1049722,1049723,1049724,1049725,1049726,1049727,1049728,1049890,1049899,1049900,1049901,1049902,1049903,1049904,1049905,1049906,1049907,1049908,1049909,1049910,1049911,1050062,1050063,1050064,1050065,1050066,1050067,1050068,1050069,1050070,1050071,1050218,1050219,1050220,1050221,1050222,1050223,1050224,1050225,1050226,1050227,1050228,1050229,1050357,1050358,1050359,1050360,1050361,1050362,1050363,1050364,1050365,1050366,1050367,1050513,1050514,1050515,1050516,1050517,1050518,1050519,1050520,1050521,1050522,1050523,1050690,1050691,1050692,1050693,1050694,1050695,1050696,1050697,1050698,1050699,1050700,1050701,1050702,1050703,1050704,1050705,1050796,1050797,1050798,1050799,1050800,1050801,1050802,1050803,1050804,1050805,1050806,1050807,1050808,1050966,1050967,1050968,1050969,1050970,1050971,1050972,1050973,1050974,1050975,1050976,1050977,1051123,1051124,1051125,1051126,1051127,1051128,1051129,1051130,1051131,1051132,1051133,1051134,1051135,1051264,1051265,1051266,1051267,1051268,1051269,1051270,1051271,1051272,1051273,1051276,1051374,1051375,1051376,1051377,1051378,1051379,1051380,1051381,1051382,1051383,1051384,1051385,1051462,1051463,1051464,1051465,1051466,1051467,1051575,1051576,1051577,1051578,1051579,1051598,1051599,1051600,1051601,1051602,1051603,1051604,1051691,1051692,1051693,1051694,1051695,1051696,1051735,1051759,1051769,1051771
206:1048613,1050184,1051183
222:1048615,1048910,1049067,1049070,1049205,1049212,1049294,1049399,1049525,1049685,1049800,1049857,1049863,1049883,1049902,1049965,1049998,1050016,1050032,1050045,1050060,1050063,1050118,1050124,1050166,1050183,1050188,1050205,1050222,1050225,1050240,1050249,1050252,1050409,1050411,1050454,1050490,1050551,1050553,1050564,1050593,1050595,1050753,1050771,1050808,1050822,1050823,1050848,1050864,1050953,1050973,1050977,1051010,1051072,1051111,1051116,1051168,1051203,1051206,1051245,1051261,1051270,1051297,1051342,1051346,1051362,1051472,1051493,1051494,1051496,1051497,1051508,1051542,1051617,1051631,1051671,1051682,1051706,1051727
238:1048615,1048681,1048862,1049037,1049160,1049245,1049269,1049587,1049673,1049674,1049798,1049827,1049889,1049899,1049955,1049958,1049978,1049998,1050002,1050031,1050044,1050081,1050128,1050162,1050180,1050209,1050240,1050259,1050273,1050297,1050310,1050313,1050344,1050345,1050346,1050367,1050385,1050386,1050409,1050410,1050460,1050464,1050505,1050520,1050523,1050537,1050628,1050671,1050683,1050717,1050720,1050762,1050771,1050772,1050863,1050877,1050885,1050889,1050891,1050892,1050930,1050934,1050952,1050955,1051054,1051059,1051116,1051231,1051270,1051284,1051296,1051324,1051373,1051377,1051386,1051451,1051461,1051462,1051468,1051476,1051515,1051520,1051532,1051560,1051583,1051587,1051590,1051596,1051598,1051628,1051640,1051651,1051662,1051667,1051714,1051739,1051740
254:1048615,1048699,1048719,1048758,1048971,1048984,1049037,1049054,1049102,1049111,1049135,1049270,1049360,1049371,1049424,1049425,1049435,1049524,1049552,1049565,1049587,1049609,1049610,1049671,1049672,1049673,1049674,1049710,1049718,1049746,1049818,1049828,1049857,1049878,1049898,1049937,1049941,1049979,1049987,1049992,1050037,1050046,1050061,1050062,1050066,1050081,1050089,1050102,1050127,1050142,1050146,1050166,1050201,1050212,1050227,1050252,1050256,1050270,1050280,1050285,1050313,1050317,1050323,1050363,1050386,1050442,1050467,1050476,1050481,1050511,1050536,1050551,1050578,1050594,1050605,1050626,1050629,1050635,1050653,1050658,1050700,1050705,1050709,1050716,1050759,1050762,1050763,1050770,1050773,1050785,1050792,1050794,1050804,1050827,1050851,1050858,1050862,1050863,1050888,1050893,1050894,1050896,1050917,1050919,1050944,1050946,1050947,1050948,1050965,1050977,1050995,1051014,1051026,1051032,1051051,1051056,1051058,1051065,1051093,1051094,1051122,1051133,1051135,1051173,1051194,1051205,1051244,1051259,1051271,1051280,1051296,1051324,1051339,1051354,1051369,1051375,1051378,1051390,1051391,1051425,1051426,1051432,1051439,1051443,1051458,1051463,1051468,1051476,1051486,1051487,1051489,1051490,1051495,1051499,1051500,1051507,1051515,1051523,1051532,1051536,1051544,1051552,1051556,1051563,1051583,1051588,1051590,1051593,1051612,1051614,1051616,1051624,1051632,1051651,1051658,1051661,1051666,1051683,1051689,1051699,1051707,1051711,1051717,1051728,1051749,1051751,1051769
270:1048615,1048667,1049070,1049525,1049558,1049618,1049857,1049883,1049916,1049929,1049959,1049969,1050045,1050184,1050188,1050404,1050422,1050454,1050490,1050531,1050535,1050553,1050564,1050617,1050700,1050725,1050735,1050764,1050771,1050778,1050838,1051028,1051143,1051147,1051245,1051272,1051273,1051321,1051362,1051410,1051472,1051544,1051548,1051554,1051560,1051576,1051596,1051660,1051688,1051726
286:1048617,1048666,1048795,1048817,1048909,1048970,1049095,1049168,1049191,1049362,1049371,1049601,1049699,1049867,1049869,1050037,1050072,1050168,1050218,1050293,1050320,1050361,1050550,1050574,1050775,1050789,1051007,1051110,1051223,1051455,1051566,1051652,1051750,1051764,1051774
302:1048621,1048897,1049015,1049607,1049621,1049626,1049663,1049673,1049683,1049685,1049734,1049740,1049841,1049849,1049865,1049889,1049998,1050078,1050162,1050196,1050239,1050240,1050292,1050299,1050300,1050325,1050359,1050428,1050433,1050521,1050553,1050595,1050624,1050686,1050714,1050744,1050750,1050756,1050763,1050848,1050896,1050933,1051029,1051109,1051118,1051131,1051159,1051206,1051219,1051267,1051272,1051282,1051301,1051351,1051410,1051486,1051490,1051545,1051583,1051598,1051653,1051732,1051739,1051756,1051767
318:1048621,1048829,1048873,1049039,1049070,1049160,1049190,1049194,1049212,1049268,1049270,1049426,1049468,1049525,1049547,1049578,1049585,1049626,1049662,1049696,1049709,1049741,1049755,1049759,1049761,1049763,1049791,1049799,1049805,1049811,1049812,1049832,1049840,1049881,1049882,1049901,1049902,1049922,1049923,1049925,1049940,1049957,1049961,1049968,1049969,1049972,1049976,1049986,1050010,1050015,1050045,1050058,1050060,1050094,1050101,1050109,1050123,1050126,1050141,1050163,1050176,1050195,1050198,1050217,1050229,1050233,1050248,1050249,1050280,1050297,1050323,1050329,1050341,1050345,1050356,1050382,1050386,1050402,1050410,1050411,1050428,1050437,1050465,1050504,1050514,1050521,1050537,1050552,1050553,1050605,1050623,1050629,1050656,1050681,1050686,1050721,1050725,1050742,1050744,1050752,1050763,1050791,1050807,1050829,1050843,1050864,1050894,1050896,1050918,1050933,1050941,1050944,1050947,1050955,1050958,1051009,1051027,1051045,1051055,1051061,1051074,1051101,1051109,1051118,1051119,1051155,1051194,1051201,1051209,1051221,1051284,1051298,1051301,1051326,1051329,1051370,1051404,1051405,1051421,1051434,1051435,1051451,1051453,1051457,1051468,1051479,1051480,1051498,1051506,1051511,1051522,1051543,1051568,1051571,1051577,1051591,1051603,1051614,1051618,1051675,1051676,1051678,1051703,1051704,1051709,1051710,1051711,1051748,1051756
334:1048622,1048633,1048698,1048851,1048910,1049072,1049302,1049429,1049587,1049939,1050490,1050700,1050770,1050825,1050851,1050879,1051314,1051608,1051653,1051661,1051692,1051704,1051711,1051755
350:1048623,1048667,1048686,1049160,1049469,1049590,1049642,1049686,1049721,1049757,1049833,1049837,1050124,1050166,1050188,1050195,1050207,1050213,1050225,1050295,1050317,1050346,1050359,1050447,1050467,1050478,1050594,1050605,1050625,1050722,1050739,1050760,1050848,1050895,1050933,1051109,1051394,1051398,1051434,1051471,1051486,1051504,1051537,1051634,1051705,1051714,1051728
366:1048623,1049469,1050218,1050449,1050553,1050610,1050808,1050954,1051062,1051185,1051195,1051361,1051518,1051624,1051672
382:1048623,1048643,1048847,1048896,1048904,1048907,1048984,1049106,1049252,1049302,1049515,1049620,1049621,1049662,1049673,1049683,1049719,1049734,1049739,1049769,1049771,1049790,1049890,1049899,1049901,1049923,1049941,1049967,1049996,1050051,1050064,1050066,1050077,1050090,1050103,1050109,1050127,1050163,1050177,1050178,1050185,1050204,1050239,1050246,1050256,1050270,1050274,1050283,1050315,1050323,1050328,1050346,1050349,1050380,1050428,1050460,1050503,1050521,1050535,1050564,1050591,1050629,1050667,1050683,1050752,1050785,1050829,1050885,1050896,1050918,1050920,1050953,1050964,1050982,1050995,1051029,1051032,1051045,1051074,1051113,1051180,1051243,1051254,1051259,1051291,1051325,1051403,1051472,1051488,1051512,1051526,1051532,1051536,1051543,1051623,1051625,1051629,1051652,1051662,1051678,1051725,1051777
398:1048624,1048986
414:1048627,1048637,1048662,1048663,1048669,1048818,1048895,1049190,1049236,1049268,1049302,1049516,1049721,1049900,1049944,1050002,1050096,1050129,1050261,1050411,1050466,1050579,1050639,1050717,1050776,1050805,1050864,1050916,1050944,1050977,1051029,1051177,1051297,1051326,1051328,1051402,1051403,1051416,1051499,1051500,1051534,1051542,1051548,1051691,1051710,1051724
430:1048632,1048644,1048658,1048722,1049037,1049160,1049271,1049641,1049664,1049674,1049683,1049774,1049799,1049883,1050047,1050078,1050125,1050147,1050179,1050205,1050384,1050385,1050890,1050945,1051179,1051351,1051427,1051588,1051625,1051707
446:1048633,1048675,1048730,1048816,1048971,1049070,1049194,1049426,1049430,1049431,1049440,1049515,1049519,1049610,1049674,1049729,1049754,1049835,1049870,1049902,1049984,1050008,1050031,1050046,1050057,1050098,1050100,1050201,1050213,1050216,1050217,1050232,1050252,1050283,1050292,1050300,1050303,1050313,1050316,1050325,1050326,1050327,1050328,1050380,1050385,1050401,1050418,1050419,1050420,1050428,1050431,1050442,1050461,1050465,1050466,1050467,1050499,1050521,1050535,1050592,1050605,1050610,1050656,1050737,1050750,1050769,1050783,1050786,1050824,1050836,1050837,1050847,1050851,1050852,1050862,1050864,1050872,1050918,1050933,1050952,1050953,1050955,1050971,1050996,1050998,1051010,1051056,1051072,1051073,1051074,1051091,1051101,1051102,1051146,1051157,1051171,1051200,1051201,1051221,1051243,1051244,1051256,1051262,1051263,1051290,1051301,1051309,1051341,1051370,1051373,1051393,1051414,1051434,1051438,1051439,1051443,1051477,1051486,1051489,1051493,1051503,1051522,1051542,1051553,1051563,1051573,1051575,1051581,1051623,1051638,1051642,1051647,1051650,1051655,1051672,1051693,1051703,1051728,1051731
462:1048634,1048659,1048661,1049583
478:1048638,1048748,1048904,1048984,1049102,1049170,1049219,1049268,1049371,1049429,1049430,1049557,1049626,1049641,1049769,1049775,1049863,1049865,1049881,1049934,1049937,1049955,1049956,1049960,1049984,1049987,1049998,1050030,1050037,1050038,1050051,1050057,1050066,1050080,1050116,1050163,1050186,1050194,1050202,1050320,1050328,1050420,1050429,1050476,1050500,1050534,1050592,1050621,1050635,1050681,1050689,1050712,1050759,1050795,1050807,1050839,1050888,1050891,1050895,1050916,1050933,1050953,1050971,1051012,1051026,1051057,1051059,1051066,1051099,1051116,1051157,1051172,1051180,1051292,1051313,1051316,1051342,1051352,1051369,1051371,1051392,1051417,1051418,1051426,1051439,1051442,1051481,1051494,1051495,1051521,1051546,1051552,1051564,1051565,1051586,1051603,1051618,1051642,1051648,1051656,1051657,1051662,1051686,1051718,1051725
494:1048638,1049966,1050093,1050326,1050429,1050808,1050880,1051685
510:1048643,1048644,1048710,1048721,1048722,1048723,1048732,1048746,1048763,1048878,1048957,1049674,1049675,1049754,1049769,1049770,1049863,1049924,1049984,1050020,1050047,1050108,1050140,1050179,1050184,1050222,1050229,1050252,1050295,1050344,1050404,1050437,1050464,1050477,1050505,1050579,1050621,1050728,1050738,1050756,1050772,1050784,1050829,1050873,1050879,1050892,1050920,1050998,1050999,1051113,1051209,1051259,1051351,1051385,1051585,1051603,1051610,1051735,1051779
526:1048643,1048873,1049160,1049194,1049212,1049250,1049517,1049539,1049582,1049674,1049687,1049730,1049789,1049810,1049939,1049972,1049984,1049986,1049990,1050001,1050020,1050038,1050081,1050125,1050129,1050139,1050165,1050166,1050167,1050180,1050198,1050206,1050216,1050259,1050274,1050327,1050339,1050346,1050359,1050367,1050399,1050409,1050436,1050477,1050526,1050717,1050727,1050756,1050772,1050792,1050843,1050958,1051195,1051209,1051242,1051249,1051296,1051309,1051314,1051351,1051397,1051443,1051462,1051489,1051542,1051546,1051564,1051568,1051585,1051587,1051597,1051599,1051610,1051666,1051667,1051678,1051690,1051729,1051735,1051777
542:1048644,1049015,1049271,1049334,1049799,1050057,1050080,1050090,1050124,1050127,1050167,1050273,1050303,1050323,1050326,1050401,1050402,1050419,1050428,1050444,1050453,1050712,1050792,1050837,1050882,1050917,1051026,1051071,1051242,1051267,1051286,1051298,1051407,1051413,1051421,1051429,1051448,1051463,1051469,1051519,1051532,1051562,1051565,1051614,1051649,1051684,1051687
558:1048646,1048679,1048992,1049016,1049072,1049194,1049245,1049268,1049330,1049517,1049519,1049539,1049589,1049691,1049710,1049718,1049719,1049722,1049759,1049842,1049846,1049922,1049941,1049969,1049991,1050118,1050127,1050198,1050210,1050274,1050284,1050301,1050302,1050328,1050367,1050400,1050409,1050422,1050443,1050449,1050464,1050531,1050532,1050594,1050605,1050608,1050653,1050672,1050688,1050735,1050753,1050756,1050760,1050777,1050823,1050839,1050862,1050962,1050995,1051055,1051063,1051074,1051075,1051089,1051094,1051130,1051131,1051136,1051147,1051180,1051196,1051198,1051296,1051298,1051308,1051325,1051328,1051377,1051411,1051451,1051498,1051500,1051502,1051506,1051524,1051528,1051533,1051541,1051560,1051576,1051583,1051586,1051589,1051602,1051672,1051722,1051748,1051758,1051769,1051775,1051778
574:1048646,1048907,1049402,1049429,1049431,1049547,1049607,1049729,1049769,1049901,1049983,1049987,1050050,1050119,1050127,1050216,1050278,1050299,1050300,1050310,1050325,1050367,1050403,1050405,1050464,1050551,1050593,1050610,1050635,1050657,1050681,1050713,1050725,1050777,1050778,1050933,1050934,1050947,1050952,1051013,1051027,1051065,1051068,1051071,1051091,1051111,1051127,1051133,1051135,1051168,1051197,1051200,1051201,1051206,1051218,1051263,1051290,1051340,1051356,1051379,1051391,1051392,1051403,1051408,1051424,1051444,1051466,1051501,1051503,1051551,1051566,1051577,1051599,1051602,1051628,1051639,1051656,1051659,1051680,1051687,1051704,1051709,1051722,1051731,1051749,1051751,1051779
590:1048646,1048760,1048897,1049010,1049067,1049524,1049585,1049603,1049646,1049674,1049692,1049837,1049889,1049956,1049958,1049959,1050042,1050059,1050092,1050188,1050274,1050322,1050384,1050511,1050577,1050621,1050670,1050681,1050750,1050751,1050760,1050772,1050794,1050836,1050889,1050898,1050929,1051074,1051112,1051147,1051225,1051292,1051295,1051403,1051416,1051434,1051475,1051479,1051532,1051541,1051554,1051707,1051715,1051738,1051763,1051767,1051771
606:1048649,1048692,1048707,1048807,1049016,1049138,1049223,1049237,1049252,1049269,1049276,1049402,1049416,1049425,1049426,1049427,1049428,1049429,1049430,1049431,1049432,1049433,1049435,1049436,1049437,1049438,1049439,1049440,1049441,1049692,1049900,1050102,1050205,1050213,1050299,1050442,1050494,1050505,1050531,1050555,1050592,1050617,1050626,1050683,1050693,1050721,1050751,1050766,1050791,1050847,1050912,1050923,1050963,1050972,1051138,1051203,1051239,1051254,1051291,1051318,1051476,1051528,1051548,1051629,1051650,1051762
622:1048653,1049299,1050454,1050933,1050981,1051639
638:1048653,1049190,1049191,1049955,1050080,1050883
654:1048656
670:1048664,1049218
686:1048667,1051632
702:1048668,1048681,1048895,1049039,1049743,1049809,1049857,1049902,1049959,1049983,1050270,1050285,1050487,1050577,1050667,1050863,1050895,1050947,1051074,1051116,1051169,1051220,1051292,1051329,1051445,1051457,1051469,1051499,1051519,1051554,1051620,1051681,1051725,1051732,1051752
718:1048671,1050428,1050506,1050655,1050895,1051172,1051521,1051618,1051739
734:1048671,1048827,1048829,1048902,1048910,1048971,1049037,1049039,1049070,1049191,1049192,1049212,1049250,1049252,1049273,1049467,1049468,1049469,1049515,1049525,1049539,1049578,1049584,1049588,1049601,1049609,1049626,1049641,1049674,1049690,1049692,1049710,1049718,1049722,1049723,1049744,1049747,1049772,1049774,1049791,1049799,1049805,1049810,1049811,1049846,1049867,1049882,1049883,1049884,1049908,1049921,1049923,1049934,1049958,1049963,1049979,1049984,1049998,1050001,1050008,1050009,1050028,1050031,1050092,1050108,1050115,1050117,1050118,1050125,1050126,1050141,1050147,1050164,1050170,1050179,1050180,1050184,1050206,1050211,1050212,1050213,1050220,1050239,1050242,1050246,1050267,1050270,1050274,1050282,1050295,1050303,1050327,1050341,1050367,1050380,1050444,1050454,1050461,1050463,1050466,1050467,1050468,1050475,1050477,1050483,1050490,1050503,1050506,1050507,1050521,1050523,1050531,1050532,1050553,1050575,1050579,1050592,1050607,1050621,1050628,1050629,1050635,1050652,1050656,1050657,1050669,1050670,1050672,1050709,1050728,1050729,1050742,1050751,1050754,1050771,1050775,1050777,1050778,1050784,1050786,1050789,1050790,1050791,1050792,1050795,1050807,1050821,1050824,1050833,1050838,1050847,1050858,1050860,1050861,1050872,1050873,1050875,1050914,1050919,1050928,1050932,1050950,1050964,1050965,1050996,1051009,1051022,1051030,1051032,1051059,1051067,1051072,1051074,1051094,1051097,1051098,1051099,1051100,1051110,1051131,1051135,1051142,1051155,1051157,1051168,1051169,1051171,1051173,1051178,1051194,1051195,1051197,1051202,1051203,1051206,1051209,1051220,1051224,1051226,1051227,1051231,1051240,1051242,1051244,1051249,1051262,1051272,1051277,1051284,1051286,1051295,1051309,1051345,1051351,1051373,1051376,1051379,1051384,1051386,1051398,1051423,1051434,1051438,1051439,1051442,1051448,1051458,1051464,1051465,1051467,1051469,1051472,1051474,1051480,1051481,1051486,1051487,1051493,1051501,1051503,1051504,1051512,1051515,1051520,1051525,1051530,1051531,1051541,1051543,1051545,1051546,1051547,1051552,1051554,1051555,1051560,1051564,1051568,1051575,1051581,1051583,1051587,1051590,1051591,1051595,1051596,1051597,1051610,1051620,1051623,1051629,1051631,1051640,1051641,1051645,1051653,1051655,1051659,1051661,1051667,1051671,1051676,1051692,1051709,1051717,1051722,1051728,1051735,1051738,1051749,1051750,1051755,1051756,1051757,1051765,1051770,1051777,1051779
750:1048676,1048808,1048939
766:1048678,1048857,1049306,1049556,1049745,1049798,1049836,1049855,1049922,1049963,1050014,1050057,1050094,1050128,1050183,1050216,1050217,1050251,1050301,1050320,1050419,1050422,1050453,1050521,1050550,1050605,1050629,1050735,1050744,1050750,1050751,1050752,1050808,1050822,1050823,1050895,1050934,1050947,1050948,1050984,1051074,1051097,1051135,1051197,1051277,1051309,1051326,1051355,1051375,1051408,1051458,1051486,1051504,1051506,1051515,1051520,1051525,1051526,1051543,1051544,1051571,1051685,1051758
782:1048678
798:1048679,1048855,1048894,1048904,1049037,1049170,1049191,1049399,1049430,1049431,1049557,1049603,1049604,1049607,1049710,1049720,1049810,1049827,1049836,1049883,1049921,1049923,1049933,1049959,1049973,1049987,1050014,1050062,1050063,1050082,1050142,1050184,1050213,1050221,1050228,1050261,1050296,1050323,1050356,1050386,1050419,1050443,1050449,1050450,1050476,1050498,1050579,1050596,1050609,1050635,1050702,1050720,1050727,1050738,1050739,1050742,1050752,1050761,1050762,1050763,1050770,1050771,1050785,1050790,1050804,1050822,1050838,1050851,1050858,1050862,1050880,1050901,1050931,1050932,1050944,1050953,1050977,1050998,1051012,1051032,1051075,1051093,1051099,1051120,1051121,1051136,1051147,1051157,1051168,1051173,1051206,1051227,1051233,1051256,1051263,1051273,1051279,1051286,1051291,1051293,1051316,1051339,1051417,1051431,1051440,1051445,1051446,1051451,1051458,1051482,1051494,1051495,1051497,1051499,1051506,1051525,1051539,1051542,1051574,1051579,1051589,1051590,1051608,1051625,1051643,1051668,1051669,1051680,1051699,1051709,1051723,1051728,1051732,1051760
814:1048681
830:1048681,1048785,1049375
846:1048685,1049268
862:1048690,1048825,1048895,1049038,1049058,1049102,1049191,1049202,1049227,1049229,1049232,1049333,1049368,1049369,1049424,1049430,1049432,1049472,1049581,1049587,1049619,1049625,1049626,1049647,1049673,1049689,1049690,1049709,1049710,1049715,1049733,1049759,1049779,1049801,1049809,1049829,1049850,1049865,1049880,1049898,1049899,1049906,1049916,1049923,1049925,1049934,1049942,1049956,1049964,1049967,1049974,1049979,1049984,1049990,1049999,1050002,1050006,1050031,1050032,1050040,1050045,1050046,1050060,1050066,1050117,1050123,1050124,1050127,1050144,1050145,1050163,1050165,1050187,1050188,1050201,1050216,1050246,1050252,1050258,1050285,1050300,1050302,1050312,1050324,1050343,1050380,1050382,1050402,1050404,1050406,1050410,1050420,1050431,1050435,1050444,1050453,1050460,1050491,1050500,1050503,1050511,1050514,1050534,1050547,1050549,1050564,1050577,1050579,1050607,1050610,1050621,1050635,1050636,1050639,1050640,1050653,1050655,1050656,1050657,1050658,1050667,1050688,1050689,1050705,1050713,1050723,1050727,1050730,1050735,1050744,1050753,1050762,1050770,1050773,1050779,1050805,1050827,1050828,1050829,1050849,1050862,1050874,1050877,1050888,1050889,1050895,1050916,1050918,1050955,1050971,1050977,1050981,1050986,1050996,1051008,1051013,1051024,1051026,1051027,1051028,1051032,1051045,1051058,1051059,1051068,1051076,1051088,1051091,1051094,1051099,1051116,1051121,1051122,1051136,1051155,1051156,1051169,1051170,1051172,1051223,1051234,1051240,1051245,1051259,1051274,1051276,1051284,1051290,1051293,1051297,1051313,1051315,1051340,1051341,1051342,1051362,1051370,1051371,1051373,1051377,1051386,1051387,1051391,1051396,1051403,1051407,1051408,1051411,1051413,1051421,1051423,1051430,1051432,1051433,1051445,1051452,1051493,1051497,1051499,1051500,1051504,1051506,1051511,1051515,1051516,1051518,1051520,1051522,1051529,1051532,1051533,1051542,1051546,1051547,1051550,1051553,1051573,1051579,1051580,1051583,1051585,1051592,1051601,1051602,1051607,1051626,1051633,1051642,1051645,1051647,1051648,1051652,1051656,1051678,1051681,1051684,1051695,1051699,1051702,1051708,1051710,1051713,1051714,1051720,1051724,1051726,1051738,1051740,1051748,1051772
878:1048691
894:1048695
910:1048698,1048718,1049160,1049191,1049832,1049840,1050047,1050420,1050808,1051601
926:1048701,1048821,1049340,1049459,1049920,1049998,1050118,1050153,1050173,1050191,1050207,1050215,1050239,1050391,1050451,1050723,1050985,1051354,1051713
942:1048707,1048901,1050610,1051276
958:1048712,1048719,1049228,1049305,1049587,1049745,1049800,1049810,1049839,1049883,1049899,1049990,1050031,1050043,1050246,1050256,1050430,1050431,1050514,1050688,1050702,1050849,1050881,1050971,1051285,1051290,1051314,1051339,1051394,1051491,1051616,1051662
974:1048718
990:1048719,1048908,1049270,1049592,1049640,1049641,1049756,1049809,1049842,1049877,1049935,1050091,1050119,1050276,1050311,1050318,1050482,1051110,1051208,1051607,1051611,1051676
1006:1048721,1050232,1050773
1022:1048725,1048870,1048894,1049078,1049090,1049107,1049215,1049526,1049539,1049921,1049926,1050220,1050297,1050595,1050713,1050739,1050744,1050804,1050843,1050861,1051130
1038:1048733,1048734,1048735,1048752,1048753,1048913,1048914,1048933,1048944,1048965,1048994,1049085,1049087,1049090,1049158,1049196,1049234,1049260,1049262,1049308,1049309,1049310,1049311,1049379,1049406,1049410,1049411,1049446,1049451,1049452,1049458,1049475,1049497,1049614,1049615,1049666,1049684,1049721,1050026,1050067,1050070
1054:1048742
1070:1048751,1048784,1048981,1051066,1051323,1051432,1051457
1086:1048759,1048841,1049800,1049809,1050088,1050823,1051379,1051422,1051547,1051605
1102:1048760,1049252,1049299,1049916,1050296,1050727,1050879,1051202,1051295,1051465,1051470,1051477,1051486,1051586,1051667,1051679
1118:1048765,1048914,1048964,1049430,1049828,1049984,1050339,1051462,1051599
1134:1048775,1048776,1049684,1049847,1049940,1049963,1050344,1050665,1050851,1050883,1050985,1051130,1051181,1051377,1051472
1150:1048777,1050410,1050448,1051026,1051122,1051206,1051514,1051554,1051596
1166:1048780
1182:1048791
1198:1048797,1049303,1049425,1049709,1049781,1049834,1049963,1049965,1049978,1049984,1050063,1050076,1050103,1050227,1050268,1050280,1050401,1050420,1050427,1050449,1050463,1050536,1050609,1050684,1050744,1050753,1050771,1050790,1050807,1050820,1050861,1050864,1051179,1051267,1051277,1051328,1051346,1051379,1051402,1051520,1051612,1051717,1051729,1051752,1051764
1214:1048800
1230:1048811,1049111,1049180,1049683,1049978,1050129,1050212,1050325,1050750,1050890,1050948,1051026,1051297,1051309,1051373,1051407,1051426,1051488,1051568,1051573,1051627,1051749
1246:1048814,1048850,1048867,1048984,1049015,1049194,1049201,1049209,1049226,1049228,1049230,1049232,1049250,1049373,1049466,1049467,1049519,1049607,1049743,1049769,1049811,1049846,1049934,1049990,1050031,1050032,1050081,1050089,1050090,1050102,1050202,1050227,1050255,1050256,1050270,1050274,1050275,1050286,1050300,1050405,1050504,1050510,1050512,1050551,1050645,1050657,1050689,1050715,1050735,1050853,1050863,1050882,1050889,1050963,1051026,1051030,1051076,1051091,1051094,1051118,1051136,1051150,1051206,1051225,1051263,1051286,1051297,1051370,1051407,1051421,1051457,1051480,1051522,1051542,1051553,1051565,1051574,1051587,1051624,1051628,1051642,1051659,1051670,1051671,1051701,1051709,1051710,1051738
1262:1048816,1049180,1049799,1049991,1050109,1050247,1050299,1050574,1050626,1051274,1051478,1051598
1278:1048818,1049246,1050020,1050031,1050419,1050762,1050841,1050880,1051058,1051370,1051426,1051473,1051506,1051532,1051554,1051624,1051695,1051748
1294:1048818,1048851,1048992,1049016,1049105,1049272,1049434,1049663,1049674,1049924,1049960,1049969,1050092,1050100,1050146,1050196,1050325,1050481,1050653,1050738,1050762,1050793,1050805,1050880,1050964,1051060,1051296,1051328,1051610,1051692,1051747
1310:1048823,1049427,1050184,1050246,1050282,1050392,1050434,1050744,1051051
1326:1048826
1342:1048827,1048829,1048857,1049600,1049745,1049880,1050008,1050180,1050229,1050246,1050287,1050302,1050316,1050339,1050454,1050475,1050480,1050712,1050729,1050773,1050790,1050918,1050929,1050963,1051069,1051099,1051392,1051496,1051513,1051573,1051610,1051617,1051668
1358:1048829,1048990,1049924,1050879,1050958
1374:1048833,1049080,1049250,1049721,1050000,1050045,1050249,1050251,1050252,1050723,1050830,1050870,1050885,1050889,1050958,1051045,1051079,1051184,1051244,1051345,1051401,1051409,1051536,1051561,1051648
1390:1048839,1048874,1049054,1049252,1049426,1049429,1049431,1049433,1049436,1049692,1050531,1050590,1050683,1050751,1050916,1050923,1050976,1051098,1051138,1051289,1051572,1051689,1051718
1406:1048846
1422:1048852,1050386,1050750,1051013,1051072,1051207,1051260,1051393,1051424,1051434,1051493,1051601,1051647,1051719
1438:1048853,1048920,1048921,1049000,1049016,1049160,1049192,1049212,1049451,1049452,1049458,1049517,1049537,1049600,1049608,1049737,1049742,1049755,1049770,1049772,1049786,1049809,1049846,1049865,1049870,1049881,1049919,1049937,1049969,1050028,1050069,1050071,1050081,1050105,1050125,1050163,1050201,1050207,1050216,1050225,1050240,1050259,1050340,1050357,1050399,1050475,1050491,1050518,1050605,1050629,1050635,1050656,1050744,1050751,1050764,1050795,1050808,1050931,1051045,1051046,1051074,1051109,1051156,1051202,1051232,1051258,1051259,1051276,1051277,1051284,1051285,1051298,1051316,1051362,1051387,1051395,1051423,1051424,1051440,1051475,1051480,1051506,1051514,1051533,1051545,1051593,1051602,1051624,1051632,1051635,1051646,1051654,1051656,1051685,1051690,1051752,1051759,1051768,1051778
1454:1048857,1050808
1470:1048859,1050864,1051556,1051606,1051708,1051719
1486:1048863
1502:1048868,1049578
1518:1048873,1049110,1049294,1049720,1049809,1049916,1050008,1050072,1050188,1050216,1050481,1050667,1050685,1050750,1050808,1051120,1051532,1051533,1051579,1051608,1051669
1534:1048875
1550:1048880,1048972,1049139,1050147,1050280,1050402,1050460,1050514,1050722,1050824,1051199
1566:1048891,1048977,1048978,1049219,1049484,1049520,1049647,1049659,1049763,1049934,1050111,1050164,1050199,1050201,1050268,1050280,1050281,1050635,1050658,1050808,1050981,1051169,1051259,1051293,1051652,1051680
1582:1048895,1050382,1050437,1050465,1050521,1051661
1598:1048896,1049205,1049603,1049688,1049769,1049813,1049833,1049984,1050044,1050183,1050240,1050246,1050256,1050270,1050273,1050280,1050512,1050553,1050572,1050651,1050658,1050666,1050764,1050836,1050916,1050951,1051028,1051122,1051219,1051244,1051305,1051361,1051390,1051448,1051518,1051546,1051608,1051624,1051689,1051745,1051779
1614:1048896,1051390
1630:1048897,1050129,1050429,1050889,1051208
1646:1048904,1049015,1049212,1049303,1049489,1049490,1049494,1049495,1049607,1049609,1049673,1049769,1049811,1049827,1049865,1049902,1049923,1050051,1050064,1050196,1050227,1050256,1050274,1050280,1050360,1050464,1050501,1050510,1050657,1050681,1050808,1050882,1050899,1051150,1051286,1051490,1051565,1051589,1051611,1051613,1051710
1662:1048910
1678:1048920,1050069
1694:1048932
1710:1048945,1048965,1051155
1726:1048954,1051417
1742:1048961,1049426,1049497,1049642,1050236,1050667,1050719,1051779
1758:1048971,1048980,1049072,1049623,1049627,1049641,1049647,1049685,1049722,1049781,1049855,1049901,1049902,1049903,1049908,1050009,1050091,1050110,1050118,1050216,1050300,1050382,1050454,1050490,1050509,1050521,1050533,1050608,1050627,1050688,1050700,1050703,1050705,1050751,1050782,1050791,1050794,1050840,1050848,1050858,1050941,1050963,1050996,1051059,1051062,1051068,1051099,1051110,1051118,1051129,1051178,1051202,1051208,1051218,1051239,1051249,1051255,1051272,1051276,1051301,1051303,1051317,1051391,1051395,1051396,1051414,1051437,1051452,1051457,1051493,1051500,1051502,1051513,1051545,1051564,1051566,1051580,1051611,1051617,1051653,1051666,1051671,1051687,1051732
1774:1048972,1049015,1049106,1049299,1049608,1049882,1049956,1050537,1050790,1050879,1051692,1051733,1051748
1790:1048982,1049254,1049305,1050226
1806:1048989
1822:1048992
1838:1048995,1049040,1049096,1050808
1854:1049004
1870:1049010
1886:1049014,1049113,1049114,1049115,1049123,1049124,1049125,1049126,1049274,1049442,1049763,1049869,1049883,1049925,1049961,1050070,1050444,1050463,1050511,1050521,1050551,1050576,1050715,1050778,1050833,1050885,1050944,1051012,1051045,1051062,1051090,1051111,1051132,1051185,1051271,1051292,1051314,1051318,1051325,1051339,1051539,1051588,1051607,1051632,1051659,1051660,1051670
1902:1049015
1918:1049018,1049128
1934:1049030,1049379,1049478
1950:1049037
1966:1049039,1049248,1049334,1049646,1049813,1049857,1049890,1049929,1049987,1050050,1050302,1050367,1050430,1050486,1050535,1050700,1050838,1050995,1051074,1051257,1051383,1051544,1051580,1051599,1051680,1051688,1051713,1051717
1982:1049047
1998:1049056
2014:1049061,1049702
2030:1049067,1049848,1050297,1050712
2046:1049072,1049683,1049836
2062:1049094,1049250,1049589,1049684,1049710,1049718,1049772,1049839,1049870,1049972,1050029,1050037,1050063,1050125,1050183,1050189,1050225,1050261,1050385,1050444,1050453,1050621,1050771,1050783,1050808,1050862,1050877,1050999,1051109,1051204,1051206,1051239,1051302,1051307,1051319,1051402,1051473,1051619,1051622,1051624,1051627,1051632,1051644,1051647,1051661,1051683,1051727,1051737,1051752
2078:1049104
2094:1049106,1050003
2110:1049106,1049191,1049466,1049882,1049956,1050029,1050339,1050437,1050483,1050578,1050657,1050730,1050742,1050794,1051170,1051352,1051361,1051453,1051585,1051641
2126:1049108,1049830,1050002,1050465,1051073,1051257,1051286,1051295,1051296,1051339,1051462,1051590,1051710
2142:1049111,1049751,1050028,1050220,1050306,1050319,1050470,1050479,1050485,1050573,1050583,1050824,1050949,1051040,1051140,1051382
2158:1049129,1051181
2174:1049134
2190:1049148,1049336,1049610,1049709,1049798,1050184,1050267,1050344,1050382,1050576,1050951,1051227,1051267,1051326,1051374,1051376,1051402,1051473,1051528,1051566,1051595,1051777
2206:1049160,1049836,1049904
2222:1049161
2238:1049170,1049769,1049812,1049828,1050147,1050301,1050564,1050672,1050702,1050742,1050762,1050792,1050954,1050973,1051156,1051405,1051435,1051608,1051708
2254:1049175,1050794,1051525
2270:1049180,1049250,1049965,1050008,1050437,1050444,1050453,1050608,1050628,1051110,1051276,1051379,1051580,1051590,1051593,1051596
2286:1049191,1049299,1049674,1049924,1049956,1049957,1050203,1050345,1050483,1050738,1050884,1050920,1051054,1051055,1051155,1051385,1051427,1051578,1051586,1051597,1051641
2302:1049191
2318:1049194
2334:1049194
2350:1049205,1050512,1051139,1051212
2366:1049210,1049726,1049995,1050254,1050603,1050606,1051064,1051095,1051727
2382:1049218,1049496,1051630,1051674
2398:1049229,1051578,1051705
2414:1049235
2430:1049243,1050279
2446:1049245,1049557
2462:1049245,1050171,1050404,1050700
2478:1049246
2494:1049250,1049587,1049691,1049884,1050000,1050045,1050060,1050072,1050198,1050314,1050480,1050490,1050764,1050999,1051109,1051205,1051277,1051303,1051437,1051459,1051480,1051589,1051671,1051685,1051750
2510:1049251,1051041,1051291
2526:1049254,1049305,1049847,1050864
2542:1049264
2558:1049269,1050790
2574:1049271,1050081,1050274,1051454
2590:1049272,1049341,1049461,1049594,1050018,1050943,1051046,1051058,1051088,1051116,1051195,1051203,1051346,1051430,1051460,1051691,1051700,1051747
2606:1049274
2622:1049287
2638:1049294,1051669
2654:1049299
2670:1049299,1050203,1050345
2686:1049303,1049890,1049973,1050091,1050933,1051255,1051403,1051614
2702:1049307,1049457
2718:1049320
2734:1049330,1049673,1049746,1049968,1050016,1050079,1050176,1050220,1050422,1050521,1050671,1050685,1050754,1050873,1050934,1051100,1051157,1051181,1051196,1051200,1051203,1051430,1051459,1051466,1051511,1051621,1051762
2750:1049337
2766:1049346,1049482
2782:1049360,1049552
2798:1049371
2814:1049373,1050029
2830:1049386
2846:1049397,1049683,1049960,1049987,1050050,1050189,1050311,1050315,1050316,1050520,1050703,1050934,1050950,1051172,1051203,1051416,1051467,1051500
2862:1049400,1049683,1050018,1050500,1050545,1050547,1051420,1051497,1051503,1051631,1051665,1051677
2878:1049408,1049869,1050971
2894:1049418
2910:1049426,1049430,1049435,1049440
2926:1049430
2942:1049437,1050719,1050842,1051237,1051272,1051702
2958:1049449
2974:1049467
2990:1049485,1051536,1051748
3006:1049515,1049648,1049728,1050249
3022:1049521
3038:1049525,1050779
3054:1049537,1049735,1049999,1050043,1050109,1051777
3070:1049540,1049597,1049867,1049968,1050072,1050168,1050550,1050603,1050606,1051095,1051239,1051379,1051455,1051596
3086:1049545,1049569,1049750,1049803,1050494,1050544,1050555,1050616,1050617,1050693,1050766,1050923,1051358,1051660
3102:1049548
3118:1049552,1050327
3134:1049557,1049578,1049583,1049589,1049608,1049697,1049718,1049719,1049744,1049757,1049846,1049899,1049939,1050010,1050031,1050077,1050082,1050092,1050093,1050116,1050117,1050180,1050184,1050270,1050271,1050274,1050298,1050301,1050303,1050367,1050384,1050483,1050487,1050520,1050564,1050592,1050629,1050635,1050688,1050702,1050850,1050941,1050945,1050954,1050977,1050999,1051025,1051026,1051030,1051058,1051157,1051168,1051219,1051244,1051416,1051422,1051457,1051458,1051464,1051503,1051512,1051536,1051564,1051565,1051590,1051735,1051736
3150:1049569,1051762
3166:1049576
3182:1049578
3198:1049578,1050486,1051568
3214:1049585,1050273,1051592
3230:1049588,1049710,1049744,1049798,1050227,1050278,1050712,1050762,1050845,1050866,1050949,1051015,1051033,1051045,1051062,1051156,1051157,1051268,1051271,1051291,1051424,1051426,1051439,1051468,1051479,1051497,1051522,1051523,1051555,1051586
3246:1049594
3262:1049603,1049922
3278:1049608,1049882,1050955
3294:1049610,1049773,1049898,1050669,1050864,1050916,1051131,1051191,1051345,1051681
3310:1049620,1049960
3326:1049623,1050577,1050944
3342:1049627,1049908
3358:1049641,1049745,1049838,1050064,1050066,1050099,1050320,1050326,1051167,1051314,1051710,1051717,1051725
3374:1049647,1050064,1050217,1050298,1051090,1051341,1051681
3390:1049659,1050077,1050138,1050901,1050916,1051076,1051167
3406:1049671
3422:1049674,1051700
3438:1049682
3454:1049685
3470:1049688,1050504
3486:1049690,1049867,1050001
3502:1049697
3518:1049710,1050125,1050934,1051616
3534:1049719,1049734,1049867,1049959,1051543
3550:1049721,1050317,1050363,1050511,1051267
3566:1049729,1050213,1050359,1050605,1050919,1051170,1051184,1051278,1051426,1051506,1051639,1051732
3582:1049732,1050159,1050289
3598:1049736
3614:1049739,1050777,1050921,1050961,1051034
3630:1049744,1049767,1050707,1050978,1051190
3646:1049745,1050864,1051122,1051297
3662:1049748
3678:1049754,1049934,1050222,1050380,1050404,1050608,1050755,1050933,1051009,1051255,1051439,1051486,1051642,1051704
3694:1049756
3710:1049760
3726:1049768
3742:1049771
3758:1049776
3774:1049785,1050164,1051662
3790:1049797
3806:1049803
3822:1049810,1050165,1051156,1051769
3838:1049813
3854:1049822,1050875,1051309,1051341,1051486,1051681,1051687
3870:1049830
3886:1049836,1049898,1050061,1050189,1050266,1050273,1050303,1050326,1050402,1050459,1050465,1050476,1050480,1050503,1050535,1050539,1050668,1050917,1051025,1051097,1051221,1051226,1051243,1051294,1051316,1051413,1051434,1051437,1051439,1051441,1051451,1051470,1051486,1051489,1051491,1051554,1051560,1051575,1051581,1051617,1051627,1051652
3902:1049840,1050685
3918:1049847
3934:1049855,1049939
3950:1049863
3966:1049869
3982:1049882,1051197
3998:1049885
4014:1049890,1050608
4030:1049899,1049969,1051666
4046:1049911
4062:1049917,1050135,1050334
4078:1049924
4094:1049927,1050297,1050623,1050929,1050930
4110:1049937,1051524
4126:1049940
4142:1049943,1050771
4158:1049955,1050793
4174:1049959,1050789,1051461,1051643,1051756
4190:1049961,1049972
4206:1049966,1050255,1050973,1051055,1051194,1051347
4222:1049972
4238:1049976,1050361,1050450,1050567,1050593,1050682,1050684,1050860,1050970,1051164,1051248,1051250,1051320,1051345,1051465
4254:1049984
4270:1049985,1050838,1050949,1051011,1051054,1051147,1051159,1051173,1051315,1051445,1051715,1051755
4286:1049988,1051307
4302:1049992
4318:1049999
4334:1050002,1050103,1050974,1051326,1051569
4350:1050006
4366:1050009,1050221,1050728,1051418
4382:1050016
4398:1050025
4414:1050031,1051424,1051686
4430:1050040,1051564,1051667
4446:1050044
4462:1050049,1051683
4478:1050056
4494:1050062,1050326,1050380,1050437,1051240,1051270,1051715
4510:1050073,1051628
4526:1050081,1050274,1051662
4542:1050086,1050136,1050193,1050214,1050676,1050677
4558:1050092
4574:1050094,1050180
4590:1050102,1051619
4606:1050108,1050273
4622:1050116,1050317
4638:1050122
4654:1050127,1050768,1051471
4670:1050138
4686:1050143
4702:1050161,1050319,1050455,1050474
4718:1050165,1050821
4734:1050166,1050255
4750:1050172,1050456,1051727
4766:1050180
4782:1050186,1051184,1051588
4798:1050196,1051725
4814:1050203
4830:1050207,1050225,1051116,1051377,1051440,1051441,1051757
4846:1050213
4862:1050222
4878:1050226,1050881,1051629
4894:1050233,1050801
4910:1050240
4926:1050246
4942:1050253
4958:1050257,1050281,1050670
4974:1050266,1050508
4990:1050270,1050293,1050449,1050540,1050659,1050684,1050775,1050918,1051527,1051589,1051601
5006:1050274
5022:1050278
5038:1050280
5054:1050286,1051287,1051620,1051629
5070:1050288,1050622,1051256,1051628
5086:1050297,1050769
5102:1050301
5118:1050307
5134:1050313
5150:1050316,1050945
5166:1050327
5182:1050339
5198:1050344,1050593
5214:1050347
5230:1050361,1050435,1050548,1050567,1050593,1050607,1050608,1050682,1050684,1050714,1050783,1050826,1050934,1051118,1051134,1051200,1051248,1051263,1051311,1051345,1051480,1051566,1051658,1051687,1051701,1051751
5246:1050375
5262:1050383
5278:1050395
5294:1050401,1050672
5310:1050404
5326:1050419
5342:1050423
5358:1050431,1050779,1051055
5374:1050437,1051573
5390:1050446
5406:1050456,1050967,1051048
5422:1050464
5438:1050467,1050644
5454:1050483,1050865,1051498
5470:1050490
5486:1050500,1051662
5502:1050508
5518:1050521
5534:1050526,1051752
5550:1050537
5566:1050548
5582:1050554,1050699
5598:1050564
5614:1050573
5630:1050578
5646:1050591
5662:1050595
5678:1050608
5694:1050612,1050619
5710:1050626
5726:1050634,1051121
5742:1050639,1050666
5758:1050649
5774:1050658
5790:1050668
5806:1050674
5822:1050681,1051231,1051555
5838:1050693
5854:1050708,1050709
5870:1050717,1051101,1051261
5886:1050720
5902:1050726,1051542
5918:1050733,1051375
5934:1050741,1051776
5950:1050750
5966:1050757,1051023
5982:1050765,1051158
5998:1050772
6014:1050777
6030:1050785,1051232,1051589
6046:1050792
6062:1050805
6078:1050808
6094:1050808
6110:1050808
6126:1050815
6142:1050824,1051506
6158:1050835
6174:1050849
6190:1050860
6206:1050869,1050876
6222:1050875,1051418,1051641
6238:1050878
6254:1050881
6270:1050889,1051013,1051282,1051615
6286:1050897
6302:1050908
6318:1050916
6334:1050924
6350:1050933
6366:1050944
6382:1050955
6398:1050966
6414:1050975
6430:1050978,1050979,1050980,1050981,1050982,1050983,1050984,1050985,1050986,1050987,1050988,1050989,1050990,1050991,1050992,1050993,1050994,1050995,1050996,1050997,1050998,1050999,1051000,1051001,1051002,1051003,1051004,1051005,1051006,1051007,1051008,1051009,1051010,1051011,1051012,1051013,1051014,1051015,1051016,1051017,1051018,1051019,1051020,1051021,1051022,1051023,1051024,1051025,1051026,1051027,1051028,1051029,1051030,1051031,1051032,1051033,1051034,1051035,1051036,1051037,1051038,1051039,1051040,1051041,1051042,1051043,1051044,1051045,1051046,1051047,1051048,1051049,1051050,1051051,1051052,1051053,1051054,1051055,1051056,1051057,1051058,1051059,1051060,1051061,1051062,1051063,1051064,1051065,1051066,1051067,1051068,1051069,1051070,1051071,1051072,1051073,1051074,1051075,1051076,1051077,1051078,1051079,1051080,1051081,1051082,1051083,1051084,1051085,1051086,1051087,1051088,1051089,1051090,1051091,1051092,1051093,1051094,1051095,1051096,1051097,1051098,1051099,1051100,1051101,1051102,1051103,1051104,1051105,1051106,1051107,1051108,1051109,1051110,1051111,1051112,1051113,1051114,1051115,1051116,1051117,1051118,1051119,1051120,1051121,1051122,1051123,1051124,1051125,1051126,1051127,1051128,1051129,1051130,1051131,1051132,1051133,1051134,1051135,1051159,1051251
6446:1050991
6462:1050999
6478:1051005
6494:1051011
6510:1051020
6526:1051029,1051110,1051645,1051728
6542:1051038
6558:1051044
6574:1051050
6590:1051058
6606:1051061
6622:1051069
6638:1051075
6654:1051087
6670:1051097
6686:1051106,1051237
6702:1051113
6718:1051121,1051277
6734:1051134
6750:1051143
6766:1051155
6782:1051166
6798:1051172,1051521
6814:1051179
6830:1051189
6846:1051196,1051495,1051554
6862:1051203
6878:1051209
6894:1051220
6910:1051230
6926:1051243
6942:1051255,1051416
6958:1051267
6974:1051274
6990:1051282,1051409,1051611
7006:1051287
7022:1051292
7038:1051296
7054:1051301
7070:1051312
7086:1051317,1051385
7102:1051326
7118:1051337
7134:1051351
7150:1051360
7166:1051367
7182:1051381
7198:1051387
7214:1051395,1051639
7230:1051401
7246:1051409,1051732
7262:1051419
7278:1051424
7294:1051441
7310:1051453
7326:1051464
7342:1051468
7358:1051474,1051506,1051543,1051554
7374:1051481
7390:1051489
7406:1051496
7422:1051499
7438:1051504
7454:1051516
7470:1051524,1051607
7486:1051536
7502:1051549
7518:1051559
7534:1051568
7550:1051576
7566:1051585
7582:1051589
7598:1051596
7614:1051599
7630:1051605
7646:1051614
7662:1051622
7678:1051630
7694:1051643
7710:1051651
7726:1051658
7742:1051662
7758:1051669,1051675
7774:1051676
7790:1051686
7806:1051692,1051754,1051758
7822:1051702
7838:1051707
7854:1051715
7870:1051721
7886:1051735
7902:1051739
7918:1051747
7934:1051757
7950:1051763
7966:1051769
7982:1051777
