5:1048576,1048640,1048751,1048784,1048981,1049012,1049681,1049707,1049712,1050189,1050339,1051715
21:1048577,1048579,1048581,1048582,1048585,1048588,1048594,1048597,1048598,1048609,1048610,1048612,1048615,1048616,1048617,1048619,1048621,1048622,1048623,1048632,1048633,1048638,1048642,1048643,1048644,1048646,1048647,1048653,1048655,1048657,1048658,1048665,1048667,1048668,1048670,1048671,1048672,1048678,1048679,1048681,1048686,1048694,1048696,1048698,1048699,1048710,1048718,1048719,1048721,1048722,1048723,1048732,1048741,1048746,1048748,1048750,1048760,1048763,1048764,1048767,1048769,1048773,1048777,1048785,1048792,1048793,1048795,1048797,1048811,1048812,1048816,1048817,1048826,1048827,1048829,1048849,1048851,1048853,1048857,1048873,1048875,1048878,1048895,1048897,1048898,1048906,1048932,1048936,1048984,1048990,1048992,1049008,1049011,1049014,1049036,1049037,1049039,1049056,1049057,1049063,1049064,1049066,1049067,1049070,1049071,1049072,1049100,1049105,1049106,1049107,1049132,1049133,1049136,1049160,1049170,1049180,1049192,1049193,1049194,1049219,1049245,1049246,1049250,1049251,1049253,1049256,1049270,1049273,1049294,1049300,1049301,1049303,1049330,1049331,1049333,1049334,1049369,1049371,1049374,1049399,1049400,1049403,1049404,1049405,1049426,1049429,1049433,1049434,1049435,1049440,1049441,1049468,1049469,1049470,1049506,1049515,1049517,1049525,1049537,1049538,1049539,1049546,1049547,1049548,1049549,1049550,1049572,1049573,1049574,1049575,1049576,1049577,1049578,1049583,1049584,1049585,1049588,1049589,1049601,1049604,1049605,1049606,1049608,1049621,1049626,1049641,1049644,1049646,1049647,1049648,1049658,1049663,1049664,1049673,1049674,1049675,1049676,1049678,1049680,1049681,1049682,1049683,1049684,1049687,1049688,1049689,1049691,1049709,1049710,1049719,1049720,1049728,1049729,1049730,1049734,1049735,1049736,1049741,1049742,1049743,1049744,1049745,1049747,1049754,1049756,1049758,1049759,1049761,1049763,1049769,1049770,1049771,1049772,1049774,1049775,1049780,1049781,1049783,1049789,1049791,1049799,1049810,1049812,1049822,1049823,1049827,1049830,1049832,1049834,1049835,1049836,1049837,1049840,1049844,1049845,1049847,1049856,1049867,1049880,1049881,1049882,1049883,1049884,1049890,1049898,1049899,1049900,1049901,1049902,1049904,1049905,1049906,1049909,1049916,1049919,1049920,1049922,1049923,1049924,1049929,1049938,1049940,1049941,1049943,1049956,1049957,1049958,1049959,1049960,1049963,1049966,1049969,1049979,1049984,1049986,1049987,1049992,1049998,1050002,1050003,1050004,1050008,1050010,1050013,1050016,1050020,1050028,1050029,1050037,1050043,1050044,1050046,1050047,1050048,1050049,1050055,1050057,1050058,1050059,1050062,1050063,1050071,1050073,1050078,1050081,1050090,1050091,1050092,1050093,1050100,1050101,1050103,1050105,1050108,1050111,1050117,1050118,1050119,1050120,1050125,1050126,1050128,1050129,1050140,1050141,1050146,1050147,1050164,1050165,1050166,1050167,1050170,1050177,1050179,1050180,1050183,1050184,1050185,1050190,1050191,1050194,1050196,1050202,1050203,1050205,1050206,1050216,1050217,1050219,1050220,1050225,1050227,1050229,1050233,1050234,1050239,1050245,1050246,1050251,1050252,1050253,1050254,1050255,1050257,1050261,1050266,1050271,1050272,1050273,1050275,1050278,1050281,1050283,1050284,1050286,1050293,1050295,1050298,1050301,1050302,1050310,1050316,1050317,1050320,1050322,1050325,1050326,1050329,1050339,1050340,1050341,1050342,1050344,1050346,1050359,1050367,1050370,1050380,1050382,1050383,1050384,1050385,1050386,1050392,1050401,1050404,1050409,1050411,1050418,1050419,1050420,1050421,1050427,1050429,1050437,1050443,1050445,1050448,1050460,1050461,1050464,1050465,1050466,1050467,1050476,1050477,1050480,1050481,1050483,1050484,1050487,1050490,1050491,1050501,1050502,1050504,1050506,1050508,1050509,1050511,1050514,1050520,1050521,1050523,1050524,1050526,1050533,1050537,1050540,1050551,1050553,1050572,1050578,1050579,1050591,1050595,1050608,1050609,1050611,1050628,1050629,1050635,1050637,1050640,1050651,1050653,1050654,1050656,1050666,1050670,1050671,1050680,1050681,1050688,1050700,1050704,1050705,1050706,1050707,1050710,1050719,1050722,1050726,1050727,1050728,1050738,1050744,1050745,1050755,1050756,1050761,1050762,1050763,1050764,1050769,1050770,1050771,1050772,1050776,1050784,1050786,1050790,1050791,1050795,1050796,1050801,1050804,1050807,1050808,1050820,1050824,1050825,1050826,1050830,1050836,1050837,1050838,1050840,1050841,1050842,1050843,1050848,1050849,1050850,1050851,1050852,1050860,1050861,1050862,1050864,1050872,1050875,1050877,1050878,1050879,1050881,1050882,1050883,1050884,1050885,1050886,1050887,1050888,1050892,1050893,1050894,1050896,1050897,1050900,1050901,1050904,1050914,1050915,1050918,1050929,1050930,1050932,1050940,1050941,1050942,1050943,1050945,1050946,1050952,1050953,1050954,1050958,1050962,1050964,1050965,1050971,1050973,1050975,1050977,1050981,1050998,1051001,1051022,1051028,1051029,1051032,1051053,1051054,1051056,1051060,1051061,1051065,1051069,1051070,1051071,1051076,1051077,1051078,1051079,1051091,1051092,1051094,1051097,1051100,1051102,1051110,1051111,1051113,1051116,1051119,1051122,1051128,1051130,1051132,1051135,1051142,1051144,1051148,1051154,1051155,1051161,1051164,1051167,1051168,1051173,1051175,1051180,1051182,1051185,1051190,1051191,1051195,1051196,1051197,1051199,1051200,1051203,1051204,1051205,1051206,1051209,1051218,1051220,1051221,1051231,1051238,1051242,1051243,1051249,1051250,1051255,1051260,1051262,1051267,1051269,1051270,1051272,1051282,1051285,1051286,1051290,1051293,1051302,1051310,1051314,1051316,1051317,1051320,1051324,1051326,1051328,1051330,1051331,1051344,1051346,1051351,1051355,1051360,1051374,1051376,1051377,1051383,1051385,1051387,1051388,1051393,1051395,1051397,1051398,1051399,1051400,1051403,1051404,1051415,1051416,1051417,1051422,1051424,1051426,1051427,1051431,1051434,1051436,1051437,1051444,1051445,1051446,1051447,1051448,1051449,1051450,1051453,1051454,1051456,1051458,1051459,1051468,1051469,1051470,1051474,1051477,1051488,1051489,1051492,1051493,1051494,1051497,1051499,1051502,1051503,1051505,1051506,1051507,1051509,1051510,1051522,1051523,1051524,1051526,1051534,1051537,1051538,1051541,1051542,1051544,1051546,1051548,1051552,1051556,1051559,1051560,1051561,1051563,1051568,1051571,1051574,1051578,1051582,1051585,1051586,1051587,1051594,1051597,1051599,1051600,1051601,1051602,1051603,1051604,1051607,1051610,1051611,1051613,1051614,1051621,1051623,1051624,1051625,1051627,1051629,1051641,1051642,1051643,1051644,1051645,1051647,1051650,1051651,1051652,1051653,1051656,1051659,1051660,1051661,1051663,1051665,1051666,1051672,1051673,1051682,1051685,1051687,1051691,1051692,1051696,1051697,1051698,1051700,1051704,1051705,1051706,1051711,1051713,1051715,1051717,1051722,1051723,1051725,1051727,1051728,1051729,1051731,1051732,1051733,1051735,1051736,1051740,1051741,1051748,1051751,1051757,1051759,1051765,1051767,1051768,1051770,1051772,1051775,1051777,1051779
37:1048579,1048580,1048581,1048617,1048618,1048619,1048620,1048621,1048622,1048691,1048692,1048693,1048694,1048695,1048696,1048697,1048698,1048699,1048700,1048701,1048702,1048703,1048704,1048705,1048706,1048707,1048708,1048709,1048825,1048826,1048827,1048828,1048829,1048830,1048831,1048832,1048833,1048834,1048835,1048836,1048837,1048838,1048839,1048840,1048841,1048842,1049014,1049015,1049016,1049017,1049019,1049020,1049021,1049022,1049023,1049024,1049025,1049026,1049027,1049028,1049029,1049030,1049031,1049032,1049033,1049034,1049035,1049249,1049250,1049251,1049252,1049253,1049254,1049255,1049256,1049257,1049258,1049259,1049260,1049261,1049262,1049263,1049264,1049265,1049266,1049546,1049547,1049548,1049549,1049550,1049551,1049552,1049553,1049554,1049555,1049556,1049557,1049744,1049745,1049746,1049747,1049748,1049749,1049750,1049751,1049752,1049753,1049754,1049755,1049925,1049926,1049927,1049928,1049929,1049930,1049931,1049932,1049933,1049934,1050083,1050084,1050085,1050086,1050087,1050088,1050089,1050090,1050091,1050092,1050093,1050094,1050241,1050242,1050243,1050244,1050245,1050246,1050247,1050248,1050249,1050250,1050251,1050252,1050253,1050345,1050387,1050388,1050389,1050390,1050391,1050392,1050393,1050394,1050395,1050396,1050397,1050398,1050399,1050400,1050401,1050402,1050403,1050404,1050437,1050538,1050539,1050540,1050541,1050542,1050543,1050544,1050545,1050546,1050547,1050548,1050549,1050550,1050551,1050552,1050715,1050718,1050719,1050720,1050721,1050722,1050723,1050830,1050831,1050832,1050833,1050834,1050835,1050836,1050837,1050838,1050839,1050840,1050841,1050842,1050843,1050983,1050984,1050985,1050986,1050987,1050988,1050989,1050990,1050991,1050992,1050993,1050994,1050995,1050996,1050997,1050998,1050999,1051000,1051149,1051150,1051151,1051152,1051153,1051154,1051155,1051156,1051157,1051158,1051281,1051282,1051283,1051284,1051285,1051286,1051390,1051391,1051392,1051393,1051394,1051395,1051396,1051397,1051475,1051476,1051477,1051478,1051479,1051480,1051481,1051482,1051483,1051484,1051485,1051486,1051487,1051488,1051489,1051490,1051614,1051615,1051616,1051617,1051618,1051619,1051620,1051621,1051622,1051623,1051624,1051625,1051735,1051748,1051749,1051750,1051751,1051752,1051764,1051770
53:1048583,1048635,1048700,1048788,1048907,1049039,1049190,1049334,1049423,1049622,1049684,1049688,1049755,1049836,1049925,1049933,1049956,1049965,1049970,1049998,1050048,1050061,1050062,1050100,1050140,1050239,1050243,1050244,1050254,1050256,1050282,1050297,1050328,1050412,1050430,1050451,1050460,1050486,1050491,1050492,1050496,1050514,1050522,1050554,1050564,1050577,1050594,1050640,1050699,1050727,1050730,1050778,1050785,1050828,1050833,1050849,1050851,1050929,1050930,1050975,1050984,1051012,1051166,1051189,1051195,1051270,1051374,1051379,1051435,1051478,1051480,1051506,1051532,1051566,1051589,1051632,1051652,1051656,1051690,1051696,1051713,1051747
69:1048586,1048589
85:1048589,1048633,1048760,1048803,1048859,1048873,1048922,1048955,1048972,1048984,1049070,1049087,1049106,1049111,1049199,1049219,1049292,1049357,1049387,1049422,1049423,1049425,1049426,1049436,1049440,1049470,1049517,1049519,1049610,1049673,1049721,1049729,1049730,1049768,1049769,1049849,1049902,1049925,1049939,1049948,1049960,1049984,1050002,1050005,1050008,1050010,1050015,1050045,1050060,1050062,1050064,1050070,1050072,1050089,1050112,1050114,1050127,1050145,1050165,1050167,1050169,1050206,1050209,1050213,1050217,1050225,1050240,1050241,1050300,1050301,1050302,1050320,1050372,1050382,1050386,1050400,1050428,1050444,1050445,1050454,1050508,1050551,1050572,1050606,1050621,1050623,1050635,1050648,1050657,1050667,1050681,1050719,1050752,1050764,1050769,1050827,1050838,1050848,1050849,1050850,1051050,1051054,1051110,1051144,1051147,1051204,1051258,1051272,1051276,1051289,1051291,1051297,1051301,1051309,1051339,1051370,1051375,1051416,1051420,1051433,1051459,1051462,1051464,1051531,1051542,1051546,1051580,1051590,1051596,1051599,1051607,1051621,1051630,1051650,1051656,1051660,1051667,1051669,1051672,1051673,1051690,1051710,1051713,1051748,1051751,1051752,1051775,1051779
101:1048593,1048597,1048609,1048634,1048655,1048659,1048661,1048672,1048673,1048720,1048764,1048768,1048811,1048846,1048848,1048849,1048904,1048971,1049160,1049192,1049194,1049205,1049206,1049250,1049266,1049271,1049293,1049305,1049400,1049549,1049562,1049587,1049604,1049609,1049619,1049637,1049662,1049735,1049742,1049744,1049748,1049811,1049822,1049823,1049827,1049845,1049847,1049883,1049900,1049922,1049926,1049927,1049928,1049956,1049963,1049990,1049999,1050009,1050019,1050029,1050032,1050059,1050091,1050093,1050102,1050127,1050129,1050166,1050177,1050183,1050199,1050200,1050240,1050255,1050259,1050344,1050349,1050385,1050431,1050433,1050446,1050477,1050490,1050501,1050577,1050610,1050625,1050657,1050658,1050705,1050742,1050782,1050785,1050792,1050805,1050828,1050861,1050862,1050882,1050929,1050930,1050952,1050990,1050995,1051013,1051102,1051109,1051119,1051180,1051181,1051244,1051274,1051283,1051286,1051291,1051293,1051361,1051395,1051408,1051431,1051445,1051446,1051499,1051500,1051519,1051547,1051565,1051606,1051622,1051668,1051677,1051678,1051741,1051759,1051768
117:1048595,1048605,1048615,1048622,1048623,1048638,1048643,1048646,1048653,1048658,1048661,1048664,1048667,1048668,1048669,1048670,1048671,1048674,1048678,1048679,1048681,1048686,1048691,1048698,1048721,1048749,1048760,1048777,1048780,1048782,1048783,1048797,1048811,1048816,1048817,1048818,1048826,1048829,1048840,1048851,1048853,1048855,1048857,1048859,1048873,1048875,1048894,1048895,1048896,1048897,1048904,1048922,1048942,1048955,1048971,1048972,1048984,1048992,1048996,1049015,1049016,1049018,1049037,1049039,1049058,1049067,1049070,1049072,1049099,1049102,1049106,1049107,1049108,1049111,1049128,1049130,1049147,1049160,1049168,1049170,1049173,1049180,1049181,1049190,1049191,1049192,1049193,1049194,1049204,1049205,1049212,1049217,1049219,1049230,1049231,1049245,1049246,1049249,1049250,1049252,1049253,1049258,1049264,1049268,1049269,1049270,1049271,1049273,1049274,1049279,1049292,1049294,1049299,1049302,1049303,1049305,1049306,1049330,1049333,1049334,1049336,1049342,1049367,1049369,1049371,1049374,1049399,1049400,1049403,1049408,1049423,1049424,1049425,1049426,1049429,1049430,1049431,1049432,1049433,1049435,1049436,1049440,1049442,1049462,1049464,1049466,1049468,1049469,1049502,1049505,1049515,1049516,1049517,1049519,1049520,1049522,1049524,1049525,1049526,1049530,1049536,1049537,1049539,1049546,1049547,1049548,1049549,1049556,1049557,1049561,1049576,1049578,1049581,1049582,1049583,1049585,1049588,1049589,1049600,1049601,1049603,1049604,1049607,1049608,1049609,1049610,1049618,1049619,1049620,1049621,1049622,1049623,1049624,1049626,1049627,1049637,1049641,1049642,1049646,1049647,1049658,1049659,1049662,1049663,1049672,1049673,1049674,1049683,1049684,1049685,1049687,1049688,1049691,1049692,1049694,1049696,1049707,1049709,1049710,1049718,1049720,1049721,1049722,1049723,1049727,1049728,1049729,1049730,1049733,1049734,1049735,1049736,1049737,1049738,1049740,1049741,1049742,1049743,1049744,1049745,1049746,1049747,1049748,1049755,1049756,1049757,1049760,1049761,1049763,1049769,1049771,1049772,1049774,1049775,1049781,1049785,1049786,1049789,1049791,1049798,1049800,1049801,1049808,1049809,1049810,1049811,1049812,1049813,1049822,1049823,1049827,1049828,1049829,1049830,1049832,1049833,1049834,1049835,1049836,1049837,1049839,1049840,1049841,1049846,1049847,1049848,1049854,1049855,1049856,1049857,1049863,1049865,1049867,1049869,1049882,1049883,1049890,1049899,1049900,1049901,1049902,1049906,1049909,1049914,1049915,1049916,1049921,1049922,1049923,1049924,1049925,1049926,1049927,1049929,1049933,1049934,1049937,1049938,1049940,1049941,1049943,1049944,1049948,1049954,1049955,1049956,1049957,1049959,1049960,1049961,1049962,1049963,1049964,1049965,1049966,1049967,1049968,1049969,1049970,1049971,1049973,1049974,1049975,1049976,1049977,1049978,1049979,1049983,1049984,1049985,1049986,1049987,1049988,1049990,1049991,1049992,1049995,1049996,1049998,1049999,1050000,1050001,1050002,1050003,1050004,1050005,1050007,1050008,1050009,1050010,1050013,1050014,1050015,1050016,1050020,1050028,1050029,1050030,1050031,1050032,1050033,1050035,1050037,1050038,1050039,1050040,1050042,1050043,1050044,1050045,1050046,1050049,1050050,1050051,1050057,1050058,1050059,1050061,1050062,1050064,1050066,1050072,1050076,1050077,1050078,1050079,1050080,1050081,1050089,1050091,1050092,1050093,1050094,1050098,1050099,1050100,1050101,1050102,1050104,1050105,1050108,1050109,1050110,1050111,1050115,1050116,1050118,1050119,1050120,1050123,1050124,1050125,1050127,1050128,1050129,1050138,1050140,1050141,1050142,1050143,1050146,1050147,1050161,1050162,1050163,1050164,1050165,1050166,1050167,1050168,1050170,1050176,1050177,1050178,1050179,1050180,1050183,1050184,1050185,1050187,1050188,1050189,1050190,1050194,1050195,1050197,1050198,1050200,1050201,1050202,1050204,1050205,1050206,1050207,1050209,1050210,1050212,1050213,1050216,1050217,1050218,1050219,1050220,1050221,1050222,1050224,1050226,1050227,1050228,1050232,1050235,1050239,1050240,1050246,1050248,1050249,1050251,1050252,1050253,1050254,1050255,1050256,1050258,1050259,1050260,1050266,1050267,1050270,1050272,1050273,1050274,1050275,1050278,1050280,1050281,1050282,1050285,1050286,1050287,1050288,1050292,1050296,1050297,1050299,1050300,1050301,1050302,1050303,1050309,1050310,1050313,1050314,1050315,1050316,1050317,1050318,1050319,1050322,1050323,1050324,1050325,1050326,1050327,1050329,1050332,1050339,1050340,1050342,1050343,1050344,1050345,1050346,1050349,1050356,1050357,1050358,1050359,1050361,1050363,1050367,1050371,1050380,1050381,1050382,1050383,1050384,1050385,1050386,1050399,1050400,1050401,1050402,1050404,1050409,1050410,1050411,1050419,1050421,1050422,1050427,1050428,1050429,1050430,1050431,1050433,1050434,1050437,1050442,1050443,1050444,1050445,1050446,1050449,1050450,1050452,1050453,1050454,1050455,1050459,1050460,1050461,1050462,1050463,1050464,1050465,1050466,1050467,1050475,1050476,1050477,1050481,1050482,1050483,1050484,1050486,1050487,1050491,1050498,1050499,1050500,1050501,1050503,1050505,1050506,1050507,1050508,1050509,1050510,1050511,1050513,1050514,1050520,1050521,1050522,1050523,1050526,1050527,1050531,1050532,1050534,1050535,1050536,1050537,1050540,1050542,1050547,1050548,1050549,1050550,1050551,1050552,1050553,1050563,1050564,1050572,1050573,1050574,1050575,1050576,1050577,1050578,1050579,1050590,1050591,1050592,1050594,1050595,1050596,1050605,1050606,1050607,1050608,1050609,1050610,1050611,1050621,1050624,1050625,1050626,1050627,1050628,1050629,1050630,1050634,1050635,1050636,1050637,1050639,1050640,1050651,1050655,1050656,1050657,1050658,1050661,1050666,1050667,1050668,1050669,1050670,1050671,1050672,1050677,1050680,1050681,1050683,1050684,1050685,1050686,1050687,1050688,1050692,1050695,1050700,1050701,1050702,1050703,1050705,1050709,1050710,1050712,1050713,1050715,1050716,1050717,1050719,1050720,1050721,1050722,1050723,1050725,1050727,1050728,1050729,1050730,1050735,1050738,1050739,1050740,1050741,1050742,1050744,1050745,1050749,1050750,1050751,1050752,1050753,1050754,1050755,1050756,1050759,1050760,1050761,1050762,1050763,1050764,1050767,1050768,1050769,1050770,1050771,1050772,1050773,1050775,1050776,1050777,1050778,1050779,1050782,1050783,1050784,1050785,1050786,1050789,1050790,1050791,1050792,1050794,1050795,1050796,1050801,1050802,1050803,1050805,1050806,1050807,1050808,1050820,1050821,1050822,1050824,1050826,1050827,1050828,1050829,1050833,1050836,1050838,1050839,1050840,1050841,1050842,1050848,1050849,1050850,1050852,1050858,1050860,1050861,1050862,1050864,1050872,1050873,1050876,1050877,1050879,1050880,1050881,1050883,1050884,1050885,1050887,1050888,1050889,1050890,1050892,1050894,1050895,1050896,1050897,1050898,1050899,1050901,1050902,1050914,1050915,1050916,1050917,1050918,1050919,1050920,1050928,1050929,1050931,1050932,1050933,1050934,1050941,1050942,1050943,1050944,1050945,1050946,1050947,1050948,1050949,1050950,1050951,1050952,1050953,1050954,1050955,1050958,1050962,1050963,1050964,1050965,1050971,1050973,1050976,1050977,1050982,1050988,1050995,1050996,1050998,1050999,1051003,1051007,1051008,1051009,1051010,1051011,1051012,1051013,1051024,1051025,1051026,1051027,1051028,1051029,1051030,1051031,1051044,1051045,1051046,1051054,1051055,1051057,1051058,1051059,1051060,1051061,1051062,1051063,1051065,1051066,1051068,1051069,1051070,1051071,1051073,1051074,1051075,1051076,1051088,1051089,1051090,1051091,1051092,1051093,1051094,1051097,1051098,1051099,1051100,1051101,1051102,1051109,1051110,1051111,1051112,1051113,1051116,1051117,1051118,1051119,1051120,1051121,1051122,1051127,1051129,1051130,1051131,1051132,1051133,1051134,1051136,1051142,1051143,1051144,1051145,1051146,1051147,1051149,1051154,1051155,1051156,1051157,1051159,1051161,1051167,1051169,1051170,1051173,1051174,1051178,1051179,1051180,1051181,1051184,1051185,1051189,1051191,1051193,1051194,1051195,1051196,1051197,1051198,1051199,1051200,1051201,1051202,1051203,1051204,1051206,1051207,1051208,1051209,1051218,1051219,1051220,1051221,1051223,1051224,1051225,1051226,1051227,1051229,1051231,1051233,1051235,1051236,1051239,1051240,1051241,1051243,1051244,1051245,1051249,1051254,1051255,1051256,1051257,1051258,1051259,1051260,1051261,1051262,1051263,1051266,1051267,1051272,1051273,1051274,1051275,1051276,1051277,1051278,1051279,1051280,1051281,1051282,1051284,1051285,1051286,1051290,1051291,1051292,1051293,1051294,1051295,1051296,1051297,1051298,1051301,1051303,1051305,1051308,1051309,1051312,1051313,1051314,1051315,1051316,1051317,1051319,1051321,1051323,1051324,1051325,1051326,1051328,1051329,1051339,1051340,1051341,1051342,1051343,1051344,1051345,1051346,1051352,1051356,1051357,1051359,1051360,1051361,1051362,1051369,1051370,1051372,1051373,1051374,1051377,1051378,1051380,1051381,1051382,1051384,1051385,1051386,1051387,1051390,1051391,1051392,1051394,1051395,1051396,1051397,1051398,1051399,1051401,1051403,1051404,1051405,1051407,1051408,1051409,1051410,1051411,1051412,1051413,1051414,1051415,1051417,1051418,1051419,1051420,1051421,1051422,1051423,1051424,1051425,1051426,1051427,1051430,1051431,1051432,1051433,1051435,1051437,1051438,1051439,1051440,1051441,1051443,1051444,1051445,1051446,1051448,1051451,1051453,1051456,1051457,1051458,1051459,1051460,1051461,1051462,1051463,1051464,1051465,1051466,1051467,1051468,1051469,1051470,1051471,1051472,1051473,1051474,1051475,1051477,1051478,1051479,1051480,1051481,1051482,1051485,1051486,1051487,1051488,1051490,1051491,1051493,1051494,1051495,1051496,1051497,1051498,1051499,1051500,1051502,1051503,1051504,1051505,1051506,1051511,1051512,1051513,1051514,1051515,1051518,1051519,1051520,1051521,1051522,1051523,1051524,1051525,1051526,1051528,1051529,1051530,1051531,1051532,1051534,1051536,1051539,1051541,1051543,1051544,1051545,1051546,1051547,1051548,1051552,1051554,1051555,1051556,1051559,1051560,1051561,1051562,1051563,1051564,1051565,1051566,1051568,1051569,1051571,1051573,1051574,1051576,1051577,1051579,1051580,1051583,1051585,1051586,1051588,1051589,1051590,1051591,1051593,1051595,1051596,1051597,1051598,1051599,1051600,1051601,1051602,1051603,1051604,1051605,1051606,1051607,1051608,1051609,1051610,1051611,1051612,1051613,1051614,1051615,1051616,1051617,1051620,1051621,1051622,1051624,1051625,1051627,1051628,1051629,1051630,1051631,1051632,1051634,1051635,1051639,1051641,1051642,1051643,1051644,1051645,1051646,1051647,1051649,1051650,1051651,1051652,1051653,1051655,1051656,1051657,1051658,1051659,1051660,1051661,1051662,1051663,1051664,1051665,1051666,1051667,1051668,1051669,1051670,1051671,1051672,1051673,1051674,1051675,1051676,1051678,1051679,1051680,1051681,1051683,1051685,1051686,1051687,1051688,1051689,1051690,1051691,1051692,1051693,1051694,1051695,1051696,1051699,1051700,1051702,1051703,1051704,1051705,1051707,1051709,1051710,1051711,1051712,1051713,1051714,1051715,1051716,1051717,1051719,1051720,1051721,1051722,1051723,1051724,1051725,1051727,1051728,1051729,1051731,1051732,1051733,1051735,1051737,1051738,1051740,1051745,1051746,1051748,1051749,1051750,1051751,1051752,1051753,1051754,1051755,1051756,1051757,1051758,1051760,1051761,1051763,1051764,1051765,1051766,1051767,1051768,1051770,1051771,1051772,1051773,1051774,1051775,1051776,1051777,1051778,1051779
133:1048597,1048605,1048621,1048638,1048777,1048825,1048895,1049170,1049254,1049328,1049422,1049425,1049467,1049546,1049605,1049676,1049678,1049730,1049745,1049748,1049763,1049770,1049783,1049810,1049830,1049836,1049846,1049899,1049902,1049956,1049958,1049973,1050031,1050037,1050040,1050090,1050177,1050252,1050275,1050293,1050324,1050361,1050363,1050409,1050483,1050491,1050503,1050540,1050549,1050610,1050621,1050629,1050635,1050702,1050720,1050721,1050784,1050802,1050805,1050848,1050864,1050897,1050916,1050981,1051059,1051143,1051301,1051340,1051369,1051387,1051392,1051420,1051423,1051426,1051446,1051463,1051506,1051518,1051527,1051583,1051609,1051657,1051686,1051708,1051722,1051729,1051769
149:1048600,1048615,1048633,1048653,1048691,1048750,1048818,1048859,1048896,1049015,1049037,1049106,1049173,1049253,1049301,1049333,1049517,1049519,1049546,1049555,1049561,1049565,1049608,1049621,1049628,1049637,1049658,1049660,1049662,1049683,1049709,1049758,1049763,1049771,1049841,1049869,1049899,1049901,1049923,1049941,1049985,1049987,1050049,1050059,1050090,1050094,1050098,1050105,1050118,1050119,1050128,1050147,1050206,1050224,1050225,1050255,1050268,1050285,1050301,1050317,1050329,1050342,1050343,1050345,1050348,1050362,1050399,1050402,1050404,1050419,1050454,1050487,1050499,1050537,1050553,1050591,1050595,1050671,1050737,1050755,1050794,1050801,1050802,1050827,1050916,1050942,1050971,1050973,1051032,1051055,1051075,1051076,1051093,1051113,1051136,1051142,1051196,1051204,1051226,1051227,1051282,1051290,1051292,1051342,1051383,1051423,1051443,1051469,1051476,1051493,1051494,1051511,1051574,1051653,1051672,1051674,1051678,1051711,1051713,1051723,1051766,1051773,1051774
165:1048604,1048615,1048678,1048681,1048895,1049016,1049108,1049246,1049250,1049274,1049303,1049330,1049371,1049674,1049809,1049811,1049922,1049928,1049962,1049967,1049986,1050004,1050029,1050037,1050040,1050044,1050100,1050111,1050118,1050162,1050168,1050169,1050177,1050183,1050199,1050209,1050212,1050221,1050239,1050273,1050286,1050315,1050317,1050344,1050346,1050358,1050384,1050430,1050431,1050461,1050464,1050475,1050504,1050505,1050509,1050520,1050547,1050548,1050572,1050578,1050621,1050639,1050712,1050722,1050729,1050738,1050742,1050756,1050838,1050848,1050882,1050889,1050890,1050920,1050933,1050943,1050981,1050982,1050995,1051066,1051109,1051155,1051173,1051198,1051200,1051218,1051219,1051227,1051263,1051267,1051272,1051328,1051340,1051352,1051392,1051395,1051398,1051408,1051413,1051468,1051475,1051476,1051489,1051495,1051498,1051518,1051524,1051531,1051560,1051566,1051589,1051596,1051611,1051614,1051623,1051624,1051655,1051680,1051681,1051725,1051733,1051740,1051754,1051756
181:1048607,1048646,1049245,1049271,1049371,1049582,1049585,1049673,1049924,1049964,1049996,1050032,1050033,1050038,1050039,1050077,1050080,1050081,1050098,1050140,1050163,1050164,1050246,1050259,1050268,1050281,1050315,1050329,1050346,1050349,1050399,1050402,1050436,1050464,1050498,1050503,1050504,1050591,1050610,1050611,1050657,1050726,1050730,1050742,1050772,1050776,1050777,1050889,1050945,1051014,1051076,1051109,1051169,1051207,1051242,1051255,1051285,1051424,1051443,1051473,1051516,1051598,1051624,1051705,1051733
197:1048611,1048907,1049121,1049122,1049128,1050240,1050761,1050906,1051092,1051266,1051308,1051459
213:1048614,1048623,1048719,1048818,1049294,1049433,1049539,1049608,1049626,1049687,1049734,1049741,1049958,1049961,1050005,1050044,1050072,1050092,1050119,1050145,1050176,1050207,1050249,1050386,1050400,1050431,1050476,1050551,1050572,1050605,1050688,1050735,1050743,1050843,1050877,1050897,1050962,1050976,1050996,1050999,1051008,1051013,1051028,1051031,1051092,1051110,1051142,1051170,1051172,1051244,1051267,1051274,1051297,1051321,1051377,1051413,1051453,1051459,1051461,1051476,1051480,1051497,1051580,1051600,1051644,1051649,1051678,1051689,1051701,1051706,1051711,1051718,1051728,1051771,1051774
229:1048615,1049069,1049374,1049710,1049854,1050209,1050401,1050428,1050547,1050712,1050731,1050875,1050936,1051208,1051218,1051226,1051281,1051314,1051362,1051408,1051580,1051649,1051687
245:1048615,1048719,1049371,1049538,1049883,1050040,1050273,1050402,1050431,1050578,1050608,1050858,1050894,1051012,1051092,1051221,1051435,1051523,1051543,1051602,1051662,1051712
261:1048615,1048840,1049039,1049065,1049160,1049169,1049270,1049273,1049303,1049371,1049425,1049467,1049538,1049539,1049559,1049576,1049610,1049637,1049661,1049688,1049710,1049735,1049739,1049754,1049756,1049770,1049788,1049822,1049836,1049839,1049847,1049880,1049883,1049915,1049934,1049971,1049990,1049996,1050002,1050007,1050043,1050081,1050109,1050119,1050139,1050162,1050164,1050178,1050191,1050200,1050204,1050224,1050226,1050240,1050270,1050272,1050280,1050322,1050380,1050399,1050430,1050466,1050498,1050504,1050549,1050611,1050626,1050629,1050655,1050751,1050786,1050889,1050916,1050933,1050945,1050958,1050996,1051014,1051074,1051110,1051197,1051220,1051221,1051267,1051361,1051369,1051523,1051542,1051545,1051556,1051588,1051598,1051618,1051624,1051647,1051648,1051776
277:1048615,1049522,1049925,1051240,1051387,1051556
293:1048619,1048667,1048817,1049194,1049270,1049306,1049429,1049466,1049516,1049536,1049585,1049691,1049727,1049738,1049747,1049781,1049801,1049810,1049812,1049902,1049921,1049929,1049969,1050002,1050077,1050079,1050147,1050226,1050259,1050272,1050274,1050367,1050430,1050437,1050508,1050511,1050610,1050611,1050626,1050628,1050635,1050667,1050684,1050686,1050687,1050705,1050795,1050838,1050848,1050883,1050933,1051028,1051067,1051109,1051113,1051133,1051143,1051173,1051180,1051199,1051220,1051249,1051262,1051266,1051267,1051272,1051284,1051285,1051294,1051328,1051342,1051345,1051396,1051402,1051403,1051434,1051453,1051606,1051609,1051628,1051662,1051688,1051704,1051710,1051760
309:1048621,1048716,1048895,1048967,1049525,1049583,1049733,1049775,1049837,1049877,1049900,1049916,1049942,1049955,1049984,1050043,1050046,1050111,1050129,1050144,1050176,1050178,1050188,1050322,1050370,1050386,1050403,1050421,1050429,1050532,1050535,1050635,1050655,1050750,1050770,1050841,1050864,1050886,1050917,1050976,1051008,1051089,1051090,1051132,1051145,1051239,1051260,1051267,1051275,1051289,1051302,1051315,1051360,1051413,1051426,1051440,1051470,1051471,1051527,1051548,1051634,1051648,1051650,1051731,1051750,1051769
325:1048621,1048623,1049102,1049371,1049517,1049537,1050037,1050105,1050270,1050285,1050385,1050547,1050995,1051242,1051407,1051587,1051599,1051616,1051624,1051681
341:1048623,1048627,1048642,1048662,1048663,1048778,1048798,1048816,1048818,1048844,1048859,1048861,1048862,1048864,1048875,1048888,1048895,1048896,1048898,1048957,1048992,1049000,1049070,1049072,1049111,1049159,1049160,1049190,1049245,1049264,1049279,1049280,1049292,1049294,1049302,1049304,1049342,1049343,1049393,1049398,1049403,1049416,1049424,1049434,1049436,1049439,1049440,1049445,1049459,1049462,1049463,1049496,1049516,1049578,1049602,1049651,1049657,1049744,1049761,1049766,1049794,1049813,1049816,1049820,1049845,1049849,1049896,1049912,1049914,1049915,1049944,1049957,1049978,1049996,1049998,1050009,1050030,1050052,1050066,1050076,1050079,1050085,1050100,1050123,1050126,1050129,1050147,1050161,1050167,1050170,1050213,1050254,1050269,1050278,1050284,1050302,1050327,1050343,1050386,1050418,1050422,1050429,1050452,1050505,1050511,1050517,1050531,1050572,1050593,1050594,1050595,1050603,1050606,1050613,1050620,1050621,1050623,1050647,1050649,1050651,1050654,1050671,1050681,1050685,1050710,1050719,1050724,1050737,1050752,1050764,1050770,1050772,1050779,1050783,1050793,1050806,1050824,1050826,1050855,1050864,1050945,1050951,1050963,1050990,1050991,1051031,1051041,1051091,1051095,1051114,1051129,1051144,1051179,1051224,1051225,1051240,1051248,1051252,1051270,1051272,1051274,1051277,1051289,1051292,1051297,1051314,1051327,1051334,1051338,1051341,1051358,1051359,1051370,1051376,1051401,1051409,1051412,1051420,1051421,1051442,1051451,1051459,1051466,1051468,1051477,1051484,1051490,1051502,1051508,1051511,1051513,1051517,1051528,1051531,1051532,1051538,1051542,1051547,1051548,1051554,1051561,1051572,1051596,1051600,1051602,1051605,1051612,1051616,1051625,1051628,1051631,1051640,1051650,1051659,1051660,1051661,1051671,1051672,1051690,1051693,1051712,1051716,1051721,1051726,1051731,1051732,1051738,1051739,1051751,1051752,1051771
357:1048623,1048681,1049010,1049424,1049548,1049582,1049801,1049810,1049863,1049901,1049983,1050050,1050051,1050118,1050119,1050180,1050221,1050240,1050255,1050316,1050453,1050474,1050487,1050504,1050667,1050712,1050720,1050727,1050752,1050808,1050874,1050971,1050976,1051046,1051091,1051097,1051109,1051146,1051159,1051239,1051274,1051291,1051342,1051369,1051370,1051385,1051469,1051477,1051499,1051503,1051526,1051606,1051610,1051641,1051733
373:1048623
389:1048623,1048625,1048644,1048873,1048957,1049108,1049246,1049252,1049517,1049718,1049746,1049781,1049827,1049919,1049940,1049973,1049979,1049985,1049986,1049995,1050020,1050049,1050089,1050093,1050101,1050176,1050179,1050180,1050194,1050204,1050206,1050212,1050249,1050266,1050270,1050273,1050367,1050449,1050467,1050483,1050637,1050671,1050791,1050872,1050948,1051100,1051134,1051141,1051170,1051198,1051209,1051400,1051424,1051464,1051486,1051504,1051526,1051536,1051537,1051545,1051571,1051574,1051623,1051659,1051667,1051720,1051741
405:1048626,1049296,1049303,1049710,1049808,1049923,1050226,1050256,1050318,1050680,1050683,1050795,1050838,1050839,1050916,1051028,1051031,1051173,1051266,1051495,1051536,1051579
421:1048629,1050530,1050594,1050600,1050907,1051081
437:1048633
453:1048633,1048853,1049106,1049442,1049610,1049623,1049673,1049718,1049746,1049839,1049849,1049922,1049960,1050037,1050092,1050101,1050166,1050169,1050188,1050208,1050226,1050255,1050286,1050367,1050380,1050385,1050420,1050477,1050482,1050486,1050504,1050509,1050643,1050658,1050670,1050715,1050719,1050738,1050777,1050829,1050852,1050863,1050872,1050893,1050919,1050933,1050940,1050944,1050948,1050965,1051014,1051059,1051092,1051101,1051110,1051136,1051170,1051173,1051219,1051230,1051231,1051243,1051256,1051284,1051295,1051352,1051392,1051396,1051413,1051415,1051424,1051433,1051457,1051466,1051497,1051506,1051532,1051542,1051554,1051561,1051573,1051590,1051625,1051627,1051632,1051647,1051663,1051664,1051676,1051720,1051721,1051728,1051732,1051741,1051746,1051778
469:1048635
485:1048638,1049371,1051777
501:1048640,1049773,1050324,1050831,1050917,1051153,1051193,1051307,1051315,1051352,1051471,1051614,1051630,1051648,1051656,1051760,1051761
517:1048643,1048661,1048749,1048763,1048799,1048898,1049058,1049194,1049245,1049547,1049548,1049578,1049583,1049729,1049890,1049924,1049957,1049965,1049984,1050063,1050141,1050198,1050228,1050229,1050240,1050266,1050271,1050323,1050340,1050399,1050418,1050475,1050687,1050688,1050722,1050729,1050756,1050761,1050770,1050773,1050778,1050803,1050873,1050875,1050880,1050917,1051011,1051075,1051243,1051307,1051316,1051321,1051351,1051369,1051426,1051441,1051465,1051490,1051495,1051496,1051497,1051506,1051545,1051652,1051680,1051706,1051717,1051739
533:1048643,1048646,1048857,1048896,1048904,1049170,1049191,1049194,1049301,1049423,1049440,1049515,1049525,1049734,1049747,1049772,1049810,1049839,1049855,1049867,1049883,1049900,1049975,1049988,1050029,1050045,1050060,1050091,1050094,1050102,1050115,1050118,1050119,1050146,1050169,1050183,1050199,1050209,1050217,1050229,1050239,1050296,1050342,1050385,1050403,1050404,1050421,1050431,1050452,1050514,1050549,1050550,1050608,1050611,1050621,1050628,1050635,1050657,1050667,1050672,1050714,1050762,1050776,1050783,1050794,1050822,1050838,1050858,1050883,1050885,1050892,1050894,1050896,1050897,1050917,1050942,1050945,1050951,1050953,1050977,1050981,1050996,1051012,1051060,1051072,1051074,1051169,1051181,1051200,1051219,1051244,1051255,1051270,1051278,1051280,1051301,1051307,1051320,1051342,1051382,1051391,1051421,1051453,1051458,1051465,1051473,1051491,1051494,1051515,1051595,1051656,1051662,1051672,1051686,1051715,1051725,1051741,1051756,1051764,1051767,1051768
549:1048645,1048831,1048860,1048876,1048890,1048924,1049069,1049070,1049071,1049086,1049210,1049235,1049324,1049326,1049352,1049471,1049511,1049530,1049531,1049622,1049691,1049726,1049922,1049998,1050032,1050076,1050185,1050189,1050258,1050271,1050282,1050284,1050302,1050362,1050366,1050377,1050451,1050491,1050499,1050538,1050622,1050639,1050656,1050708,1050709,1050856,1050915,1051063,1051089,1051129,1051132,1051270,1051272,1051344,1051353,1051362,1051378,1051380,1051381,1051561,1051660,1051690,1051727
565:1048646,1048955,1048972,1048992,1049245,1049294,1049431,1049546,1049610,1049623,1049641,1049662,1049718,1049720,1049730,1049884,1049959,1049964,1050032,1050042,1050094,1050103,1050147,1050178,1050203,1050225,1050270,1050342,1050410,1050465,1050537,1050577,1050635,1050640,1050744,1050768,1050772,1050792,1050808,1050916,1050930,1050931,1050945,1050964,1051113,1051136,1051499,1051624,1051625,1051629,1051648,1051718
581:1048646,1049539,1049869,1050016
597:1048646,1048679,1048777,1049102,1049173,1049197,1049429,1049607,1049674,1049709,1049738,1049740,1049798,1049839,1049880,1049898,1049923,1049928,1049929,1049966,1049984,1049988,1049990,1050001,1050034,1050046,1050064,1050082,1050092,1050115,1050116,1050126,1050169,1050188,1050210,1050221,1050229,1050261,1050268,1050308,1050314,1050363,1050382,1050401,1050461,1050466,1050490,1050493,1050503,1050522,1050613,1050620,1050625,1050629,1050653,1050657,1050713,1050759,1050760,1050763,1050782,1050807,1050821,1050840,1050930,1050941,1050944,1050964,1051041,1051054,1051059,1051109,1051113,1051143,1051191,1051200,1051207,1051274,1051286,1051301,1051326,1051328,1051346,1051402,1051403,1051415,1051445,1051448,1051458,1051472,1051500,1051506,1051532,1051568,1051577,1051593,1051598,1051632,1051666,1051676,1051680,1051691,1051703,1051710,1051721,1051725,1051728,1051747,1051748
613:1048652
629:1048653,1048666,1048670,1048691,1048763,1048823,1048859,1048868,1048904,1049067,1049191,1049270,1049302,1049305,1049334,1049548,1049578,1049641,1049658,1049774,1049781,1049883,1049939,1049940,1049956,1049957,1049958,1049959,1049961,1049962,1049963,1049967,1050020,1050103,1050108,1050118,1050198,1050213,1050239,1050255,1050261,1050272,1050384,1050409,1050510,1050553,1050640,1050656,1050739,1050763,1050771,1050785,1050881,1050890,1050898,1050899,1050900,1050902,1050916,1050949,1050962,1050965,1051061,1051094,1051112,1051263,1051280,1051285,1051296,1051324,1051361,1051383,1051416,1051417,1051435,1051445,1051455,1051506,1051652,1051664,1051699,1051713,1051715,1051777,1051779
645:1048654,1048824,1048878,1049013,1049032,1049058,1049113,1049124,1049245,1049333,1049539,1049555,1049677,1049683,1049710,1049769,1049847,1049883,1049909,1049934,1050014,1050038,1050045,1050060,1050061,1050093,1050232,1050240,1050258,1050274,1050323,1050328,1050385,1050590,1050595,1050635,1050710,1050713,1050741,1050822,1050882,1050889,1050916,1050917,1050951,1050952,1051045,1051116,1051133,1051201,1051207,1051232,1051258,1051278,1051294,1051296,1051317,1051415,1051419,1051424,1051439,1051444,1051445,1051480,1051487,1051496,1051514,1051520,1051602,1051676,1051680,1051703,1051773,1051776
661:1048658,1048660,1048675,1048968,1050028,1050776
677:1048666,1050168
693:1048667,1049037,1049068,1049197,1049248,1049775,1049898,1050185,1050227,1050234,1050346,1050688,1050740,1051445,1051622,1051646,1051681,1051707
709:1048670,1049039,1049866,1049884,1049902,1050064,1050207,1050280,1050807,1051285,1051329
725:1048671,1048712,1048729,1048754,1048755,1048756,1048757,1048818,1048843,1048856,1048857,1048905,1048935,1048980,1049011,1049019,1049070,1049092,1049149,1049150,1049164,1049165,1049166,1049176,1049205,1049283,1049316,1049317,1049323,1049394,1049402,1049468,1049541,1049584,1049588,1049603,1049604,1049605,1049607,1049668,1049684,1049703,1049744,1049752,1049811,1049812,1049845,1049847,1049853,1049901,1049922,1049929,1049941,1049949,1049986,1050016,1050045,1050060,1050066,1050089,1050092,1050099,1050102,1050111,1050145,1050167,1050188,1050195,1050226,1050228,1050240,1050246,1050269,1050274,1050294,1050303,1050461,1050483,1050487,1050506,1050508,1050509,1050513,1050532,1050594,1050623,1050681,1050724,1050750,1050792,1050843,1050861,1050873,1050889,1050892,1050893,1051027,1051029,1051046,1051097,1051100,1051117,1051130,1051132,1051147,1051167,1051176,1051192,1051209,1051254,1051258,1051286,1051287,1051313,1051316,1051383,1051387,1051437,1051449,1051457,1051461,1051469,1051473,1051488,1051512,1051526,1051540,1051559,1051564,1051565,1051603,1051610,1051619,1051623,1051633,1051709,1051743,1051744,1051758
741:1048672
757:1048677,1048678,1048679,1048680,1048681,1048682,1048683,1048684,1048685,1048686,1048687,1048688,1048689,1048690,1048691,1048692,1048693,1048694,1048695,1048696,1048697,1048698,1048699,1048700,1048701,1048702,1048703,1048704,1048705,1048706,1048707,1048708,1048709,1048710,1048711,1048712,1048713,1048714,1048715,1048716,1048717,1048718,1048719,1048720,1048721,1048722,1048723,1048724,1048725,1048726,1048727,1048728,1048729,1048730,1048731,1048732,1048733,1048734,1048735,1048736,1048737,1048738,1048739,1048740,1048741,1048742,1048743,1048744,1048745,1048746,1048747,1048748,1048749,1048750,1048751,1048752,1048753,1048754,1048755,1048756,1048757,1048758,1048759,1048760,1048761,1048762,1048763,1048764,1048765,1048766,1048767,1048768,1048769,1048770,1048771,1048772,1048773,1048774,1048775,1048776,1048777,1048778,1048779,1048780,1048781,1048782,1048783,1048784,1048785,1048786,1048787,1048788,1048789,1048790,1048791,1048792,1048793,1048794,1048795,1048796,1048797,1048798,1048799,1048800,1048801,1048802,1048803,1048804,1048805,1048806,1048807,1048808,1048809,1048810,1048811,1049193,1049537,1049583,1049600,1049960,1050028,1050235,1050739
773:1048678,1048897,1049641,1050008,1050503,1050837,1050864,1051090,1051112,1051287,1051309,1051403,1051555,1051617,1051624,1051639,1051652,1051723,1051725
789:1048679,1049180,1050465,1051401,1051416
805:1048679,1049070,1049271,1049740,1049833,1049983,1049995,1050047,1050202,1050284,1050437,1050511,1051167,1051453,1051627
821:1048681,1048847,1048849,1048875,1048980,1048984,1049070,1049194,1049236,1049250,1049271,1049371,1049519,1049547,1049578,1049587,1049608,1049637,1049673,1049736,1049745,1049748,1049786,1049809,1049977,1049987,1050030,1050061,1050091,1050094,1050102,1050109,1050126,1050172,1050202,1050216,1050246,1050255,1050270,1050275,1050283,1050422,1050428,1050431,1050456,1050459,1050466,1050537,1050551,1050605,1050621,1050773,1050783,1050786,1050864,1050882,1050889,1050919,1050933,1050965,1051101,1051112,1051195,1051196,1051198,1051223,1051244,1051267,1051286,1051303,1051319,1051346,1051370,1051403,1051407,1051408,1051417,1051465,1051480,1051526,1051542,1051577,1051583,1051602,1051603,1051607,1051624,1051627,1051699,1051727,1051731,1051733,1051751,1051777
837:1048681,1048760,1049245,1050077,1050322,1050521,1050595,1050759,1050880,1051058,1051155,1051467,1051468,1051486,1051559,1051586
853:1048686,1048827,1049015,1049246,1049270,1049641,1049757,1049781,1049845,1049986,1050040,1050278,1050318,1050419,1050482,1050955,1051156,1051279,1051493,1051512,1051513,1051533,1051605,1051643,1051651,1051664,1051752
869:1048691,1048697,1048769,1048847,1049106,1049206,1049245,1049273,1049547,1049674,1049769,1049787,1049810,1049829,1049870,1049884,1049922,1049934,1049957,1049975,1049992,1050030,1050038,1050042,1050064,1050091,1050102,1050146,1050178,1050229,1050256,1050274,1050327,1050399,1050404,1050466,1050481,1050549,1050551,1050594,1050610,1050628,1050772,1050849,1050852,1050915,1050929,1050933,1050955,1050973,1050996,1051045,1051046,1051093,1051147,1051159,1051181,1051207,1051227,1051256,1051267,1051280,1051309,1051401,1051426,1051431,1051439,1051445,1051463,1051481,1051491,1051506,1051514,1051520,1051579,1051589,1051601,1051607,1051608,1051610,1051611,1051641,1051644,1051649,1051682,1051693,1051699,1051720,1051762,1051765,1051776
885:1048691,1048894,1049108,1049134,1049192,1049301,1049519,1049578,1049601,1049622,1049672,1049673,1049710,1049720,1049772,1049790,1049921,1049988,1050070,1050072,1050076,1050110,1050183,1050184,1050188,1050282,1050361,1050367,1050452,1050483,1050629,1050685,1050725,1050804,1050808,1050826,1050850,1050851,1050864,1050899,1050950,1050958,1050984,1051032,1051069,1051071,1051167,1051197,1051199,1051201,1051202,1051273,1051274,1051282,1051297,1051377,1051379,1051381,1051438,1051458,1051475,1051504,1051568,1051577,1051600,1051607,1051622,1051628,1051642,1051659,1051672,1051674,1051716,1051724,1051727,1051738,1051741,1051747,1051754
901:1048698,1048699,1048818,1048844,1048896,1048907,1048984,1049067,1049191,1049219,1049305,1049557,1049578,1049600,1049607,1049641,1049647,1049672,1049691,1049710,1049745,1049747,1049758,1049774,1049828,1049854,1049898,1049899,1049901,1049902,1049919,1049925,1049933,1049955,1049960,1049963,1049968,1049987,1049996,1050000,1050001,1050005,1050030,1050040,1050043,1050063,1050071,1050082,1050089,1050098,1050102,1050109,1050110,1050200,1050213,1050240,1050256,1050259,1050261,1050273,1050288,1050300,1050325,1050358,1050361,1050381,1050382,1050400,1050403,1050412,1050418,1050420,1050427,1050435,1050453,1050465,1050467,1050480,1050496,1050505,1050514,1050533,1050534,1050577,1050578,1050594,1050598,1050621,1050623,1050635,1050658,1050667,1050668,1050669,1050671,1050682,1050701,1050702,1050705,1050719,1050720,1050721,1050730,1050735,1050756,1050759,1050763,1050773,1050775,1050793,1050824,1050836,1050840,1050841,1050843,1050845,1050848,1050860,1050862,1050863,1050876,1050882,1050888,1050919,1050953,1050965,1050971,1050977,1050981,1050995,1051024,1051025,1051026,1051027,1051029,1051057,1051059,1051060,1051067,1051068,1051094,1051097,1051098,1051110,1051117,1051136,1051154,1051157,1051168,1051181,1051197,1051200,1051221,1051232,1051243,1051263,1051268,1051271,1051274,1051280,1051285,1051286,1051287,1051292,1051293,1051296,1051314,1051315,1051316,1051319,1051325,1051339,1051340,1051342,1051347,1051351,1051355,1051360,1051369,1051370,1051374,1051376,1051391,1051407,1051424,1051431,1051462,1051466,1051504,1051517,1051524,1051525,1051555,1051560,1051563,1051564,1051565,1051574,1051580,1051601,1051607,1051609,1051641,1051645,1051651,1051665,1051668,1051674,1051677,1051680,1051709,1051723,1051735,1051740,1051763
917:1048698,1048780,1048984,1049054,1049170,1049250,1049253,1049299,1049658,1049925,1049973,1049975,1050030,1050099,1050200,1050218,1050240,1050259,1050314,1050322,1050514,1050549,1050635,1050636,1050728,1050839,1050875,1050885,1051147,1051168,1051305,1051669,1051739
933:1048704,1048715,1048727,1049207,1049679,1049845,1050229
949:1048708
965:1048714
981:1048719,1048942,1049585,1049763,1049925,1049973,1050099,1050119,1050166,1050189,1050255,1050257,1050274,1050315,1050342,1050402,1050419,1050429,1050464,1050466,1050481,1050511,1050513,1050553,1050610,1050621,1050629,1050680,1050728,1050773,1050776,1050802,1050854,1050896,1050901,1050932,1050955,1051014,1051076,1051111,1051361,1051395,1051426,1051440,1051446,1051515,1051523,1051534,1051589,1051611,1051649,1051652,1051732
997:1048719,1049519,1049687,1049810,1050031,1050430,1050702,1051206,1051370,1051616,1051628
1013:1048721,1049245,1049842,1050339,1050611,1050778,1050808,1050917,1051198,1051577,1051772
1029:1048726,1050879
1045:1048738
1061:1048747,1048915,1048965,1049201,1050719,1050974,1051427
1077:1048754,1048755,1048756,1048757,1048891,1048983,1049012,1049647,1049829,1050185,1050189,1050339,1050436,1051735
1093:1048760,1048971,1049923,1049941,1050105,1050127,1050232,1050285,1050386,1050399,1050535,1050577,1050776,1050841,1050933,1050971,1051055,1051426,1051733
1109:1048760,1048896,1048972,1049010,1049270,1049710,1050066,1050180,1050226,1050634,1050713,1050722,1050790,1050820,1050919,1051059,1051061,1051437,1051495,1051625,1051669,1051677,1051775,1051777
1125:1048771,1048829,1048842,1048847,1048863,1048896,1048899,1048918,1048974,1048975,1048976,1048979,1049058,1049162,1049196,1049219,1049266,1049298,1049336,1049443,1049472,1049494,1049521,1049522,1049559,1049560,1049600,1049615,1049661,1049733,1049753,1049760,1049818,1049878,1049889,1049898,1049954,1049955,1049960,1049996,1050051,1050073,1050106,1050268,1050275,1050408,1050440,1050634,1050670,1050840,1050998,1051126,1051220,1051233,1051360,1051439,1051461,1051537,1051575,1051599,1051759
1141:1048777,1051325
1157:1048779,1049037,1049104,1049110,1049208,1049433,1049710,1049745,1049900,1049965,1050002,1050061,1050246,1050281,1050399,1050451,1050481,1050549,1050594,1050688,1050720,1050790,1050805,1050806,1050807,1050889,1050945,1050976,1050977,1051060,1051089,1051103,1051104,1051120,1051244,1051262,1051286,1051296,1051321,1051339,1051386,1051404,1051478,1051491,1051517,1051560,1051569,1051644,1051668,1051707,1051710,1051711,1051737
1173:1048783,1048797,1048814,1048847,1048850,1048867,1048971,1048972,1048984,1049015,1049058,1049191,1049209,1049219,1049226,1049227,1049230,1049231,1049232,1049245,1049250,1049265,1049271,1049296,1049369,1049372,1049466,1049519,1049547,1049550,1049557,1049558,1049561,1049562,1049607,1049609,1049638,1049639,1049640,1049660,1049683,1049710,1049711,1049730,1049769,1049774,1049779,1049781,1049785,1049801,1049808,1049811,1049824,1049826,1049842,1049864,1049865,1049870,1049883,1049898,1049906,1049907,1049925,1049934,1049937,1049957,1049960,1049973,1049977,1049984,1049987,1049989,1049991,1050007,1050010,1050014,1050017,1050031,1050032,1050039,1050051,1050064,1050065,1050071,1050083,1050084,1050089,1050091,1050102,1050119,1050176,1050202,1050224,1050227,1050228,1050230,1050255,1050256,1050274,1050275,1050280,1050285,1050286,1050320,1050321,1050344,1050345,1050348,1050368,1050383,1050399,1050402,1050411,1050421,1050430,1050431,1050436,1050443,1050459,1050461,1050491,1050497,1050502,1050504,1050510,1050534,1050535,1050545,1050546,1050564,1050577,1050608,1050611,1050621,1050628,1050639,1050645,1050667,1050671,1050681,1050686,1050688,1050689,1050691,1050727,1050738,1050756,1050802,1050807,1050829,1050839,1050840,1050849,1050853,1050863,1050882,1050886,1050894,1050902,1050917,1050920,1050931,1050933,1050947,1050952,1050971,1050977,1050982,1050999,1051011,1051026,1051028,1051045,1051046,1051054,1051055,1051059,1051061,1051091,1051094,1051117,1051118,1051122,1051136,1051147,1051158,1051173,1051198,1051201,1051206,1051220,1051225,1051244,1051273,1051283,1051297,1051328,1051351,1051370,1051386,1051387,1051403,1051421,1051427,1051440,1051445,1051451,1051458,1051463,1051482,1051491,1051495,1051496,1051498,1051499,1051506,1051519,1051520,1051521,1051524,1051526,1051534,1051555,1051560,1051565,1051573,1051577,1051579,1051586,1051587,1051590,1051635,1051644,1051664,1051665,1051668,1051671,1051680,1051695,1051700,1051703,1051709,1051712,1051718,1051752,1051755,1051772
1189:1048794
1205:1048799,1048853,1049072,1049190,1049246,1049302,1049305,1049371,1049469,1049603,1049607,1049626,1049662,1049723,1049757,1049790,1049811,1049837,1049890,1049906,1050124,1050184,1050198,1050206,1050216,1050288,1050300,1050341,1050343,1050344,1050367,1050427,1050430,1050448,1050462,1050483,1050522,1050523,1050549,1050575,1050636,1050715,1050786,1050790,1050791,1050793,1050801,1050808,1050824,1050875,1050885,1050891,1050898,1050915,1050947,1051046,1051097,1051171,1051295,1051361,1051398,1051408,1051422,1051434,1051473,1051474,1051475,1051504,1051547,1051559,1051560,1051568,1051592,1051597,1051602,1051610,1051627,1051667,1051671,1051717,1051728,1051747
1221:1048807
1237:1048812
1253:1048816
1269:1048817,1049995,1050505,1051196
1285:1048818,1049108,1049622,1049965,1050296,1050451,1051473
1301:1048820,1048853,1048885,1048894,1048929,1048972,1049039,1049296,1049353,1049424,1049467,1049521,1049537,1049590,1049607,1049618,1049623,1049694,1049718,1049781,1049832,1049833,1049934,1049937,1049956,1049959,1049965,1049984,1050000,1050031,1050040,1050051,1050062,1050139,1050140,1050143,1050246,1050278,1050285,1050300,1050310,1050326,1050393,1050399,1050402,1050435,1050441,1050491,1050530,1050534,1050564,1050608,1050681,1050722,1050723,1050776,1050811,1050852,1050895,1050915,1050917,1050952,1051060,1051122,1051200,1051206,1051226,1051259,1051297,1051360,1051385,1051397,1051411,1051463,1051493,1051497,1051503,1051542,1051560,1051562,1051585,1051602,1051610,1051644,1051652,1051660,1051666,1051705
1317:1048823
1333:1048826
1349:1048828
1365:1048829,1049296,1049465,1049521,1049661,1050729,1051113
1381:1048834
1397:1048842,1049565,1050610,1051339
1413:1048849,1048850,1048851,1048854,1048892,1048977,1049072,1049442,1049637,1049673,1049688,1049786,1049788,1049822,1049831,1049883,1050111,1050116,1050127,1050326,1050328,1050329,1050430,1050463,1050465,1050476,1050535,1050592,1050595,1050655,1050703,1050712,1050737,1050777,1050793,1050794,1050820,1050829,1050882,1050949,1050961,1050999,1051010,1051013,1051065,1051074,1051112,1051145,1051171,1051221,1051256,1051273,1051296,1051316,1051348,1051401,1051431,1051458,1051477,1051486,1051499,1051506,1051526,1051530,1051608,1051636,1051647,1051656,1051688
1429:1048853,1049846,1049889,1050015,1050078,1050776,1050826,1050914,1050996,1051056,1051157,1051201,1051221,1051298,1051403,1051435,1051469,1051503,1051568,1051577,1051655
1445:1048856,1048896,1048897,1049010,1049106,1049108,1049170,1049517,1049916,1049954,1050092,1050209,1050273,1050302,1050358,1050460,1050553,1050681,1050719,1050725,1050741,1050742,1050806,1050808,1050877,1050883,1050894,1051071,1051094,1051121,1051147,1051185,1051196,1051208,1051259,1051325,1051339,1051475,1051484,1051506,1051605,1051607,1051608,1051622,1051668,1051700,1051708,1051725,1051729,1051731,1051741,1051751,1051752,1051760,1051773
1461:1048858
1477:1048860,1048890,1049061,1049702,1050463,1050485,1050622,1050856,1050980,1050994,1051270,1051272
1493:1048866
1509:1048873,1048928,1049121,1049142,1049586
1525:1048873,1048894,1048910,1049016,1049037,1049102,1049399,1049585,1049590,1049622,1049624,1049757,1049759,1049791,1049799,1049811,1049840,1049867,1049869,1049919,1049921,1049939,1049944,1049974,1049977,1049985,1049986,1050000,1050045,1050060,1050072,1050076,1050082,1050117,1050127,1050129,1050141,1050169,1050176,1050179,1050180,1050184,1050190,1050200,1050207,1050213,1050239,1050292,1050301,1050302,1050319,1050384,1050400,1050402,1050411,1050443,1050481,1050490,1050500,1050503,1050504,1050507,1050511,1050520,1050523,1050533,1050553,1050564,1050590,1050592,1050594,1050656,1050700,1050709,1050723,1050763,1050778,1050804,1050807,1050808,1050820,1050838,1050872,1050896,1050919,1050930,1050950,1050965,1050976,1051022,1051056,1051098,1051117,1051135,1051157,1051170,1051173,1051179,1051181,1051184,1051200,1051232,1051249,1051257,1051258,1051272,1051275,1051287,1051303,1051309,1051325,1051391,1051394,1051404,1051487,1051515,1051526,1051545,1051564,1051571,1051588,1051590,1051591,1051595,1051596,1051601,1051616,1051621,1051622,1051627,1051640,1051653,1051662,1051668,1051690,1051693,1051695,1051715,1051728,1051775,1051777,1051779
1541:1048878,1049769
1557:1048883,1049082,1049351,1050544,1050572,1050963,1051083,1051254,1051629
1573:1048893,1049729,1049829,1051058,1051727
1589:1048896,1049015,1049250,1049745,1049969,1050082,1050200,1050211,1050228,1050367,1050421,1050461,1050684,1050740,1051025,1051072,1051109,1051459,1051568,1051717
1605:1048896,1049835,1050452,1050552,1050639,1050705,1050849,1051110,1051136,1051451,1051476
1621:1048897,1049253,1049333,1049547,1049549,1049577,1049607,1049641,1049744,1049919,1050045,1050060,1050091,1050270,1050325,1050486,1050563,1050627,1050635,1050720,1050750,1050900,1050942,1050971,1051065,1051074,1051193,1051307,1051345,1051347,1051387,1051395,1051401,1051445,1051481,1051526,1051624,1051662,1051676,1051680,1051691,1051705,1051725,1051729,1051731
1637:1048901
1653:1048907,1049846,1050217,1050551,1050608,1050682,1050931,1050933,1050973,1051101,1051168,1051435,1051566
1669:1048912,1048953,1049706,1049908,1050127,1050240,1051397
1685:1048926,1049221,1049512,1050068,1050439
1701:1048941,1049070,1049306,1049408,1049423,1049623,1049860,1049861,1050130,1050132,1050142,1050151,1050152,1050192,1050333,1050350,1050355,1050404,1050529,1050585,1050618,1050622,1050836,1050966,1050994,1051021,1051101,1051129,1051261,1051272,1051333,1051601,1051731
1717:1048949,1048950,1050294,1050923,1051019,1051138
1733:1048958,1050481,1050771,1050864,1051020,1051137,1051465,1051524,1051548,1051607
1749:1048966,1049064,1049738,1050610,1051180
1765:1048971,1051174,1051372,1051664
1781:1048978
1797:1048984,1049882,1050050,1050295,1050346,1050419,1050920
1813:1048990
1829:1048992
1845:1049000,1049451
1861:1049006
1877:1049010,1049371,1049442,1049710,1049720,1049723,1049741,1049983,1049996,1050007,1050092,1050105,1050166,1050186,1050224,1050249,1050255,1050313,1050420,1050622,1050686,1050737,1050790,1050920,1050982,1051075,1051116,1051131,1051204,1051329,1051532,1051554,1051677,1051709,1051720
1893:1049015,1049072,1049191,1049299,1049576,1049742,1049748,1049760,1049769,1049882,1050051,1050081,1050288,1050653,1050849,1051027,1051240,1051516,1051628
1909:1049016,1049400,1050125,1050537,1051317,1051361
1925:1049024,1049348,1050572,1050998
1941:1049034,1051686
1957:1049037,1049230,1049299,1049577,1049771,1050049,1050118,1050201,1050302,1050480,1050501,1050507,1050520,1050889,1050916,1050943,1051030,1051035,1051095,1051283,1051362,1051386,1051434,1051443,1051472,1051608,1051620,1051666,1051707,1051751,1051755,1051771
1973:1049042,1049099,1049146,1049669
1989:1049054,1049374,1049577,1049578,1049619,1049735,1049798,1049899,1049907,1049986,1049995,1050188,1050251,1050266,1050299,1050382,1050792,1050952,1050996,1050998,1051013,1051045,1051170,1051181,1051321,1051461,1051506,1051589,1051644,1051649,1051672,1051695,1051716
2005:1049058,1049472,1049524,1049587,1049800,1049840,1049882,1049925,1049974,1050043,1050102,1050144,1050187,1050258,1050312,1050343,1050362,1050400,1050411,1050430,1050460,1050486,1050514,1050564,1050590,1050605,1050636,1050657,1050685,1050688,1050702,1050752,1050754,1050849,1050876,1050915,1050998,1051051,1051089,1051121,1051273,1051277,1051278,1051308,1051314,1051361,1051370,1051411,1051461,1051496,1051561,1051669
2021:1049063,1049818,1050003,1050652,1050788,1050899
2037:1049069,1049901,1049921,1050792,1050823,1050889,1051116,1051274,1051531,1051662,1051719
2053:1049076,1049188,1049349
2069:1049100,1049487,1049589,1049620,1049919,1049922,1049979,1050010,1050180,1050207,1050212,1050225,1050307,1050376,1050398,1050510,1050600,1050791,1050824,1050950,1051545,1051742
2085:1049106,1050282,1050288,1051194
2101:1049106,1049245,1049813,1051665,1051735
2117:1049108
2133:1049110
2149:1049113,1049114,1049115,1049123,1049124,1049125,1049126
2165:1049133,1049836,1049934
2181:1049141
2197:1049152,1049475,1051652
2213:1049160
2229:1049164,1049165,1049166
2245:1049171
2261:1049178,1049191,1049233,1049495,1049971,1049972,1050891,1051389
2277:1049190,1049919,1049992,1050100,1050228,1050249,1050266,1050327,1050419,1050477,1050628,1050848,1050973,1051057,1051144,1051319,1051577,1051625,1051674,1051688,1051692,1051765
2293:1049191,1050345,1050772,1051756
2309:1049192
2325:1049194,1049246
2341:1049198,1050998
2357:1049207
2373:1049212
2389:1049219,1050681
2405:1049232
2421:1049239
2437:1049245,1049963,1050222,1050359,1050461,1050684,1050721,1051202,1051476,1051656,1051702
2453:1049245,1049674,1049734,1050437,1050670,1050713,1050827,1050864,1050916,1050930,1050977,1051142,1051219,1051342,1051471,1051514,1051573,1051682,1051706
2469:1049245
2485:1049249
2501:1049250
2517:1049252,1050996
2533:1049260,1049270,1050051,1050209,1050227,1050245,1050313,1050505,1050681,1050769,1051062,1051546,1051631,1051673,1051706
2549:1049266
2565:1049270,1049400,1049424,1049440,1049688,1049808,1050047,1050125,1050222,1050266,1050316,1050476,1050499,1050501,1050520,1050537,1050548,1050686,1050786,1050794,1050998,1051058,1051068,1051073,1051088,1051171,1051195,1051204,1051319,1051322,1051414,1051464,1051599,1051652,1051663,1051712,1051717
2581:1049271
2597:1049273,1049756,1049759,1049964,1050119,1050301,1050318,1050629,1051523,1051735,1051771
2613:1049278,1049750
2629:1049291,1049358,1049544,1049635,1049636,1049843,1049945,1050068,1050074,1050075,1050172,1050192,1050424,1050439,1051459
2645:1049297,1049695,1049790,1050073
2661:1049299,1050103,1050249,1050610,1050639,1051531,1051719
2677:1049302,1049623,1051185
2693:1049305,1049790,1050278,1050464,1051560,1051665,1051772
2709:1049312
2725:1049323,1049763,1051142,1051406,1051437
2741:1049333,1050448,1050573,1050762,1051100
2757:1049341,1049461,1049594,1049905,1050143,1050316,1050577,1050959,1050996,1051001,1051016,1051048,1051069,1051139,1051177,1051208,1051212,1051213,1051253,1051335,1051336,1051637
2773:1049354,1049386,1049387,1051025,1051097
2789:1049364,1051623
2805:1049371,1051573
2821:1049376,1049414,1049533
2837:1049390,1049391
2853:1049399,1050409,1051448
2869:1049403
2885:1049412,1049665,1049704,1050150,1050790,1051252,1051682
2901:1049423,1050009
2917:1049429,1050040,1050044,1050917
2933:1049433,1049549,1049773,1050079,1050422,1050508,1050764,1050777,1050919,1051072,1051240,1051296,1051327,1051338,1051373,1051500,1051568,1051667,1051687,1051739,1051766
2949:1049441,1049691,1050004,1050079,1050422,1050627,1050877,1051090,1051194,1051241,1051774
2965:1049461
2981:1049469,1050576
2997:1049502
3013:1049517,1049576,1049605,1049968,1050066,1050363,1050578,1050893,1051439,1051667
3029:1049524,1049587,1049706,1049716,1049757,1049809,1049810,1049840,1049925,1049934,1049939,1049974,1050028,1050031,1050045,1050062,1050119,1050123,1050128,1050144,1050189,1050257,1050258,1050281,1050283,1050312,1050343,1050449,1050575,1050592,1050605,1050635,1050636,1050659,1050685,1050687,1050754,1050759,1051051,1051121,1051178,1051226,1051259,1051273,1051277,1051278,1051308,1051314,1051329,1051361,1051370,1051407,1051411,1051472,1051496,1051497,1051522,1051542,1051561,1051603,1051651,1051656,1051662,1051728
3045:1049526
3061:1049538,1049740,1050047,1050093,1050228,1051256,1051287
3077:1049542
3093:1049547
3109:1049548,1051124
3125:1049555
3141:1049564,1049713
3157:1049572,1049850,1049906,1050046,1050232,1050252,1050286,1050321,1050322,1050323,1050621,1050952,1051133,1051169,1051195,1051196,1051200,1051201,1051207,1051415,1051443,1051450,1051451,1051599,1051686,1051703,1051719,1051756,1051757
3173:1049577,1050266
3189:1049578,1050610,1050720,1051443
3205:1049582
3221:1049587,1049840,1051024,1051045,1051277,1051307,1051496,1051497
3237:1049590
3253:1049598,1049891
3269:1049607,1049811,1050092,1050101,1050431,1050643,1050668,1050850,1050930,1050943,1051029,1051046,1051068,1051097,1051131,1051146,1051157,1051219,1051309,1051472,1051486,1051497,1051501,1051553,1051554,1051583,1051633,1051672,1051708,1051729
3285:1049609,1050385
3301:1049617,1049892,1050238,1050698,1050741,1050804,1050983,1051110,1051776
3317:1049621,1050776,1051741
3333:1049625,1050381,1051537
3349:1049634
3365:1049642,1049999,1050531,1050755
3381:1049654
3397:1049663,1049725,1049839,1050050,1050073,1050356,1051591,1051655
3413:1049673,1049985,1050479,1051244,1051480,1051667
3429:1049674
3445:1049683,1049748,1050109,1050303,1050329,1050773,1050948,1051111,1051469,1051610,1051717,1051720,1051755
3461:1049687,1049694,1049834,1050043,1050103,1050808,1051076,1051750,1051766,1051774
3477:1049688
3493:1049692
3509:1049709
3525:1049718
3541:1049720,1049849,1049988,1050085,1050341,1050517,1050790,1050850,1051571,1051652
3557:1049722
3573:1049730,1050667,1051370,1051440,1051554
3589:1049734,1050301,1050792,1050995,1051369,1051451,1051488,1051658
3605:1049736
3621:1049741
3637:1049744,1050040,1050300,1050998,1051545,1051627,1051707
3653:1049746,1050012,1050104,1050136,1050325,1050347,1050720,1050973,1051072,1051674
3669:1049752,1049949
3685:1049755,1050409,1050596,1051045,1051440,1051606
3701:1049757,1049882,1051279
3717:1049763,1051277
3733:1049769,1050423
3749:1049772,1049926,1050049,1050099,1051224
3765:1049781
3781:1049788,1050251
3797:1049800,1049925,1049990,1050564
3813:1049809
3829:1049811,1050111,1050977,1051710
3845:1049816,1049918,1049931
3861:1049827,1049890,1050037,1050313,1050608,1050666,1050720,1050851,1051203,1051667,1051670,1051717,1051756,1051757
3877:1049832,1049870,1050072,1050521,1050775,1050953,1051022,1051480,1051596
3893:1049839
3909:1049842
3925:1049848
3941:1049860,1049861,1050151,1050152,1050622
3957:1049865,1051596,1051613,1051686,1051690,1051733
3973:1049878,1049898,1050759
3989:1049883
4005:1049889
4021:1049892,1049907,1051655
4037:1049901,1049923,1050031,1050275,1050668,1050917,1051274,1051490,1051562,1051581,1051642,1051740
4053:1049915,1050091,1050109,1050201,1050216,1050267,1050480,1050511,1050574,1050996,1051317,1051328
4069:1049921
4085:1049925
4101:1049930,1050028,1050240,1050314,1050471,1050473,1050481,1050568,1050626,1051225,1051413,1051496,1051573
4117:1049939
4133:1049941
4149:1049951
4165:1049957,1050009
4181:1049960
4197:1049963
4213:1049969,1050745
4229:1049973,1050824
4245:1049980
4261:1049984,1051053
4277:1049987,1050216,1050385,1051681,1051766
4293:1049990
4309:1049995,1050249,1050266,1050449
4325:1050000,1050752,1050771,1050794,1051225
4341:1050003,1051382,1051568
4357:1050008
4373:1050013,1050233
4389:1050018,1050261,1050717,1050806,1050880,1050957,1051103,1051104,1051500,1051590,1051689,1051752
4405:1050029
4421:1050037
4437:1050042,1051500
4453:1050046,1050207,1050324,1050688,1051057,1051069,1051091,1051116,1051201,1051204,1051313,1051315,1051340,1051403,1051547,1051605,1051652
4469:1050050
4485:1050059,1050276,1050322,1050403,1050429,1050503,1050896,1050951,1051072,1051172,1051289,1051315,1051487,1051521,1051614,1051618,1051657,1051703
4501:1050067,1050130,1050264,1050333,1050515,1051096
4517:1050079,1050422,1050536,1050627,1050752,1051019,1051731
4533:1050082
4549:1050090
4565:1050093
4581:1050098,1050232
4597:1050104,1051710
4613:1050109,1050301,1050770,1051159,1051401,1051448,1051458,1051469
4629:1050119
4645:1050125,1050226,1050443
4661:1050129
4677:1050139,1050808
4693:1050146,1050902
4709:1050163
4725:1050165,1051309
4741:1050169,1051766
4757:1050177,1051725
4773:1050183,1050205,1050240,1050273,1051267,1051541,1051672
4789:1050191,1050776,1050955,1051072,1051199,1051564,1051600
4805:1050198,1050384,1051385,1051506,1051518,1051770
4821:1050205,1051063,1051231,1051500,1051691,1051726
4837:1050211,1050929,1051316,1051711
4853:1050216
4869:1050224
4885:1050228
4901:1050238
4917:1050244,1050776
4933:1050251
4949:1050255
4965:1050261,1051101
4981:1050267,1050529,1050618,1050622,1050859,1051591
4997:1050271
5013:1050275,1050688,1051302,1051319,1051580,1051631,1051690
5029:1050280,1051772
5045:1050282
5061:1050286,1050807,1050890,1050896,1051297,1051706
5077:1050292
5093:1050300
5109:1050303
5125:1050310,1051267,1051735
5141:1050316,1050466,1050996,1051089,1051249,1051262
5157:1050320,1050564,1050963,1051030,1051157,1051292,1051464,1051543,1051617
5173:1050339
5189:1050341
5205:1050344,1050652,1050772,1051662
5221:1050351
5237:1050367
5253:1050379
5269:1050386,1051398
5285:1050399
5301:1050403
5317:1050412,1050496
5333:1050420
5349:1050429
5365:1050434,1050463,1050651,1051548
5381:1050442
5397:1050451,1050998,1051492,1051522
5413:1050459,1051477
5429:1050465
5445:1050477
5461:1050486
5477:1050493
5493:1050503
5509:1050511
5525:1050523,1050894,1050933,1050981,1051481,1051605,1051754
5541:1050533,1050560
5557:1050543
5573:1050550
5589:1050558
5605:1050570
5621:1050577
5637:1050585
5653:1050592
5669:1050600
5685:1050610,1051076
5701:1050622,1050885,1050951,1051055,1051097,1051149,1051203,1051322,1051361,1051646,1051755
5717:1050629,1051769
5733:1050635,1050889,1051013,1051618,1051676
5749:1050640,1051451
5765:1050653,1050964
5781:1050666,1051027,1051340
5797:1050671,1050790,1051207
5813:1050678
5829:1050686,1050689,1051321,1051508,1051593
5845:1050700,1051312
5861:1050712
5877:1050719
5893:1050723
5909:1050728,1051427,1051436,1051510,1051537,1051697
5925:1050739
5941:1050747
5957:1050754,1051277,1051669
5973:1050761
5989:1050771
6005:1050775
6021:1050779,1051112
6037:1050789
6053:1050799
6069:1050808
6085:1050808
6101:1050808
6117:1050811
6133:1050820
6149:1050829
6165:1050842,1051100
6181:1050852
6197:1050863,1051303
6213:1050875,1050877,1050942,1051351,1051468,1051665
6229:1050876
6245:1050879
6261:1050883
6277:1050892
6293:1050902
6309:1050913
6325:1050919
6341:1050928,1050983
6357:1050938
6373:1050948,1051243,1051437,1051489
6389:1050958
6405:1050971
6421:1050976
6437:1050984
6453:1050995
6469:1051001
6485:1051009,1051438
6501:1051015,1051033
6517:1051024
6533:1051031
6549:1051040
6565:1051046
6581:1051056,1051073,1051664
6597:1051058
6613:1051065
6629:1051072
6645:1051077
6661:1051091,1051112,1051244,1051289,1051403,1051632,1051707
6677:1051100,1051307,1051618,1051648
6693:1051111
6709:1051116,1051495
6725:1051126
6741:1051138
6757:1051147,1051715
6773:1051160,1051245
6789:1051168,1051494
6805:1051176
6821:1051184
6837:1051194
6853:1051197
6869:1051206
6885:1051211
6901:1051225,1051297
6917:1051240
6933:1051251
6949:1051256,1051494
6965:1051271
6981:1051277,1051308,1051415,1051561
6997:1051284
7013:1051289
7029:1051295
7045:1051297
7061:1051305
7077:1051315
7093:1051319
7109:1051328
7125:1051344,1051527
7141:1051355
7157:1051362,1051735
7173:1051370,1051543
7189:1051385
7205:1051388
7221:1051397
7237:1051403,1051669
7253:1051413
7269:1051424
7285:1051433,1051455
7301:1051447,1051456,1051627
7317:1051457
7333:1051465,1051585,1051659
7349:1051469
7365:1051477
7381:1051486
7397:1051493
7413:1051497
7429:1051501,1051656
7445:1051508
7461:1051518
7477:1051528
7493:1051542
7509:1051554
7525:1051564
7541:1051571
7557:1051579
7573:1051587
7589:1051592
7605:1051596
7621:1051602
7637:1051608
7653:1051617
7669:1051624
7685:1051635
7701:1051646
7717:1051652
7733:1051660
7749:1051665
7765:1051672
7781:1051677
7797:1051688
7813:1051695
7829:1051704
7845:1051710
7861:1051718
7877:1051728
7893:1051735,1051736
7909:1051740
7925:1051752
7941:1051757
7957:1051766
7973:1051773
