12:1048576,1048577,1048578,1048579,1048580,1048581,1048582,1048583,1048584,1048585,1048586,1048587,1048588,1048589,1048590,1048591,1048592,1048593,1048594,1048595,1048596,1048597,1048598,1048599,1048600,1048601,1048602,1048603,1048604,1048605,1048606,1048607,1048608,1048609,1048610,1049212,1049960,1051767,1051768
28:1048578,1048579,1048582,1048583,1048585,1048586,1048588,1048589,1048592,1048594,1048600,1048603,1048608,1048621,1048625,1048643,1048644,1048646,1048647,1048654,1048667,1048672,1048677,1048678,1048679,1048683,1048686,1048698,1048718,1048720,1048724,1048741,1048760,1048777,1048798,1048799,1048809,1048823,1048826,1048827,1048828,1048840,1048847,1048851,1048853,1048857,1048859,1048866,1048873,1048875,1048892,1048895,1048897,1048918,1048936,1048957,1048969,1048971,1048972,1048984,1049010,1049016,1049037,1049039,1049065,1049070,1049071,1049072,1049112,1049133,1049158,1049160,1049170,1049173,1049176,1049191,1049194,1049206,1049211,1049212,1049219,1049230,1049246,1049253,1049254,1049257,1049264,1049266,1049270,1049274,1049293,1049299,1049301,1049302,1049303,1049305,1049306,1049331,1049333,1049337,1049371,1049397,1049399,1049400,1049422,1049425,1049429,1049430,1049431,1049440,1049442,1049464,1049465,1049466,1049469,1049495,1049502,1049506,1049515,1049516,1049517,1049524,1049534,1049539,1049546,1049547,1049550,1049562,1049565,1049572,1049573,1049576,1049577,1049578,1049587,1049588,1049589,1049600,1049603,1049604,1049608,1049618,1049620,1049621,1049625,1049627,1049628,1049641,1049658,1049659,1049661,1049663,1049673,1049674,1049681,1049688,1049689,1049708,1049709,1049710,1049713,1049720,1049730,1049733,1049734,1049735,1049736,1049737,1049740,1049741,1049742,1049743,1049746,1049747,1049748,1049754,1049755,1049758,1049760,1049761,1049763,1049770,1049771,1049773,1049780,1049784,1049791,1049810,1049812,1049822,1049823,1049827,1049828,1049830,1049832,1049833,1049836,1049837,1049839,1049840,1049845,1049852,1049853,1049857,1049879,1049880,1049882,1049888,1049890,1049899,1049902,1049909,1049911,1049916,1049920,1049922,1049923,1049925,1049927,1049928,1049929,1049940,1049943,1049955,1049956,1049959,1049960,1049963,1049964,1049965,1049966,1049968,1049969,1049970,1049971,1049972,1049975,1049978,1049979,1049985,1049990,1049992,1049996,1049999,1050002,1050008,1050028,1050029,1050030,1050032,1050033,1050034,1050035,1050038,1050039,1050040,1050043,1050044,1050045,1050046,1050057,1050059,1050060,1050061,1050062,1050063,1050064,1050066,1050073,1050077,1050078,1050081,1050093,1050101,1050104,1050105,1050110,1050111,1050117,1050118,1050119,1050125,1050128,1050140,1050163,1050164,1050166,1050167,1050177,1050178,1050179,1050180,1050187,1050189,1050191,1050196,1050197,1050198,1050200,1050201,1050203,1050204,1050207,1050216,1050217,1050221,1050222,1050225,1050226,1050229,1050232,1050233,1050234,1050239,1050240,1050241,1050249,1050252,1050253,1050255,1050259,1050260,1050268,1050271,1050275,1050278,1050281,1050283,1050286,1050288,1050292,1050295,1050298,1050302,1050303,1050304,1050313,1050314,1050315,1050322,1050326,1050327,1050343,1050344,1050346,1050349,1050356,1050363,1050367,1050372,1050380,1050381,1050382,1050384,1050385,1050386,1050399,1050402,1050404,1050409,1050410,1050419,1050420,1050427,1050429,1050430,1050431,1050435,1050437,1050438,1050443,1050444,1050445,1050446,1050450,1050453,1050454,1050459,1050460,1050464,1050465,1050467,1050475,1050476,1050477,1050480,1050481,1050483,1050487,1050489,1050491,1050498,1050501,1050502,1050504,1050505,1050506,1050514,1050520,1050522,1050523,1050534,1050537,1050539,1050549,1050552,1050553,1050560,1050563,1050572,1050577,1050591,1050592,1050596,1050606,1050609,1050610,1050611,1050621,1050626,1050628,1050629,1050635,1050640,1050648,1050655,1050656,1050657,1050658,1050671,1050672,1050680,1050683,1050685,1050686,1050700,1050702,1050705,1050713,1050720,1050722,1050723,1050726,1050729,1050730,1050738,1050739,1050753,1050755,1050757,1050759,1050767,1050768,1050773,1050777,1050779,1050782,1050785,1050792,1050793,1050795,1050796,1050798,1050801,1050802,1050827,1050828,1050831,1050837,1050839,1050840,1050843,1050846,1050848,1050849,1050860,1050862,1050872,1050874,1050880,1050889,1050891,1050892,1050895,1050899,1050900,1050901,1050906,1050914,1050916,1050917,1050918,1050920,1050933,1050940,1050941,1050943,1050945,1050948,1050949,1050953,1050958,1050959,1050961,1050964,1050970,1050974,1050982,1050986,1050995,1050997,1050998,1051006,1051011,1051014,1051016,1051025,1051027,1051028,1051031,1051032,1051045,1051046,1051048,1051050,1051054,1051055,1051056,1051058,1051074,1051075,1051076,1051084,1051085,1051089,1051092,1051093,1051097,1051109,1051112,1051113,1051116,1051121,1051131,1051133,1051136,1051139,1051145,1051148,1051157,1051164,1051167,1051169,1051173,1051177,1051179,1051180,1051181,1051184,1051191,1051193,1051195,1051197,1051198,1051200,1051212,1051213,1051219,1051220,1051221,1051226,1051227,1051232,1051242,1051243,1051244,1051250,1051253,1051257,1051258,1051259,1051263,1051273,1051275,1051276,1051278,1051280,1051282,1051284,1051291,1051292,1051293,1051294,1051305,1051307,1051308,1051313,1051314,1051319,1051321,1051328,1051330,1051335,1051336,1051339,1051352,1051360,1051361,1051362,1051370,1051377,1051387,1051389,1051394,1051395,1051396,1051398,1051400,1051413,1051417,1051418,1051425,1051426,1051427,1051430,1051431,1051433,1051434,1051437,1051438,1051439,1051440,1051444,1051445,1051446,1051448,1051450,1051451,1051452,1051458,1051461,1051462,1051463,1051471,1051473,1051474,1051477,1051478,1051481,1051482,1051490,1051494,1051496,1051497,1051498,1051503,1051504,1051505,1051506,1051512,1051513,1051514,1051516,1051518,1051519,1051520,1051532,1051534,1051536,1051544,1051546,1051547,1051554,1051564,1051568,1051573,1051575,1051577,1051578,1051579,1051580,1051589,1051595,1051598,1051599,1051602,1051605,1051606,1051608,1051609,1051618,1051621,1051624,1051627,1051629,1051630,1051634,1051635,1051641,1051642,1051643,1051644,1051648,1051652,1051653,1051655,1051656,1051662,1051666,1051667,1051668,1051669,1051673,1051674,1051675,1051676,1051677,1051678,1051679,1051680,1051681,1051682,1051685,1051687,1051688,1051689,1051696,1051700,1051702,1051705,1051713,1051715,1051717,1051719,1051720,1051721,1051722,1051723,1051725,1051729,1051730,1051732,1051745,1051746,1051748,1051759,1051760,1051763,1051764,1051765,1051766,1051767,1051769,1051771,1051773,1051775,1051776,1051777,1051778,1051779
44:1048581,1048583,1048586,1048589,1048595,1048608,1048611,1048614,1048615,1048621,1048623,1048625,1048626,1048627,1048628,1048633,1048634,1048635,1048638,1048643,1048644,1048645,1048646,1048652,1048653,1048658,1048659,1048661,1048663,1048664,1048667,1048669,1048670,1048671,1048673,1048674,1048678,1048679,1048680,1048681,1048686,1048687,1048691,1048692,1048693,1048698,1048699,1048711,1048718,1048719,1048721,1048724,1048731,1048738,1048744,1048749,1048750,1048754,1048755,1048756,1048757,1048760,1048763,1048764,1048771,1048777,1048778,1048790,1048791,1048796,1048797,1048799,1048806,1048809,1048811,1048814,1048816,1048818,1048820,1048823,1048826,1048827,1048829,1048841,1048842,1048847,1048849,1048851,1048853,1048854,1048857,1048859,1048862,1048868,1048870,1048873,1048875,1048878,1048885,1048892,1048894,1048895,1048896,1048897,1048898,1048900,1048904,1048905,1048907,1048909,1048910,1048911,1048920,1048921,1048926,1048929,1048939,1048942,1048955,1048956,1048957,1048966,1048971,1048972,1048973,1048975,1048980,1048981,1048983,1048984,1048985,1048986,1048989,1048990,1048992,1049010,1049015,1049016,1049022,1049025,1049037,1049039,1049054,1049057,1049058,1049064,1049066,1049067,1049068,1049069,1049070,1049072,1049102,1049106,1049107,1049108,1049110,1049111,1049112,1049133,1049159,1049160,1049164,1049165,1049166,1049170,1049171,1049173,1049180,1049182,1049190,1049191,1049192,1049193,1049194,1049205,1049207,1049212,1049213,1049219,1049221,1049222,1049230,1049231,1049233,1049236,1049245,1049246,1049249,1049250,1049251,1049252,1049253,1049254,1049266,1049267,1049268,1049269,1049270,1049271,1049272,1049273,1049274,1049283,1049292,1049293,1049294,1049296,1049299,1049301,1049302,1049303,1049305,1049306,1049330,1049331,1049333,1049334,1049336,1049337,1049353,1049369,1049370,1049371,1049374,1049375,1049393,1049397,1049399,1049400,1049403,1049404,1049405,1049422,1049423,1049424,1049425,1049426,1049427,1049428,1049429,1049430,1049431,1049432,1049433,1049435,1049436,1049437,1049440,1049442,1049452,1049465,1049466,1049467,1049468,1049469,1049470,1049472,1049485,1049512,1049515,1049516,1049517,1049519,1049521,1049522,1049523,1049524,1049525,1049526,1049529,1049537,1049538,1049539,1049546,1049547,1049548,1049549,1049550,1049555,1049556,1049557,1049563,1049565,1049576,1049577,1049578,1049581,1049583,1049584,1049585,1049587,1049588,1049589,1049590,1049592,1049598,1049599,1049600,1049601,1049603,1049604,1049605,1049606,1049607,1049608,1049609,1049610,1049618,1049619,1049620,1049621,1049622,1049623,1049624,1049626,1049627,1049628,1049637,1049640,1049641,1049642,1049644,1049646,1049647,1049658,1049659,1049661,1049662,1049663,1049673,1049674,1049676,1049678,1049683,1049684,1049685,1049686,1049687,1049688,1049689,1049690,1049691,1049692,1049709,1049710,1049718,1049719,1049720,1049721,1049722,1049723,1049727,1049729,1049730,1049732,1049733,1049734,1049735,1049736,1049737,1049738,1049739,1049740,1049741,1049742,1049743,1049744,1049745,1049746,1049747,1049748,1049754,1049755,1049756,1049757,1049758,1049759,1049760,1049761,1049763,1049769,1049770,1049771,1049772,1049773,1049774,1049779,1049780,1049781,1049784,1049785,1049787,1049788,1049789,1049790,1049791,1049798,1049799,1049800,1049801,1049805,1049806,1049807,1049808,1049809,1049810,1049811,1049812,1049813,1049818,1049822,1049823,1049824,1049826,1049827,1049828,1049829,1049830,1049832,1049833,1049834,1049835,1049836,1049837,1049838,1049839,1049840,1049842,1049845,1049846,1049847,1049848,1049849,1049852,1049853,1049854,1049855,1049856,1049857,1049860,1049861,1049863,1049865,1049867,1049869,1049870,1049874,1049879,1049880,1049881,1049882,1049883,1049884,1049889,1049890,1049891,1049898,1049899,1049900,1049901,1049902,1049906,1049907,1049908,1049909,1049914,1049915,1049916,1049919,1049920,1049921,1049922,1049923,1049924,1049925,1049926,1049927,1049928,1049929,1049933,1049934,1049937,1049938,1049939,1049940,1049941,1049943,1049944,1049954,1049955,1049956,1049957,1049958,1049959,1049960,1049961,1049962,1049963,1049964,1049965,1049966,1049967,1049968,1049969,1049970,1049971,1049972,1049973,1049974,1049975,1049976,1049977,1049978,1049979,1049983,1049984,1049985,1049986,1049987,1049988,1049990,1049991,1049992,1049995,1049996,1049998,1049999,1050000,1050001,1050002,1050003,1050004,1050005,1050006,1050007,1050008,1050009,1050010,1050012,1050013,1050014,1050015,1050016,1050018,1050019,1050020,1050028,1050029,1050030,1050031,1050032,1050033,1050034,1050035,1050037,1050038,1050039,1050040,1050042,1050043,1050044,1050045,1050046,1050047,1050048,1050049,1050051,1050057,1050058,1050059,1050060,1050061,1050062,1050063,1050066,1050069,1050070,1050071,1050072,1050073,1050076,1050077,1050078,1050079,1050080,1050081,1050082,1050086,1050089,1050090,1050091,1050092,1050093,1050094,1050098,1050099,1050100,1050101,1050102,1050103,1050104,1050105,1050106,1050107,1050108,1050109,1050110,1050111,1050115,1050116,1050117,1050118,1050119,1050123,1050124,1050125,1050126,1050127,1050128,1050129,1050136,1050138,1050139,1050140,1050141,1050142,1050143,1050144,1050145,1050146,1050147,1050151,1050152,1050159,1050161,1050162,1050163,1050164,1050165,1050166,1050167,1050168,1050169,1050170,1050174,1050176,1050177,1050178,1050179,1050180,1050183,1050184,1050185,1050186,1050187,1050188,1050189,1050190,1050191,1050192,1050193,1050194,1050195,1050196,1050197,1050198,1050199,1050200,1050201,1050202,1050203,1050204,1050205,1050206,1050207,1050208,1050209,1050210,1050211,1050212,1050213,1050216,1050217,1050218,1050219,1050220,1050221,1050222,1050224,1050225,1050226,1050227,1050228,1050229,1050231,1050232,1050233,1050234,1050238,1050239,1050240,1050243,1050244,1050246,1050247,1050248,1050249,1050250,1050251,1050252,1050253,1050254,1050255,1050256,1050257,1050258,1050259,1050260,1050261,1050266,1050267,1050268,1050269,1050270,1050271,1050272,1050273,1050274,1050275,1050278,1050280,1050281,1050283,1050284,1050285,1050286,1050287,1050288,1050289,1050292,1050293,1050294,1050295,1050296,1050297,1050298,1050299,1050300,1050301,1050302,1050303,1050310,1050313,1050314,1050315,1050316,1050317,1050318,1050319,1050320,1050321,1050322,1050323,1050324,1050325,1050326,1050327,1050328,1050329,1050330,1050339,1050340,1050341,1050342,1050343,1050344,1050345,1050346,1050349,1050350,1050356,1050357,1050358,1050359,1050360,1050361,1050362,1050363,1050367,1050380,1050381,1050382,1050383,1050384,1050385,1050386,1050393,1050399,1050400,1050401,1050402,1050403,1050404,1050408,1050409,1050410,1050411,1050412,1050416,1050418,1050419,1050420,1050421,1050422,1050423,1050427,1050428,1050429,1050430,1050431,1050433,1050434,1050435,1050436,1050437,1050442,1050443,1050444,1050445,1050446,1050448,1050449,1050450,1050452,1050453,1050454,1050457,1050459,1050460,1050461,1050462,1050463,1050464,1050465,1050466,1050467,1050475,1050476,1050477,1050480,1050481,1050482,1050483,1050484,1050485,1050486,1050487,1050490,1050491,1050492,1050496,1050497,1050499,1050500,1050501,1050502,1050503,1050504,1050505,1050506,1050507,1050508,1050509,1050510,1050511,1050512,1050513,1050514,1050520,1050521,1050522,1050523,1050526,1050531,1050532,1050533,1050534,1050535,1050536,1050537,1050539,1050544,1050547,1050548,1050549,1050550,1050551,1050552,1050553,1050563,1050564,1050566,1050572,1050573,1050574,1050575,1050576,1050577,1050578,1050579,1050590,1050591,1050592,1050593,1050594,1050595,1050605,1050606,1050607,1050608,1050609,1050610,1050611,1050617,1050621,1050622,1050623,1050624,1050625,1050626,1050627,1050628,1050629,1050634,1050635,1050636,1050637,1050639,1050640,1050651,1050652,1050653,1050655,1050656,1050657,1050658,1050659,1050662,1050666,1050667,1050668,1050669,1050670,1050671,1050672,1050680,1050681,1050682,1050683,1050684,1050685,1050686,1050687,1050688,1050689,1050698,1050700,1050701,1050702,1050703,1050704,1050705,1050708,1050709,1050710,1050712,1050713,1050714,1050715,1050716,1050717,1050719,1050720,1050721,1050722,1050723,1050725,1050726,1050727,1050728,1050729,1050730,1050733,1050735,1050736,1050737,1050738,1050739,1050740,1050741,1050742,1050743,1050744,1050745,1050748,1050749,1050750,1050751,1050752,1050753,1050754,1050755,1050756,1050759,1050760,1050761,1050762,1050763,1050764,1050769,1050770,1050771,1050772,1050773,1050775,1050776,1050777,1050778,1050779,1050782,1050783,1050784,1050785,1050786,1050788,1050790,1050791,1050792,1050793,1050794,1050795,1050796,1050801,1050802,1050803,1050804,1050805,1050806,1050807,1050808,1050820,1050821,1050822,1050823,1050824,1050825,1050826,1050827,1050828,1050829,1050836,1050837,1050838,1050839,1050840,1050841,1050842,1050843,1050846,1050847,1050848,1050849,1050850,1050851,1050852,1050856,1050858,1050859,1050860,1050861,1050862,1050863,1050864,1050866,1050867,1050870,1050872,1050873,1050874,1050875,1050876,1050877,1050878,1050879,1050880,1050881,1050882,1050883,1050884,1050885,1050886,1050887,1050888,1050889,1050890,1050891,1050892,1050893,1050894,1050895,1050896,1050897,1050898,1050899,1050900,1050901,1050902,1050912,1050913,1050914,1050915,1050916,1050917,1050918,1050919,1050920,1050926,1050928,1050929,1050930,1050931,1050932,1050933,1050934,1050935,1050940,1050941,1050942,1050943,1050944,1050945,1050946,1050947,1050948,1050949,1050950,1050951,1050952,1050953,1050954,1050955,1050958,1050962,1050963,1050964,1050965,1050970,1050971,1050972,1050973,1050974,1050975,1050976,1050977,1050981,1050982,1050983,1050984,1050988,1050995,1050996,1050998,1050999,1051000,1051005,1051008,1051009,1051010,1051011,1051012,1051013,1051014,1051015,1051021,1051022,1051024,1051025,1051026,1051027,1051028,1051029,1051030,1051031,1051032,1051033,1051039,1051044,1051045,1051046,1051052,1051054,1051055,1051056,1051057,1051058,1051059,1051060,1051061,1051062,1051063,1051065,1051066,1051067,1051068,1051069,1051070,1051071,1051072,1051073,1051074,1051075,1051076,1051077,1051083,1051088,1051089,1051090,1051091,1051092,1051093,1051094,1051096,1051097,1051098,1051099,1051100,1051101,1051102,1051106,1051108,1051109,1051110,1051111,1051112,1051113,1051114,1051115,1051116,1051117,1051118,1051119,1051120,1051121,1051122,1051124,1051128,1051129,1051130,1051131,1051132,1051134,1051135,1051136,1051141,1051142,1051143,1051144,1051145,1051146,1051147,1051150,1051154,1051155,1051156,1051157,1051159,1051161,1051162,1051167,1051168,1051169,1051170,1051171,1051172,1051173,1051174,1051176,1051178,1051179,1051180,1051181,1051183,1051184,1051185,1051186,1051191,1051192,1051193,1051194,1051195,1051196,1051197,1051198,1051199,1051200,1051201,1051202,1051203,1051204,1051205,1051206,1051207,1051208,1051209,1051217,1051218,1051219,1051220,1051221,1051223,1051224,1051225,1051226,1051227,1051228,1051231,1051232,1051236,1051237,1051239,1051240,1051241,1051242,1051243,1051244,1051245,1051249,1051254,1051255,1051256,1051257,1051258,1051259,1051260,1051261,1051262,1051263,1051266,1051267,1051270,1051271,1051272,1051273,1051274,1051275,1051276,1051277,1051278,1051279,1051280,1051281,1051282,1051283,1051284,1051285,1051286,1051287,1051289,1051290,1051291,1051292,1051293,1051294,1051295,1051296,1051297,1051298,1051299,1051301,1051302,1051303,1051305,1051307,1051308,1051309,1051310,1051312,1051313,1051314,1051315,1051316,1051317,1051320,1051321,1051322,1051324,1051325,1051326,1051327,1051328,1051329,1051330,1051333,1051334,1051337,1051339,1051340,1051341,1051342,1051343,1051344,1051345,1051346,1051347,1051350,1051351,1051352,1051354,1051355,1051356,1051358,1051359,1051360,1051361,1051362,1051365,1051369,1051370,1051372,1051373,1051374,1051375,1051376,1051377,1051378,1051379,1051380,1051381,1051382,1051383,1051384,1051385,1051386,1051387,1051388,1051390,1051391,1051392,1051394,1051395,1051396,1051397,1051398,1051400,1051401,1051402,1051403,1051404,1051406,1051407,1051408,1051409,1051410,1051411,1051412,1051413,1051414,1051415,1051416,1051417,1051418,1051420,1051421,1051422,1051423,1051424,1051425,1051426,1051427,1051430,1051431,1051432,1051433,1051434,1051435,1051437,1051438,1051439,1051440,1051441,1051442,1051443,1051444,1051445,1051446,1051448,1051449,1051451,1051452,1051453,1051455,1051456,1051457,1051458,1051459,1051460,1051461,1051462,1051463,1051464,1051465,1051466,1051467,1051468,1051469,1051470,1051471,1051472,1051473,1051474,1051475,1051476,1051477,1051478,1051480,1051481,1051482,1051484,1051486,1051487,1051488,1051489,1051490,1051491,1051493,1051494,1051495,1051496,1051497,1051498,1051499,1051500,1051501,1051502,1051503,1051504,1051505,1051506,1051507,1051509,1051511,1051512,1051513,1051514,1051515,1051516,1051518,1051519,1051520,1051521,1051522,1051523,1051524,1051525,1051526,1051528,1051529,1051530,1051531,1051532,1051533,1051534,1051536,1051537,1051538,1051541,1051542,1051543,1051544,1051545,1051546,1051547,1051548,1051552,1051553,1051554,1051555,1051556,1051557,1051559,1051560,1051561,1051562,1051563,1051564,1051565,1051566,1051568,1051569,1051571,1051572,1051573,1051574,1051575,1051576,1051577,1051578,1051579,1051580,1051581,1051583,1051584,1051585,1051586,1051587,1051588,1051589,1051590,1051591,1051592,1051593,1051594,1051595,1051596,1051597,1051598,1051599,1051600,1051601,1051602,1051603,1051604,1051605,1051606,1051607,1051608,1051609,1051610,1051611,1051612,1051613,1051614,1051615,1051616,1051617,1051618,1051619,1051620,1051621,1051622,1051623,1051624,1051625,1051626,1051627,1051628,1051629,1051630,1051631,1051632,1051633,1051634,1051635,1051639,1051640,1051641,1051642,1051643,1051644,1051645,1051646,1051647,1051649,1051650,1051651,1051652,1051653,1051655,1051656,1051657,1051658,1051659,1051660,1051661,1051662,1051663,1051664,1051665,1051666,1051667,1051668,1051669,1051670,1051671,1051672,1051673,1051674,1051675,1051676,1051677,1051678,1051679,1051680,1051681,1051682,1051683,1051684,1051685,1051686,1051687,1051689,1051690,1051691,1051692,1051693,1051694,1051695,1051696,1051699,1051700,1051702,1051703,1051704,1051705,1051706,1051707,1051708,1051709,1051710,1051711,1051712,1051713,1051714,1051715,1051716,1051717,1051718,1051719,1051720,1051721,1051722,1051723,1051724,1051725,1051726,1051727,1051728,1051729,1051730,1051731,1051732,1051733,1051735,1051736,1051737,1051738,1051739,1051740,1051741,1051742,1051745,1051746,1051747,1051748,1051749,1051750,1051751,1051752,1051753,1051754,1051755,1051756,1051757,1051758,1051759,1051760,1051762,1051763,1051764,1051765,1051766,1051767,1051768,1051769,1051770,1051771,1051772,1051773,1051774,1051775,1051776,1051777,1051778,1051779
60:1048586,1048589,1048615,1048623,1048691,1048719,1048752,1049135,1049273,1049303,1049547,1049585,1049600,1049688,1049730,1049773,1049779,1049781,1049822,1049853,1049865,1049882,1049883,1049916,1049942,1050042,1050051,1050059,1050062,1050178,1050255,1050256,1050273,1050313,1050318,1050320,1050344,1050386,1050497,1050498,1050526,1050595,1050611,1050640,1050655,1050658,1050715,1050729,1050795,1050864,1050889,1050896,1050917,1050946,1050951,1050965,1051014,1051094,1051110,1051116,1051147,1051298,1051424,1051465,1051467,1051470,1051499,1051508,1051523,1051524,1051613,1051618,1051624,1051648,1051686,1051702,1051721,1051733
76:1048587,1048650,1048692,1048749,1048894,1048955,1049193,1049548,1049590,1049601,1049606,1049790,1049867,1049938,1049940,1049962,1049963,1049986,1050018,1050072,1050079,1050108,1050162,1050180,1050212,1050250,1050275,1050302,1050325,1050340,1050341,1050359,1050479,1050526,1050575,1050668,1050717,1050721,1050930,1050941,1050948,1051027,1051100,1051159,1051220,1051244,1051274,1051340,1051424,1051437,1051457,1051503,1051511,1051545,1051571,1051591,1051659,1051663,1051667,1051669,1051734,1051742,1051750
92:1048591,1048686,1048910,1049129,1049308,1049309,1049380,1049454,1049455,1049606,1049686,1049772,1049926,1049976,1050015,1050141,1050208,1050507,1050623,1050650,1050733,1050841,1051119
108:1048595,1050448,1050622,1051383,1051600,1051757
124:1048595,1048623,1048686,1048847,1048895,1049016,1049171,1049219,1049266,1049269,1049302,1049423,1049467,1049468,1049525,1049557,1049587,1049624,1049626,1049723,1049729,1049760,1049761,1049763,1049771,1049787,1049811,1049830,1049833,1049834,1049842,1049863,1049923,1049933,1049944,1049961,1049967,1049970,1049979,1050031,1050043,1050045,1050060,1050064,1050066,1050071,1050080,1050089,1050099,1050116,1050145,1050163,1050166,1050183,1050185,1050189,1050191,1050199,1050226,1050229,1050248,1050254,1050256,1050314,1050318,1050322,1050362,1050381,1050402,1050403,1050409,1050429,1050430,1050431,1050435,1050462,1050465,1050504,1050533,1050536,1050552,1050564,1050608,1050617,1050635,1050637,1050640,1050657,1050667,1050669,1050688,1050700,1050719,1050727,1050735,1050753,1050764,1050769,1050777,1050779,1050783,1050790,1050807,1050808,1050829,1050864,1050913,1050915,1050931,1050942,1050943,1050971,1050973,1050977,1051011,1051032,1051074,1051089,1051091,1051118,1051119,1051121,1051170,1051172,1051179,1051220,1051221,1051241,1051243,1051276,1051294,1051295,1051297,1051313,1051324,1051329,1051361,1051384,1051391,1051404,1051426,1051431,1051433,1051435,1051439,1051441,1051447,1051451,1051456,1051461,1051466,1051469,1051472,1051482,1051488,1051489,1051497,1051500,1051506,1051507,1051514,1051521,1051525,1051533,1051534,1051544,1051545,1051555,1051561,1051562,1051579,1051581,1051589,1051591,1051595,1051605,1051606,1051613,1051614,1051618,1051631,1051645,1051646,1051655,1051662,1051663,1051675,1051676,1051678,1051690,1051695,1051696,1051703,1051709,1051738,1051750,1051757
140:1048598,1048599,1048615,1048651,1048936,1049204,1049367,1049423,1049505,1049670,1049728,1049834,1049904,1050005,1050209,1050292,1050661,1051180,1051376
156:1048602,1048699,1049439,1049588,1049810,1049840,1050014,1050179,1050266,1050303,1050465,1050484,1050520,1050536,1050553,1050682,1050685,1050791,1050836,1051025,1051099,1051199,1051242,1051283,1051297,1051439,1051454,1051460,1051466,1051491,1051563,1051564,1051566,1051573,1051575,1051576,1051580,1051610,1051642,1051717,1051720
172:1048605
188:1048608,1048621,1048624,1048671,1048679,1048712,1048724,1048726,1048733,1048734,1048735,1048751,1048752,1048753,1048758,1048762,1048784,1048797,1048819,1048825,1048828,1048835,1048837,1048860,1048867,1048872,1048879,1048882,1048883,1048884,1048890,1048893,1048913,1048914,1048933,1048934,1048940,1048944,1048952,1048954,1048965,1048994,1049032,1049034,1049068,1049085,1049087,1049090,1049101,1049136,1049157,1049158,1049169,1049172,1049181,1049191,1049196,1049204,1049211,1049215,1049220,1049234,1049237,1049244,1049249,1049251,1049260,1049262,1049266,1049308,1049309,1049310,1049311,1049315,1049325,1049335,1049337,1049340,1049354,1049365,1049379,1049381,1049396,1049401,1049406,1049410,1049411,1049416,1049434,1049441,1049446,1049451,1049452,1049458,1049475,1049479,1049480,1049481,1049482,1049489,1049497,1049502,1049506,1049524,1049531,1049536,1049548,1049569,1049572,1049576,1049583,1049593,1049596,1049607,1049614,1049615,1049620,1049650,1049653,1049659,1049666,1049684,1049685,1049688,1049691,1049721,1049729,1049743,1049749,1049759,1049761,1049764,1049765,1049770,1049777,1049778,1049785,1049798,1049801,1049804,1049809,1049830,1049839,1049850,1049856,1049873,1049885,1049906,1049914,1049915,1049924,1049925,1049938,1049946,1049947,1049948,1049953,1049961,1049964,1049969,1049970,1049972,1049979,1049982,1049985,1049994,1049996,1049998,1050000,1050007,1050015,1050019,1050021,1050026,1050030,1050039,1050046,1050047,1050063,1050067,1050070,1050079,1050082,1050088,1050094,1050098,1050100,1050103,1050105,1050109,1050118,1050150,1050167,1050181,1050186,1050195,1050204,1050217,1050218,1050232,1050233,1050239,1050243,1050244,1050262,1050265,1050270,1050275,1050278,1050282,1050285,1050287,1050298,1050302,1050303,1050304,1050318,1050322,1050328,1050329,1050401,1050407,1050409,1050412,1050415,1050416,1050420,1050434,1050476,1050491,1050492,1050494,1050496,1050499,1050517,1050522,1050532,1050535,1050536,1050547,1050548,1050550,1050557,1050565,1050576,1050581,1050593,1050611,1050615,1050616,1050628,1050635,1050642,1050653,1050656,1050663,1050670,1050672,1050676,1050684,1050703,1050705,1050708,1050711,1050714,1050735,1050745,1050750,1050776,1050780,1050782,1050790,1050792,1050794,1050799,1050802,1050803,1050808,1050820,1050828,1050829,1050835,1050847,1050853,1050859,1050867,1050877,1050888,1050894,1050897,1050906,1050923,1050927,1050933,1050935,1050936,1050937,1050940,1050942,1050946,1050948,1050964,1050989,1050994,1050996,1051000,1051001,1051007,1051019,1051030,1051041,1051059,1051072,1051079,1051090,1051095,1051109,1051110,1051115,1051127,1051129,1051134,1051136,1051138,1051142,1051146,1051150,1051172,1051189,1051191,1051207,1051210,1051220,1051223,1051232,1051235,1051238,1051249,1051262,1051264,1051278,1051281,1051286,1051292,1051300,1051304,1051305,1051308,1051325,1051328,1051334,1051335,1051346,1051362,1051363,1051366,1051371,1051386,1051387,1051396,1051399,1051411,1051412,1051417,1051421,1051423,1051425,1051431,1051462,1051465,1051466,1051485,1051488,1051497,1051514,1051516,1051532,1051546,1051548,1051550,1051552,1051558,1051563,1051565,1051568,1051571,1051573,1051583,1051587,1051593,1051600,1051602,1051610,1051614,1051615,1051627,1051630,1051634,1051647,1051648,1051658,1051682,1051686,1051693,1051694,1051700,1051706,1051718,1051720,1051721,1051727,1051735,1051751,1051762,1051771,1051774
204:1048613,1048628,1048639,1048640,1048698,1048699,1048740,1048742,1048761,1048771,1048782,1048789,1048799,1048829,1048842,1048847,1048863,1048896,1048918,1048974,1048975,1048976,1048979,1048981,1048986,1048987,1049058,1049158,1049207,1049217,1049219,1049266,1049297,1049298,1049304,1049336,1049369,1049374,1049443,1049464,1049472,1049494,1049521,1049522,1049524,1049559,1049560,1049600,1049611,1049661,1049695,1049707,1049717,1049733,1049748,1049753,1049761,1049763,1049790,1049809,1049818,1049829,1049838,1049840,1049845,1049876,1049878,1049881,1049889,1049898,1049912,1049914,1049954,1049955,1049996,1050019,1050028,1050039,1050052,1050059,1050063,1050066,1050073,1050106,1050177,1050189,1050196,1050200,1050216,1050243,1050244,1050268,1050280,1050281,1050343,1050400,1050408,1050412,1050435,1050440,1050492,1050496,1050634,1050641,1050670,1050709,1050723,1050827,1050840,1050870,1050876,1050892,1050964,1050998,1051126,1051220,1051233,1051360,1051439,1051461,1051517,1051575,1051656,1051695,1051759
220:1048615,1048721,1048910,1049299,1049674,1049734,1049941,1050020,1050124,1050248,1050402,1050467,1050510,1050514,1050672,1050722,1050864,1051024,1051055,1051109,1051203,1051204,1051209,1051396,1051427,1051474,1051506
236:1048615,1050367,1050608,1050671,1051147,1051506,1051612
252:1048615,1048643,1048646,1048653,1048670,1048678,1048679,1048681,1048691,1048719,1048760,1048777,1048818,1048823,1048896,1048897,1048904,1048971,1048989,1049015,1049106,1049191,1049299,1049303,1049371,1049430,1049436,1049525,1049576,1049578,1049710,1049730,1049735,1049736,1049738,1049744,1049759,1049769,1049773,1049823,1049838,1049845,1049847,1049863,1049883,1049909,1049925,1049937,1049959,1049962,1049970,1049973,1049987,1049988,1050010,1050016,1050018,1050020,1050031,1050034,1050044,1050045,1050046,1050078,1050100,1050105,1050166,1050167,1050179,1050183,1050198,1050222,1050224,1050228,1050255,1050268,1050278,1050286,1050292,1050300,1050301,1050345,1050346,1050349,1050362,1050380,1050385,1050386,1050409,1050419,1050431,1050435,1050446,1050448,1050461,1050463,1050477,1050503,1050504,1050513,1050522,1050577,1050578,1050594,1050610,1050621,1050628,1050635,1050651,1050657,1050668,1050671,1050705,1050720,1050721,1050725,1050726,1050762,1050764,1050771,1050772,1050783,1050792,1050805,1050823,1050824,1050829,1050838,1050840,1050858,1050873,1050891,1050893,1050917,1050919,1050929,1050931,1050945,1050963,1050983,1050996,1050999,1051011,1051026,1051074,1051075,1051088,1051098,1051118,1051130,1051145,1051146,1051154,1051157,1051181,1051198,1051203,1051242,1051249,1051274,1051277,1051284,1051286,1051292,1051293,1051298,1051309,1051343,1051352,1051381,1051383,1051386,1051403,1051417,1051430,1051448,1051449,1051459,1051465,1051468,1051475,1051476,1051477,1051487,1051494,1051497,1051504,1051506,1051515,1051518,1051530,1051532,1051538,1051554,1051556,1051564,1051568,1051571,1051577,1051578,1051579,1051588,1051589,1051590,1051593,1051596,1051599,1051603,1051616,1051621,1051627,1051641,1051661,1051662,1051673,1051676,1051689,1051705,1051706,1051707,1051708,1051709,1051711,1051719,1051723,1051733,1051735,1051739,1051741,1051747,1051755,1051757,1051762,1051774
268:1048615,1049424,1050079,1050216,1050217,1050325,1050783,1050851,1051692
284:1048617,1048621,1048748,1048777,1048795,1048818,1048873,1048894,1048904,1048955,1048989,1048992,1049010,1049054,1049067,1049133,1049245,1049254,1049299,1049331,1049399,1049426,1049550,1049576,1049582,1049603,1049604,1049620,1049641,1049674,1049710,1049736,1049739,1049742,1049745,1049775,1049788,1049800,1049898,1049911,1049922,1049933,1049955,1049960,1049964,1049968,1049973,1049979,1049995,1049996,1050000,1050042,1050050,1050051,1050105,1050117,1050124,1050147,1050163,1050169,1050176,1050177,1050183,1050184,1050189,1050195,1050216,1050240,1050248,1050251,1050254,1050261,1050266,1050268,1050272,1050278,1050281,1050296,1050317,1050326,1050342,1050361,1050363,1050411,1050427,1050431,1050436,1050437,1050443,1050446,1050491,1050510,1050534,1050548,1050553,1050578,1050606,1050608,1050609,1050622,1050640,1050652,1050668,1050670,1050681,1050682,1050702,1050712,1050721,1050729,1050735,1050761,1050768,1050771,1050808,1050823,1050826,1050829,1050837,1050838,1050848,1050851,1050862,1050873,1050882,1050888,1050912,1050916,1050955,1050963,1050971,1050995,1051009,1051012,1051045,1051061,1051065,1051067,1051088,1051116,1051117,1051118,1051121,1051134,1051157,1051181,1051184,1051193,1051198,1051202,1051207,1051219,1051239,1051240,1051267,1051276,1051279,1051282,1051303,1051324,1051325,1051330,1051342,1051359,1051377,1051381,1051384,1051392,1051394,1051404,1051408,1051412,1051414,1051421,1051431,1051443,1051445,1051459,1051472,1051478,1051482,1051486,1051498,1051500,1051502,1051507,1051511,1051514,1051529,1051532,1051546,1051575,1051588,1051611,1051612,1051616,1051617,1051628,1051635,1051644,1051649,1051652,1051658,1051667,1051673,1051674,1051682,1051683,1051686,1051699,1051703,1051707,1051714,1051739,1051740,1051741,1051757,1051767
300:1048621,1049270
316:1048621,1048760,1049371,1049646,1049773,1049913,1050380,1050429,1050725,1050831,1050895,1050951,1050954,1051116,1051193,1051291,1051473,1051487,1051513,1051618,1051623,1051703
332:1048622
348:1048623,1049773,1049944,1050652,1050705,1051240,1051341,1051529,1051724
364:1048623,1048678,1048760,1048816,1048857,1048897,1048971,1048972,1049072,1049180,1049193,1049274,1049306,1049433,1049578,1049583,1049585,1049601,1049637,1049687,1049721,1049741,1049744,1049745,1049773,1049781,1049810,1049834,1049836,1049837,1049840,1049854,1049857,1049870,1049890,1049906,1049922,1049924,1049925,1049934,1049941,1049954,1049965,1049986,1049990,1050031,1050045,1050050,1050058,1050060,1050092,1050125,1050127,1050169,1050176,1050180,1050184,1050216,1050225,1050240,1050246,1050252,1050253,1050254,1050270,1050275,1050302,1050316,1050317,1050324,1050380,1050386,1050400,1050402,1050419,1050422,1050431,1050444,1050445,1050450,1050461,1050465,1050481,1050511,1050513,1050526,1050549,1050550,1050551,1050594,1050605,1050626,1050627,1050629,1050637,1050639,1050656,1050658,1050712,1050719,1050720,1050725,1050728,1050742,1050743,1050752,1050756,1050763,1050764,1050769,1050770,1050778,1050794,1050821,1050842,1050858,1050864,1050873,1050886,1050888,1050929,1050933,1050942,1050944,1050963,1050976,1050983,1050998,1050999,1051013,1051046,1051060,1051065,1051112,1051129,1051135,1051180,1051202,1051209,1051240,1051258,1051267,1051271,1051286,1051295,1051298,1051309,1051377,1051385,1051402,1051404,1051426,1051443,1051449,1051452,1051460,1051465,1051467,1051472,1051477,1051493,1051495,1051496,1051497,1051500,1051501,1051524,1051528,1051529,1051530,1051546,1051547,1051571,1051576,1051577,1051588,1051603,1051616,1051644,1051649,1051658,1051661,1051662,1051666,1051667,1051670,1051681,1051690,1051695,1051700,1051704,1051710,1051722,1051726,1051728,1051733,1051740,1051741,1051747,1051750,1051751,1051775
380:1048623,1048667,1048816,1048817,1048818,1048827,1048859,1048875,1048896,1048897,1048984,1049015,1049016,1049039,1049070,1049133,1049160,1049194,1049212,1049250,1049268,1049336,1049371,1049426,1049442,1049468,1049517,1049539,1049546,1049578,1049620,1049637,1049642,1049663,1049709,1049718,1049720,1049735,1049736,1049738,1049741,1049745,1049746,1049754,1049769,1049770,1049772,1049789,1049790,1049791,1049809,1049827,1049832,1049835,1049840,1049863,1049882,1049884,1049909,1049920,1049925,1049937,1049940,1049956,1049960,1049962,1049969,1049984,1049987,1049990,1049998,1050002,1050009,1050014,1050016,1050020,1050031,1050032,1050033,1050039,1050043,1050051,1050058,1050071,1050076,1050080,1050082,1050099,1050100,1050105,1050106,1050117,1050118,1050129,1050163,1050164,1050170,1050177,1050180,1050190,1050195,1050197,1050200,1050201,1050216,1050222,1050224,1050227,1050240,1050252,1050256,1050261,1050275,1050281,1050292,1050298,1050316,1050323,1050324,1050329,1050342,1050343,1050363,1050380,1050382,1050400,1050402,1050409,1050422,1050427,1050429,1050431,1050433,1050435,1050444,1050452,1050454,1050460,1050461,1050466,1050475,1050481,1050482,1050500,1050507,1050513,1050520,1050523,1050537,1050547,1050552,1050553,1050577,1050593,1050595,1050609,1050611,1050639,1050658,1050666,1050671,1050684,1050686,1050702,1050712,1050716,1050720,1050722,1050723,1050728,1050737,1050738,1050741,1050744,1050749,1050754,1050756,1050771,1050772,1050783,1050786,1050792,1050794,1050805,1050808,1050827,1050852,1050860,1050863,1050877,1050881,1050882,1050888,1050894,1050902,1050916,1050917,1050929,1050930,1050945,1050995,1050996,1051008,1051012,1051025,1051046,1051061,1051072,1051075,1051089,1051097,1051098,1051101,1051102,1051116,1051136,1051142,1051167,1051179,1051195,1051199,1051223,1051245,1051249,1051259,1051262,1051274,1051290,1051292,1051303,1051305,1051309,1051314,1051320,1051321,1051328,1051360,1051361,1051362,1051379,1051386,1051396,1051418,1051424,1051427,1051431,1051435,1051439,1051448,1051457,1051469,1051481,1051488,1051491,1051496,1051499,1051506,1051511,1051536,1051541,1051546,1051554,1051555,1051565,1051575,1051577,1051590,1051592,1051599,1051608,1051614,1051630,1051644,1051646,1051667,1051692,1051695,1051711,1051722,1051764,1051772,1051773,1051775,1051776
396:1048624,1048878,1048982,1049160,1049254,1049305,1049371,1049583,1049585,1049688,1049785,1049939,1049959,1050082,1050246,1050384,1050443,1050887,1050965,1051500,1051546,1051590,1051599
412:1048627,1048660,1048662,1048663,1048669,1048697,1048758,1048797,1048904,1048991,1048992,1048996,1049072,1049099,1049160,1049171,1049180,1049190,1049203,1049212,1049246,1049274,1049466,1049468,1049524,1049537,1049543,1049555,1049618,1049621,1049624,1049696,1049721,1049727,1049771,1049787,1049832,1049849,1049869,1049882,1049901,1049902,1049939,1049960,1049977,1049978,1049987,1050005,1050014,1050018,1050045,1050100,1050118,1050125,1050165,1050170,1050196,1050205,1050209,1050210,1050211,1050218,1050254,1050256,1050261,1050267,1050280,1050296,1050316,1050358,1050361,1050367,1050382,1050418,1050434,1050463,1050465,1050466,1050490,1050507,1050533,1050575,1050576,1050593,1050623,1050624,1050626,1050628,1050700,1050711,1050717,1050719,1050720,1050722,1050723,1050727,1050742,1050760,1050761,1050771,1050786,1050791,1050804,1050816,1050817,1050827,1050841,1050842,1050850,1050857,1050858,1050861,1050871,1050872,1050886,1050888,1050901,1050916,1050929,1050975,1051068,1051100,1051122,1051184,1051185,1051198,1051202,1051222,1051224,1051231,1051271,1051272,1051379,1051391,1051402,1051416,1051433,1051443,1051482,1051589,1051599,1051623,1051632,1051639,1051642,1051649,1051664,1051706,1051707,1051718,1051722,1051726,1051740,1051747,1051763,1051764,1051769
428:1048631,1048786,1048806,1048829,1048897,1048972,1049010,1049180,1049250,1049265,1049296,1049305,1049330,1049372,1049465,1049521,1049525,1049550,1049558,1049561,1049563,1049591,1049626,1049638,1049639,1049640,1049642,1049660,1049694,1049762,1049779,1049807,1049808,1049824,1049825,1049826,1049841,1049842,1049856,1049864,1049865,1049925,1049936,1049937,1049942,1049983,1049986,1049989,1049991,1049996,1049997,1050007,1050017,1050037,1050051,1050059,1050063,1050065,1050083,1050084,1050098,1050104,1050121,1050176,1050213,1050224,1050225,1050230,1050231,1050245,1050255,1050256,1050260,1050267,1050276,1050278,1050281,1050311,1050316,1050331,1050332,1050347,1050348,1050367,1050368,1050420,1050463,1050466,1050475,1050480,1050497,1050505,1050545,1050546,1050580,1050581,1050594,1050610,1050624,1050639,1050691,1050692,1050729,1050751,1050761,1050824,1050880,1050896,1050897,1050899,1050941,1050977,1051014,1051026,1051030,1051058,1051142,1051180,1051231,1051270,1051288,1051295,1051298,1051306,1051374,1051385,1051396,1051397,1051412,1051425,1051449,1051490,1051588,1051591,1051599,1051635,1051707,1051734,1051741,1051751,1051770,1051772,1051774,1051776
444:1048633,1049252,1049426,1049549,1049609,1049758,1049990,1050481,1050514,1050537,1050551,1050769,1050820,1050872,1050934,1050944,1051135,1051241,1051280,1051376,1051413,1051421,1051433,1051488,1051506,1051571,1051627,1051656,1051679,1051756,1051777
460:1048634,1048659,1048661,1049191,1049205,1049299,1049884,1049987,1050003,1050064,1050080,1050147,1050202,1050326,1050327,1050534,1050535,1050640,1050681,1050738,1050756,1050773,1050888,1050889,1050899,1050934,1050953,1050981,1051054,1051056,1051060,1051075,1051152,1051157,1051168,1051244,1051315,1051328,1051387,1051425,1051427,1051439,1051497,1051560,1051563,1051586,1051603,1051613,1051624,1051625,1051667,1051715,1051717,1051721,1051752,1051776
476:1048637
492:1048638,1050881
508:1048642,1048898
524:1048643,1048719,1048972,1049246,1049270,1049466,1049610,1049733,1049736,1049756,1049839,1049924,1049987,1049992,1050029,1050326,1050681,1050705,1050896,1050945,1051204,1051328,1051735
540:1048643,1049691,1049769,1050004,1050256,1050274,1050681,1050756,1050772,1050973,1051113,1051143,1051238,1051241,1051362,1051652
556:1048646,1048810
572:1048646,1049192,1049374,1049469,1049983,1050201,1050209,1050385,1050446,1050464,1050996,1051117,1051386,1051421,1051440,1051556,1051722
588:1048646,1049578,1049623,1050756,1050952,1050981,1051461,1051493,1051506,1051773
604:1048648
620:1048653,1048670,1048671,1048695,1048750,1048906,1049136,1049216,1049218,1049259,1049330,1049350,1049525,1049565,1049604,1049623,1049685,1049722,1049771,1049791,1049849,1049855,1049909,1049922,1049940,1049963,1049967,1049971,1049976,1049977,1050016,1050048,1050118,1050177,1050211,1050296,1050341,1050441,1050463,1050530,1050553,1050576,1050666,1050733,1050739,1050780,1050782,1050811,1050823,1050843,1050898,1050950,1051003,1051049,1051062,1051142,1051181,1051221,1051375,1051774,1051775,1051777,1051778
636:1048653,1048905,1048972,1049037,1049070,1049305,1049359,1049390,1049468,1049608,1049656,1049728,1049732,1049764,1049777,1049833,1049865,1049867,1049925,1050000,1050072,1050102,1050109,1050118,1050119,1050140,1050149,1050158,1050159,1050160,1050165,1050289,1050291,1050293,1050335,1050385,1050399,1050402,1050413,1050469,1050531,1050537,1050556,1050564,1050594,1050621,1050625,1050656,1050724,1050777,1050824,1050825,1050840,1050851,1050862,1050882,1050919,1050924,1050932,1050948,1051002,1051123,1051211,1051242,1051287,1051309,1051353,1051380,1051385,1051404,1051413,1051425,1051532,1051545,1051709,1051769
652:1048656
668:1048663,1048690,1048989,1049192
684:1048667,1050326,1051745
700:1048668,1048799,1048856,1048857,1048894,1048896,1048980,1048982,1049254,1049305,1049330,1049539,1049590,1049707,1049721,1049791,1049909,1049940,1049971,1049972,1049986,1050008,1050019,1050111,1050177,1050183,1050213,1050306,1050357,1050447,1050465,1050470,1050478,1050485,1050531,1050572,1050583,1050707,1050710,1050804,1050926,1050929,1050985,1051040,1051061,1051185,1051220,1051355,1051359,1051361,1051375,1051377,1051425,1051426,1051553,1051654,1051669,1051768
716:1048670,1048938,1049110,1050070,1050531,1051114,1051228
732:1048671
748:1048676,1048808,1049719
764:1048678,1048747,1048828,1048858,1048879,1048896,1048923,1048928,1048930,1048940,1048965,1048971,1048984,1049018,1049095,1049121,1049128,1049142,1049143,1049150,1049249,1049254,1049385,1049389,1049554,1049578,1049585,1049586,1049603,1049610,1049618,1049710,1049747,1049843,1049884,1049924,1049925,1049934,1049956,1049958,1049987,1049990,1050013,1050029,1050031,1050037,1050095,1050099,1050100,1050111,1050146,1050163,1050189,1050254,1050294,1050344,1050378,1050381,1050394,1050414,1050435,1050442,1050536,1050542,1050563,1050573,1050577,1050595,1050667,1050695,1050702,1050770,1050773,1050789,1050799,1050826,1050838,1050888,1050889,1050900,1050911,1050912,1050918,1050939,1050941,1050954,1050960,1050976,1051038,1051039,1051067,1051094,1051119,1051173,1051176,1051186,1051251,1051262,1051267,1051277,1051278,1051298,1051317,1051340,1051346,1051390,1051401,1051403,1051412,1051457,1051499,1051502,1051506,1051507,1051511,1051513,1051554,1051572,1051582,1051585,1051595,1051602,1051607,1051612,1051614,1051620,1051630,1051632,1051644,1051652,1051661,1051662,1051671,1051696,1051715,1051721,1051725,1051732,1051738
780:1048678,1048873,1050047,1050422,1050481,1050626,1051274
796:1048679,1048817,1048826,1048897,1049015,1049173,1049270,1049576,1049584,1049608,1049626,1049642,1049646,1049690,1049836,1049922,1049944,1049956,1049967,1049975,1049979,1050093,1050124,1050177,1050198,1050201,1050216,1050252,1050313,1050321,1050329,1050340,1050420,1050454,1050467,1050500,1050513,1050549,1050577,1050591,1050636,1050656,1050670,1050701,1050721,1050783,1050801,1050824,1050852,1050862,1050874,1050918,1050949,1050950,1050952,1051008,1051122,1051134,1051135,1051146,1051147,1051280,1051291,1051293,1051295,1051297,1051325,1051396,1051494,1051500,1051514,1051536,1051542,1051559,1051563,1051580,1051586,1051634,1051663,1051767
812:1048680
828:1048681,1049763,1050099,1050102,1050861,1050889,1051058,1051403,1051725
844:1048684,1048729,1048754,1048755,1048756,1048757,1048856,1048887,1048941,1049060,1049072,1049274,1049282,1049410,1049411,1049442,1049526,1049587,1049606,1049623,1049925,1049927,1050005,1050051,1050070,1050076,1050141,1050154,1050155,1050156,1050284,1050463,1050484,1050528,1050606,1050623,1050668,1050676,1050704,1050717,1050786,1050806,1050835,1050969,1050977,1050985,1051062,1051108,1051114,1051185,1051210,1051228,1051270,1051271,1051318,1051361,1051366,1051528,1051548,1051588,1051590,1051632,1051660,1051690,1051710
860:1048687,1048721,1048900,1049016,1049222,1049663,1049736,1050081,1050117,1050316,1050786,1051603,1051611
876:1048691,1049036,1049106,1049563,1049607,1049769,1050420,1050579,1050808,1050879,1050888,1050891,1050899,1051146,1051280,1051282,1051284,1051441,1051696,1051749
892:1048694
908:1048698,1049191
924:1048700,1048721
940:1048706,1050808,1051069,1051631
956:1048712,1048729,1048785,1048829,1048859,1048895,1048974,1048984,1048988,1049039,1049131,1049166,1049205,1049214,1049476,1049524,1049539,1049604,1049610,1049697,1049710,1049741,1049763,1049798,1049809,1049829,1049834,1049842,1049880,1049898,1049909,1049934,1049940,1049954,1049965,1049967,1049969,1050028,1050044,1050070,1050080,1050092,1050102,1050126,1050187,1050188,1050203,1050240,1050256,1050281,1050286,1050314,1050359,1050382,1050431,1050460,1050461,1050465,1050509,1050511,1050522,1050532,1050572,1050656,1050665,1050687,1050688,1050730,1050742,1050750,1050759,1050764,1050770,1050775,1050783,1050828,1050839,1050840,1050849,1050861,1050872,1050964,1050988,1051008,1051026,1051029,1051056,1051070,1051073,1051130,1051135,1051161,1051170,1051192,1051227,1051256,1051257,1051277,1051285,1051286,1051287,1051294,1051296,1051307,1051361,1051377,1051425,1051426,1051446,1051489,1051496,1051497,1051500,1051513,1051515,1051521,1051540,1051553,1051561,1051571,1051609,1051615,1051618,1051619,1051652,1051669,1051680,1051685,1051700,1051743,1051744,1051759,1051764,1051774,1051777,1051778
972:1048718
988:1048719,1049038,1049058,1049472,1049587,1050066,1050144,1050258,1050312,1050343,1050460,1050514,1050657,1051105,1051112,1051565,1051662
1004:1048721,1049674,1049675,1050020,1050464,1050738,1051113,1051209,1051351,1051474,1051721
1020:1048724,1049900,1051145
1036:1048731,1050020,1050125,1051395,1051720
1052:1048741,1048818,1048856,1048984,1049015,1049531,1049970,1050000,1050044,1050057,1050176,1050278,1050594,1050752,1050791,1050847,1051267,1051375,1051442,1051489,1051617
1068:1048749
1084:1048758,1049215,1049642
1100:1048760,1048853,1049245,1049576,1049641,1049840,1049857,1049901,1049968,1049996,1050227,1050430,1050511,1050521,1050594,1050605,1050670,1050701,1050702,1050720,1050773,1050790,1050883,1050894,1050896,1050917,1050941,1050947,1051101,1051129,1051185,1051203,1051207,1051370,1051382,1051431,1051438,1051444,1051460,1051490,1051565,1051580,1051597,1051616,1051709,1051760,1051770
1116:1048764,1049592
1132:1048774
1148:1048777,1048799,1049336,1049809,1049965,1050045,1050060,1050077,1050111,1050145,1050240,1050249,1050260,1050270,1050281,1050399,1050428,1050444,1050666,1051027,1051275,1051407,1051480,1051622,1051651,1051767
1164:1048780,1049026,1049027,1049254,1049619,1049821,1049837,1049881,1050195,1050827,1050940,1051013,1051031,1051377,1051473,1051699,1051719,1051766,1051777,1051778
1180:1048790,1048799,1048853,1049198,1049199,1049328,1049426,1049433,1049440,1049515,1049543,1049592,1049606,1049608,1049620,1049640,1049659,1049663,1049684,1049754,1049756,1049763,1049811,1049854,1049884,1049934,1050066,1050165,1050180,1050213,1050240,1050266,1050271,1050399,1050442,1050449,1050461,1050486,1050491,1050520,1050521,1050586,1050609,1050622,1050629,1050656,1050700,1050716,1050750,1050760,1050776,1050777,1050779,1050808,1050917,1050958,1051031,1051071,1051072,1051108,1051132,1051202,1051267,1051317,1051346,1051401,1051443,1051466,1051472,1051473,1051476,1051538,1051546,1051566,1051590,1051675,1051688,1051690,1051703,1051732,1051739,1051777
1196:1048797,1049954,1050040,1050254,1050467,1050875,1051090,1051267,1051275,1051476,1051532,1051583,1051644,1051696
1212:1048799,1049016,1049105,1049272,1049709,1049739,1050248,1050326,1050459,1051226,1051516
1228:1048811
1244:1048813,1049208
1260:1048816,1048857,1049106,1049108,1049330,1049424,1049426,1049436,1049519,1049587,1049604,1049720,1049755,1049921,1049925,1049927,1049954,1049962,1049987,1050016,1050058,1050092,1050126,1050213,1050254,1050301,1050302,1050363,1050404,1050422,1050450,1050485,1050511,1050576,1050591,1050593,1050653,1050684,1050685,1050710,1050725,1050735,1050745,1050752,1050761,1050764,1050776,1050794,1050803,1050806,1050807,1050864,1050963,1050984,1051069,1051130,1051142,1051143,1051145,1051157,1051181,1051225,1051272,1051277,1051286,1051289,1051297,1051303,1051345,1051380,1051420,1051421,1051476,1051494,1051511,1051538,1051561,1051576,1051586,1051596,1051617,1051633,1051660,1051671,1051692,1051703,1051710,1051738,1051739,1051740
1276:1048818,1049547,1049754,1049990,1050221,1050294,1050320,1050419,1050608,1050808,1050951,1051112,1051376,1051465,1051487,1051596,1051686,1051716,1051723
1292:1048818
1308:1048823,1049972,1050148,1050339,1051388
1324:1048825
1340:1048827,1049371
1356:1048829,1049484,1049520
1372:1048832,1049149
1388:1048838,1049173,1049270,1049466,1049604,1049619,1049754,1049857,1049907,1049934,1050061,1050166,1050249,1050255,1050270,1050274,1050505,1050882,1050900,1051113,1051321,1051514,1051577,1051678
1404:1048845,1049556
1420:1048851
1436:1048853
1452:1048857,1051655
1468:1048859,1048971,1049254,1049395,1049683,1049798,1050251,1050382,1050522,1050605,1050785,1050940,1051031,1051052,1051149,1051258,1051260,1051276,1051319,1051417,1051515,1051518,1051556,1051599,1051609,1051639,1051693,1051700
1484:1048863,1048868,1049719,1049963,1050086,1050423,1050724,1050800,1050851,1050981,1051181,1051535
1500:1048867
1516:1048873,1048904,1049286,1049549,1049577,1049689,1049929,1050126,1050301,1050302,1050303,1050608,1050626,1050705,1050838,1050929,1050993,1051206,1051301,1051309,1051437,1051462,1051565,1051573,1051592,1051616,1051628,1051688
1532:1048875,1049515,1049840,1049941,1050082,1050092,1050162,1050626,1050681,1050700,1050714,1050763,1051046,1051267,1051277,1051292,1051328,1051342,1051404,1051546,1051587,1051652,1051767,1051779
1548:1048879
1564:1048889
1580:1048895,1049403
1596:1048896,1049845
1612:1048896
1628:1048897,1049194,1049539,1049890,1050385,1050404,1050503,1050625,1050681,1051028,1051376,1051446,1051481,1051534,1051547,1051757
1644:1048904,1049956,1050595,1050727,1050885,1051147,1051198,1051462,1051627,1051756
1660:1048910,1049548,1049853,1049855,1049939,1049976,1050211,1050341
1676:1048919,1049085,1049119
1692:1048931,1049315,1049740,1051204,1051444
1708:1048942,1048971,1049637,1049729,1049770,1049883,1049890,1049902,1050014,1050029,1050050,1050093,1050275,1050298,1050320,1050344,1050431,1050453,1050466,1050514,1050537,1050712,1050778,1050792,1050965,1051116,1051120,1051169,1051328,1051377,1051387,1051431,1051499,1051542,1051639,1051652,1051666,1051725,1051739
1724:1048952,1049088,1049185,1050114,1051477
1740:1048960,1050275,1050315
1756:1048971,1049019,1049076,1049130,1049149,1049188,1049349,1049944,1050305,1050600,1051367
1772:1048972
1788:1048981
1804:1048989,1049037,1049160,1049193,1049250,1049299,1049423,1049547,1049692,1049830,1049992,1050058,1050092,1050252,1050623,1050742,1050756,1050764,1050892,1050942,1050950,1050954,1050958,1051030,1051062,1051195,1051201,1051351,1051403,1051438,1051526,1051573,1051581,1051600,1051651,1051666,1051706
1820:1048992,1049245,1049316,1049317
1836:1048994,1049073,1049093,1049474,1049508
1852:1049003,1049004,1049017,1049029,1049361,1049409,1049447,1049595,1049613,1049753,1049806
1868:1049009,1049249,1049393,1049608,1049784,1049890
1884:1049014,1050508,1050690,1051106,1051237,1051318,1051690
1900:1049015,1049106,1049191,1050324,1050326,1050720,1051055,1051463
1916:1049017,1049029,1049613,1049894
1932:1049028,1051398
1948:1049036
1964:1049038,1049181,1049336,1049706,1049881,1049899,1049954,1050106,1050119,1050259,1050408,1050628,1050659,1050806,1050971,1051092,1051156,1051308,1051688
1980:1049046,1050586,1050587
1996:1049055,1049109,1050447,1050478,1050969,1050985,1051108
2012:1049060,1051129
2028:1049067
2044:1049072,1049442
2060:1049092
2076:1049102,1049254,1049423,1049865,1050028,1050038,1050605,1050682,1050794,1050828,1050891,1050958,1051130,1051143,1051199,1051259,1051283,1051289,1051290,1051341,1051345,1051362,1051407,1051426,1051430,1051431,1051460,1051462,1051486,1051493,1051529,1051536,1051541,1051548,1051579,1051681,1051682,1051738
2092:1049106,1049192,1049245,1049556,1049720,1049954,1049983,1049988,1050167,1050205,1050258,1050286,1050300,1050386,1050443,1050452,1050563,1050751,1050792,1050842,1050943,1051069,1051122,1051159,1051199,1051270,1051277,1051278,1051301,1051369,1051415,1051506,1051544,1051553,1051609,1051656,1051661,1051691,1051738,1051755
2108:1049106,1050017,1050545,1051195
2124:1049108
2140:1049111,1049589,1050008,1051112,1051757
2156:1049129,1049380,1049537
2172:1049133,1050344,1051666,1051681
2188:1049147,1049745,1049909,1050216,1050222,1050233,1050481,1050720,1050771,1050777,1050808,1051195,1051204,1051424
2204:1049157,1049536
2220:1049160,1049578,1049641,1049769,1049781,1049899,1049937,1049965,1049967,1050051,1050184,1050272,1050330,1050410,1050416,1050535,1050594,1050635,1050671,1050683,1050767,1050785,1050892,1050954,1051046,1051069,1051074,1051097,1051131,1051201,1051315,1051424,1051426,1051463,1051506
2236:1049169,1049299,1049371,1049641,1049899,1049956,1050034,1050046,1050110,1050146,1050297,1050383,1050520,1050791,1050880,1050889,1050973,1050981,1051113,1051351,1051498,1051505,1051506,1051560,1051594,1051722,1051723,1051757,1051768
2252:1049174
2268:1049180,1049305,1049469,1049646,1049709,1049799,1049811,1049988,1050008,1050014,1050037,1050108,1050177,1050198,1050216,1050273,1050274,1050380,1050386,1050420,1050431,1050465,1050572,1050794,1050850,1050874,1050899,1051102,1051117,1051227,1051255,1051259,1051278,1051296,1051376,1051383,1051439,1051446,1051491,1051506,1051546,1051563,1051642,1051669
2284:1049191
2300:1049191,1051018,1051080,1051483
2316:1049193,1049957,1050524,1050525,1050526,1050527,1050528,1050529,1050530,1050531,1050532,1050533,1050534,1050535,1050536,1050537,1050538,1050539,1050540,1050541,1050542,1050543,1050544,1050545,1050546,1050547,1050548,1050549,1050550,1050551,1050552,1050553,1050554,1050555,1050556,1050557,1050558,1050559,1050560,1050561,1050562,1050563,1050564,1050565,1050566,1050567,1050568,1050569,1050570,1050571,1050572,1050573,1050574,1050575,1050576,1050577,1050578,1050579,1050580,1050581,1050582,1050583,1050584,1050585,1050586,1050587,1050588,1050589,1050590,1050591,1050592,1050593,1050594,1050595,1050596,1050597,1050598,1050599,1050600,1050601,1050602,1050603,1050604,1050605,1050606,1050607,1050608,1050609,1050610,1050611,1050612,1050613,1050614,1050615,1050616,1050617,1050618,1050619,1050620,1050621,1050622,1050623,1050624,1050625,1050626,1050627,1050628,1050629,1050630,1050631,1050632,1050633,1050634,1050635,1050636,1050637,1050638,1050639,1050640,1050641,1050642,1050643,1050644,1050645,1050646,1050647,1050648,1050649,1050650,1050651,1050652,1050653,1050654,1050655,1050656,1050657,1050658,1050659,1050660,1050661,1050662,1050663,1050664,1050665,1050666,1050667,1050668,1050669,1050670,1050671,1050672,1050673,1050674,1050675,1050676,1050677,1050678,1050679,1050680,1050681,1050682,1050683,1050684,1050685,1050686,1050687,1050688,1050689,1050690,1050691,1050692,1050693,1050694,1050695,1050696,1050697,1050698,1050699,1050700,1050701,1050702,1050703,1050704,1050705,1050715,1050722,1050756,1050875,1050970,1051159,1051692
2332:1049194,1051208
2348:1049204,1049744,1050720,1050864,1051111
2364:1049209,1049424,1049519,1049647,1049689,1049690,1049745,1049899,1049900,1049929,1049990,1050032,1050079,1050251,1050406,1050420,1050422,1050426,1050509,1050511,1050514,1050558,1050607,1050621,1050628,1050671,1050752,1050785,1050790,1050791,1050792,1050829,1050832,1050848,1050853,1050864,1050891,1050935,1050938,1050944,1050963,1050965,1050971,1050986,1050988,1051026,1051028,1051030,1051047,1051058,1051059,1051131,1051216,1051297,1051314,1051342,1051364,1051407,1051411,1051414,1051421,1051431,1051461,1051464,1051497,1051498,1051501,1051528,1051529,1051543,1051562,1051567,1051583,1051584,1051592,1051607,1051608,1051615,1051616,1051617,1051632,1051640,1051656,1051661,1051670,1051671,1051688,1051699,1051738
2380:1049218
2396:1049228,1051344
2412:1049234,1049235,1049236,1049237,1049238,1049239,1049240,1049241,1049242,1049243,1049244,1049245,1049246,1049247,1049248,1049249,1049250,1049251,1049252,1049253,1049254,1049255,1049256,1049257,1049258,1049259,1049260,1049261,1049262,1049263,1049264,1049265,1049266,1049267,1049268,1049269,1049270,1049271,1049272,1049273,1049274,1049275,1049276,1049277,1049278,1049279,1049280,1049281,1049282,1049283,1049284,1049285,1049286,1049287,1049288,1049289,1049290,1049291,1049292,1049293,1049294,1049295,1049296,1049297,1049298,1049299,1049300,1049301,1049302,1049303,1049304,1049305,1049306,1049307,1049308,1049309,1049310,1049311,1049312,1049313,1049314,1049315,1049316,1049317,1049318,1049319,1049320,1049321,1049322,1049323,1049324,1049325,1049326,1049327,1049328,1049329,1049330,1049331,1049332,1049333,1049334,1049335,1049336,1049337,1049338,1049339,1049340,1049341,1049342,1049343,1049344,1049345,1049346,1049347,1049348,1049349,1049350,1049351,1049352,1049353,1049354,1049355,1049356,1049357,1049358,1049359,1049360,1049361,1049362,1049363,1049364,1049365,1049366,1049367,1049368,1049369,1049370,1049371,1049372,1049373,1049374,1049375,1049376,1049377,1049378,1049379,1049380,1049381,1049382,1049383,1049384,1049385,1049386,1049387,1049388,1049389,1049390,1049391,1049392,1049393,1049394,1049395,1049396,1049397,1049398,1049399,1049400,1049401,1049402,1049403,1049404,1049405,1049406,1049407,1049408,1049409,1049410,1049411,1049412,1049413,1049414,1049415,1049416,1049417,1049418,1049419,1049420,1049421,1049422,1049423,1049424,1049425,1049426,1049427,1049428,1049429,1049430,1049431,1049432,1049433,1049434,1049435,1049436,1049437,1049438,1049439,1049440,1049441,1049442,1049443,1049444,1049445,1049446,1049447,1049448,1049449,1049450,1049451,1049452,1049453,1049454,1049455,1049456,1049457,1049458,1049459,1049460,1049461,1049462,1049463,1049464,1049465,1049466,1049467,1049468,1049469,1049470,1049471,1049472,1049473,1049474,1049475,1049476,1049477,1049478,1049479,1049480,1049481,1049482,1049483,1049484,1049485,1049486,1049487,1049488,1049489,1049490,1049491,1049492,1049493,1049494,1049495,1049496,1049497,1049498,1049499,1049500,1049501,1049502,1049503,1049504,1049505,1049506,1049507,1049508,1049509,1049510,1049511,1049512,1049513,1049514,1049515,1049516,1049517,1049518,1049519,1049520,1049521,1049522,1049611,1049695,1049696,1049890,1049990,1050106,1050259,1050275,1050511,1051600,1051759,1051771
2428:1049242
2444:1049245,1050380,1050454,1051058,1051488,1051495
2460:1049245
2476:1049246
2492:1049250,1049890,1050001,1050487
2508:1049250,1049898,1050203,1051472,1051666,1051757,1051758
2524:1049254
2540:1049263,1049617,1049630,1049654,1050417
2556:1049269,1049467,1049641,1049799,1049941,1050233,1050303,1050609,1050666,1050702,1050778,1050792,1050801,1050930,1051209,1051283,1051467,1051474,1051519,1051629
2572:1049270
2588:1049271,1049847,1051286
2604:1049274
2620:1049285,1049551
2636:1049294,1050380,1050479,1050512,1050514,1050681,1051267
2652:1049299,1050001,1050934,1051634
2668:1049299,1049608,1049674,1049745,1049800,1049925,1049990,1050039,1050255,1050848,1050864,1050865,1051072,1051342,1051403,1051599,1051606,1051757
2684:1049303,1049537,1049801,1049832,1049923,1050029,1050061,1050092,1050166,1050177,1050274,1050285,1050288,1050300,1050322,1050345,1050363,1050511,1050535,1050577,1050672,1050730,1050776,1050794,1050823,1050877,1051009,1051055,1051147,1051360,1051362,1051395,1051473,1051534,1051596,1051601,1051603,1051625,1051632,1051646,1051662,1051733
2700:1049306,1049965,1049995,1050080,1050280,1050281,1050508,1050535,1050655,1050723,1050753,1050808,1050953,1051045,1051298,1051346,1051521,1051531,1051648,1051652,1051656,1051684,1051696,1051699,1051702,1051723
2716:1049319,1049871
2732:1049329
2748:1049336,1049394,1049576,1049646,1049824,1049864,1050028,1050074,1050078,1050106,1050286,1050580,1050582,1051649,1051713,1051759,1051764
2764:1049344,1049345,1049346,1049474
2780:1049360,1049552,1050332,1050768,1051537,1051745
2796:1049371
2812:1049371
2828:1049384,1049666
2844:1049394
2860:1049400,1050077,1050858,1051408,1051519
2876:1049407,1050737
2892:1049417
2908:1049425
2924:1049429,1049674,1049906,1050080,1050294,1050808,1050929,1051443
2940:1049436
2956:1049443
2972:1049466,1049865,1049877,1049909,1049910,1051603
2988:1049483
3004:1049510,1049519,1049669,1049961,1049983,1049995,1050112,1050113,1050114,1050266,1050292,1050313,1050415,1050416,1050429,1050508,1050542,1050593,1050664,1050684,1050695,1050713,1050999,1051037,1051196,1051301,1051345,1051502,1051596,1051612
3020:1049521
3036:1049525,1049965,1050008
3052:1049534
3068:1049539,1050119,1050164,1050178,1050347,1050348,1050611,1050974,1051061,1051767,1051771
3084:1049544,1049814
3100:1049547,1049842,1051279,1051690
3116:1049550,1049587,1049763,1049769,1049826,1049882,1050629,1051286,1051411
3132:1049557,1049898,1050322,1050323,1050636,1050840,1051045,1051120,1051154,1051207,1051284,1051323,1051392,1051461,1051525,1051531,1051532,1051680,1051689,1051723
3148:1049568,1050026,1050027,1050780,1051003
3164:1049576,1050286,1051397
3180:1049578
3196:1049578,1050050,1050326,1050345,1050651,1050777,1050790,1050950,1050958,1051207,1051267,1051301,1051434,1051486,1051686,1051757
3212:1049583,1049995,1050508,1050929,1051143,1051716
3228:1049588
3244:1049593,1049764,1049765,1049777,1049778,1049804,1049873,1049946,1049947,1049948,1049953,1049982,1050150,1050181
3260:1049602
3276:1049607,1050551,1051464,1051632,1051713
3292:1049610,1049880
3308:1049620,1049730,1049920,1049956,1049979,1050118,1050191,1050523,1050656,1050792,1050840,1051285,1051307
3324:1049623,1049901,1050005,1050048,1050205,1050301,1050340,1050379,1050756,1050772,1050895,1051058,1051098,1051122,1051179,1051185,1051404,1051479,1051555,1051562,1051618,1051740,1051747,1051775
3340:1049626,1049688,1049883,1049987,1050190,1050285,1050680,1050996,1051262,1051361,1051402,1051416,1051542,1051691
3356:1049641,1050422,1050752,1050888,1050933,1050963,1051449
3372:1049645
3388:1049658,1050595,1051074
3404:1049670
3420:1049674,1050420,1050877
3436:1049678,1050250
3452:1049684,1050061,1050187,1050225,1050428,1051069,1051146,1051649
3468:1049688
3484:1049689,1051580
3500:1049696
3516:1049710,1049736,1050315,1050498,1050897
3532:1049718,1049982
3548:1049721,1050995
3564:1049727,1050016,1050176,1050185,1050574,1050804,1050829,1050984,1051143,1051284,1051354,1051459,1051482,1051633,1051687,1051695,1051714
3580:1049730,1050792,1050995,1051258,1051392,1051619
3596:1049736,1049739,1049992,1050015,1050081,1050093,1050117,1050145,1050147,1050255,1050266,1050369,1050402,1050420,1050429,1050437,1050449,1050460,1050514,1050522,1050629,1050657,1050658,1050686,1050719,1050776,1050777,1050824,1051058,1051146,1051199,1051598,1051623,1051765
3612:1049738,1049754,1049789,1049800,1049811,1049966,1049968,1050043,1050073,1050197,1050207,1050298,1050314,1050658,1051774,1051776
3628:1049744
3644:1049745,1050681,1051173,1051267,1051351,1051489,1051628
3660:1049747,1050628,1051655
3676:1049754
3692:1049756
3708:1049759,1049947,1049964,1050104,1050291,1050411,1050548,1050567,1050682,1050915,1051066,1051323,1051600,1051735
3724:1049767,1049859
3740:1049770
3756:1049775
3772:1049783,1049983,1049984
3788:1049795
3804:1049802,1049815,1049917,1050027,1050073,1050334,1050351,1050656,1050828,1051086
3820:1049810
3836:1049813
3852:1049822,1051522
3868:1049830
3884:1049835
3900:1049839,1051542
3916:1049847,1051595
3932:1049854,1050671
3948:1049862
3964:1049868,1050266
3980:1049882
3996:1049884,1050635,1050976
4012:1049890
4028:1049898,1050790
4044:1049909
4060:1049916
4076:1049924,1050228,1050756,1050773,1050779,1050880,1051148,1051474,1051717
4092:1049926
4108:1049936,1049989,1050119,1050580,1051431
4124:1049940
4140:1049943,1050298,1050536,1050564,1050651,1051090,1051569
4156:1049954
4172:1049959
4188:1049960,1051029
4204:1049965,1050031,1050743,1050808,1050827,1051109,1051672,1051739
4220:1049972,1050808,1050945,1051322
4236:1049974,1051195,1051432
4252:1049983,1051695
4268:1049985,1050303,1050499,1050607,1050949,1051145,1051202,1051246,1051373
4284:1049988,1050702,1050883,1051232
4300:1049991
4316:1049998,1050183,1050296,1050414,1050576,1050668,1050850,1051181
4332:1050002,1050105,1050165,1050313,1050713,1050955,1051072,1051199,1051204,1051444,1051522,1051600,1051669
4348:1050005
4364:1050009,1050933,1050952,1051397
4380:1050016
4396:1050024,1050694
4412:1050030,1050277,1050278,1051771
4428:1050038,1050877,1051310,1051398,1051436,1051510,1051537,1051697,1051698
4444:1050044
4460:1050049,1050594,1051572,1051726
4476:1050054
4492:1050062,1050180,1050483,1050640,1050672,1050726,1051418
4508:1050072,1050752,1051130,1051417,1051439
4524:1050080
4540:1050085,1050137,1050171
4556:1050091
4572:1050094
4588:1050102,1050486
4604:1050108
4620:1050115
4636:1050120
4652:1050127
4668:1050138,1050424
4684:1050142
4700:1050153,1050215,1050391
4716:1050164,1050452,1050505,1050802,1050803,1050820,1050855,1051057,1051075,1051146,1051568
4732:1050166
4748:1050170,1050891
4764:1050180
4780:1050185
4796:1050196
4812:1050202,1050227
4828:1050206
4844:1050212,1050282,1050742
4860:1050221,1050681
4876:1050226,1050448,1051713
4892:1050232
4908:1050240
4924:1050246
4940:1050252,1050639,1051409
4956:1050257
4972:1050264,1050650
4988:1050270,1051360,1051714
5004:1050273
5020:1050278,1050629,1050996,1051109
5036:1050280
5052:1050286
5068:1050288
5084:1050296,1050744,1050999,1051169,1051580,1051632,1051664
5100:1050301
5116:1050306,1050470,1050583
5132:1050313
5148:1050316
5164:1050325
5180:1050339,1050985
5196:1050344
5212:1050346,1051698,1051735
5228:1050358
5244:1050369
5260:1050382
5276:1050393
5292:1050400
5308:1050404
5324:1050419,1050739,1050942,1051329,1051606
5340:1050422
5356:1050431,1050971
5372:1050437
5388:1050446
5404:1050454
5420:1050464
5436:1050466
5452:1050482
5468:1050489
5484:1050499
5500:1050508
5516:1050521
5532:1050526,1051500
5548:1050535
5564:1050548
5580:1050553,1050937,1051328
5596:1050563,1050685,1050730,1050827,1051273
5612:1050572,1051588,1051616
5628:1050578,1050805
5644:1050590
5660:1050595,1050793
5676:1050608
5692:1050611,1051249
5708:1050626,1051076,1051622
5724:1050633
5740:1050639
5756:1050646
5772:1050658,1051196
5788:1050668
5804:1050673
5820:1050681,1051282
5836:1050692
5852:1050707
5868:1050717
5884:1050720
5900:1050726
5916:1050732,1050956
5932:1050740,1050777,1050999,1051135,1051468,1051595
5948:1050750
5964:1050756,1050836,1051385,1051405,1051435
5980:1050764
5996:1050772,1051127,1051134,1051558
6012:1050777
6028:1050784
6044:1050792
6060:1050804
6076:1050808,1051526
6092:1050808
6108:1050808
6124:1050814
6140:1050824
6156:1050834
6172:1050848
6188:1050859
6204:1050866
6220:1050875
6236:1050877
6252:1050880,1051568
6268:1050889,1050894,1051116,1051678,1051754
6284:1050897
6300:1050906,1051047,1051361
6316:1050916,1051069
6332:1050923
6348:1050933
6364:1050944
6380:1050954,1051514,1051680
6396:1050960,1051699
6412:1050974
6428:1050977
6444:1050989
6460:1050999,1051200,1051438,1051525
6476:1051004
6492:1051010,1051171,1051322,1051343,1051348,1051420,1051530
6508:1051019
6524:1051028
6540:1051037
6556:1051043
6572:1051049
6588:1051058
6604:1051061
6620:1051069,1051325
6636:1051074
6652:1051084,1051085
6668:1051096
6684:1051104
6700:1051113,1051505,1051578,1051594,1051705
6716:1051121
6732:1051132,1051221
6748:1051143
6764:1051155,1051360
6780:1051165
6796:1051170,1051642
6812:1051179
6828:1051188,1051545
6844:1051196
6860:1051202
6876:1051207,1051403
6892:1051219
6908:1051229
6924:1051243,1051581
6940:1051254
6956:1051267
6972:1051273
6988:1051280
7004:1051287
7020:1051291,1051602,1051623
7036:1051296
7052:1051300,1051342
7068:1051309,1051339,1051433
7084:1051316
7100:1051324
7116:1051335
7132:1051350
7148:1051358,1051359,1051460,1051596
7164:1051366
7180:1051380
7196:1051386
7212:1051395
7228:1051400
7244:1051408,1051419,1051626,1051687
7260:1051418
7276:1051424
7292:1051440
7308:1051452
7324:1051464
7340:1051468,1051586
7356:1051474
7372:1051480
7388:1051488
7404:1051496
7420:1051499
7436:1051503,1051511
7452:1051514
7468:1051524
7484:1051534
7500:1051546
7516:1051557
7532:1051568
7548:1051574
7564:1051583
7580:1051589
7596:1051596
7612:1051599
7628:1051603
7644:1051612
7660:1051621,1051673
7676:1051630
7692:1051642
7708:1051649
7724:1051657
7740:1051662
7756:1051667
7772:1051675
7788:1051686,1051733
7804:1051691,1051692,1051693,1051694,1051695,1051696,1051697,1051698,1051699,1051700,1051701,1051702,1051703,1051704,1051705,1051706,1051707,1051708,1051709,1051710,1051711,1051712,1051713,1051714,1051715,1051716,1051717,1051718,1051719,1051720,1051721,1051722,1051723,1051724,1051725,1051726,1051727,1051728,1051729,1051730,1051731,1051732,1051733,1051734,1051735,1051736,1051737,1051738,1051739,1051740,1051741,1051742,1051743,1051744,1051745,1051746,1051747,1051748,1051749,1051750,1051751,1051752,1051753,1051754,1051755,1051756,1051757,1051758
7820:1051700
7836:1051706
7852:1051713
7868:1051721
7884:1051735
7900:1051739
7916:1051746
7932:1051757
7948:1051762
7964:1051769
7980:1051777
