6:1048576,1048586,1048589,1048591,1048592,1048595,1048596,1048598,1048600,1048601,1048605,1048608,1048610,1048611,1048613,1048614,1048615,1048617,1048618,1048619,1048620,1048621,1048623,1048629,1048632,1048633,1048635,1048640,1048641,1048643,1048644,1048645,1048646,1048648,1048649,1048651,1048653,1048654,1048655,1048657,1048658,1048662,1048664,1048665,1048666,1048667,1048668,1048669,1048670,1048671,1048677,1048678,1048679,1048680,1048681,1048682,1048684,1048686,1048689,1048691,1048693,1048695,1048696,1048697,1048698,1048699,1048709,1048711,1048713,1048717,1048718,1048719,1048721,1048722,1048724,1048728,1048729,1048736,1048737,1048739,1048740,1048741,1048745,1048747,1048748,1048749,1048750,1048751,1048752,1048759,1048760,1048764,1048766,1048767,1048768,1048770,1048773,1048777,1048778,1048780,1048783,1048784,1048788,1048790,1048791,1048793,1048795,1048796,1048797,1048799,1048800,1048801,1048804,1048805,1048806,1048807,1048809,1048811,1048812,1048815,1048816,1048817,1048818,1048820,1048823,1048824,1048826,1048827,1048828,1048829,1048831,1048832,1048839,1048843,1048846,1048847,1048849,1048851,1048852,1048853,1048855,1048856,1048857,1048858,1048859,1048860,1048863,1048866,1048871,1048872,1048873,1048874,1048875,1048876,1048879,1048882,1048883,1048884,1048885,1048886,1048887,1048889,1048891,1048894,1048895,1048896,1048897,1048902,1048904,1048905,1048907,1048908,1048910,1048911,1048923,1048924,1048925,1048926,1048928,1048930,1048936,1048941,1048942,1048949,1048950,1048951,1048953,1048955,1048958,1048967,1048971,1048972,1048973,1048978,1048979,1048980,1048981,1048982,1048983,1048984,1048987,1048988,1048992,1049005,1049006,1049008,1049010,1049012,1049013,1049014,1049015,1049016,1049018,1049028,1049036,1049037,1049039,1049050,1049051,1049052,1049053,1049054,1049056,1049057,1049058,1049063,1049066,1049067,1049069,1049070,1049071,1049072,1049086,1049100,1049102,1049104,1049105,1049106,1049108,1049110,1049111,1049112,1049113,1049114,1049115,1049116,1049117,1049118,1049119,1049120,1049121,1049123,1049124,1049125,1049126,1049128,1049131,1049133,1049139,1049141,1049142,1049143,1049149,1049156,1049157,1049158,1049160,1049163,1049168,1049169,1049170,1049173,1049174,1049176,1049177,1049180,1049181,1049190,1049191,1049192,1049194,1049198,1049199,1049201,1049203,1049204,1049205,1049210,1049212,1049213,1049219,1049221,1049226,1049228,1049230,1049232,1049233,1049236,1049238,1049243,1049244,1049245,1049246,1049249,1049250,1049251,1049252,1049253,1049254,1049256,1049257,1049258,1049264,1049266,1049267,1049268,1049269,1049270,1049271,1049272,1049273,1049274,1049275,1049279,1049280,1049284,1049292,1049293,1049294,1049299,1049301,1049302,1049303,1049304,1049305,1049306,1049319,1049323,1049324,1049325,1049326,1049327,1049328,1049330,1049331,1049332,1049333,1049334,1049336,1049337,1049338,1049339,1049342,1049343,1049347,1049352,1049369,1049371,1049373,1049374,1049378,1049383,1049384,1049385,1049390,1049391,1049396,1049398,1049399,1049400,1049402,1049403,1049408,1049413,1049417,1049422,1049423,1049424,1049425,1049426,1049427,1049429,1049430,1049431,1049433,1049435,1049436,1049440,1049442,1049443,1049453,1049462,1049463,1049464,1049465,1049466,1049467,1049468,1049469,1049470,1049472,1049486,1049490,1049496,1049500,1049502,1049511,1049512,1049515,1049516,1049517,1049519,1049521,1049524,1049525,1049528,1049529,1049530,1049531,1049532,1049533,1049534,1049536,1049537,1049538,1049539,1049540,1049546,1049547,1049548,1049549,1049554,1049555,1049556,1049557,1049562,1049564,1049565,1049566,1049571,1049574,1049576,1049577,1049578,1049581,1049582,1049583,1049584,1049585,1049586,1049587,1049588,1049589,1049590,1049599,1049600,1049601,1049603,1049604,1049605,1049606,1049607,1049608,1049609,1049610,1049612,1049618,1049619,1049620,1049621,1049622,1049623,1049624,1049625,1049626,1049627,1049628,1049629,1049631,1049632,1049637,1049641,1049642,1049643,1049644,1049645,1049646,1049647,1049648,1049658,1049659,1049661,1049662,1049663,1049664,1049672,1049673,1049674,1049677,1049681,1049682,1049683,1049684,1049685,1049686,1049687,1049688,1049689,1049690,1049691,1049692,1049693,1049696,1049697,1049707,1049708,1049709,1049710,1049711,1049712,1049714,1049718,1049719,1049720,1049721,1049722,1049723,1049724,1049725,1049726,1049727,1049728,1049729,1049730,1049731,1049734,1049735,1049736,1049737,1049738,1049739,1049740,1049741,1049742,1049743,1049744,1049745,1049746,1049747,1049748,1049751,1049754,1049755,1049756,1049757,1049758,1049759,1049760,1049761,1049763,1049767,1049770,1049771,1049772,1049773,1049774,1049775,1049780,1049781,1049786,1049787,1049789,1049791,1049798,1049799,1049800,1049801,1049805,1049806,1049808,1049809,1049810,1049811,1049812,1049813,1049817,1049820,1049822,1049823,1049825,1049827,1049828,1049829,1049830,1049832,1049833,1049834,1049835,1049836,1049837,1049839,1049840,1049842,1049843,1049845,1049846,1049847,1049848,1049849,1049853,1049854,1049855,1049856,1049857,1049859,1049860,1049861,1049863,1049865,1049867,1049868,1049869,1049870,1049876,1049878,1049879,1049880,1049881,1049882,1049883,1049884,1049885,1049889,1049890,1049892,1049897,1049898,1049899,1049900,1049901,1049902,1049904,1049905,1049906,1049907,1049908,1049909,1049911,1049912,1049913,1049914,1049915,1049916,1049919,1049920,1049921,1049922,1049923,1049924,1049925,1049926,1049927,1049929,1049933,1049934,1049937,1049938,1049939,1049940,1049941,1049943,1049944,1049949,1049954,1049955,1049956,1049958,1049959,1049960,1049961,1049962,1049963,1049964,1049965,1049966,1049967,1049968,1049969,1049970,1049972,1049973,1049974,1049975,1049976,1049977,1049978,1049979,1049980,1049981,1049982,1049983,1049984,1049985,1049986,1049987,1049988,1049990,1049991,1049992,1049994,1049995,1049996,1049998,1049999,1050000,1050001,1050002,1050003,1050005,1050006,1050007,1050008,1050009,1050013,1050014,1050015,1050016,1050018,1050020,1050021,1050028,1050029,1050030,1050031,1050032,1050033,1050034,1050035,1050037,1050040,1050042,1050043,1050044,1050045,1050046,1050047,1050048,1050049,1050050,1050051,1050052,1050057,1050058,1050059,1050060,1050061,1050062,1050063,1050064,1050066,1050070,1050071,1050072,1050073,1050076,1050077,1050078,1050079,1050080,1050081,1050082,1050085,1050086,1050089,1050090,1050091,1050092,1050094,1050095,1050098,1050099,1050100,1050101,1050102,1050103,1050104,1050105,1050107,1050108,1050109,1050110,1050111,1050112,1050113,1050114,1050115,1050116,1050117,1050118,1050119,1050120,1050122,1050124,1050125,1050126,1050127,1050128,1050129,1050138,1050139,1050140,1050141,1050142,1050143,1050144,1050145,1050146,1050147,1050149,1050151,1050152,1050154,1050155,1050156,1050157,1050158,1050159,1050160,1050161,1050162,1050164,1050165,1050166,1050167,1050168,1050169,1050170,1050176,1050177,1050178,1050179,1050180,1050183,1050184,1050185,1050187,1050188,1050189,1050190,1050191,1050193,1050196,1050197,1050198,1050200,1050201,1050202,1050203,1050204,1050205,1050206,1050207,1050208,1050209,1050210,1050212,1050213,1050216,1050217,1050218,1050219,1050220,1050221,1050222,1050224,1050225,1050226,1050227,1050229,1050232,1050233,1050234,1050237,1050239,1050240,1050242,1050245,1050246,1050248,1050249,1050250,1050251,1050252,1050253,1050254,1050255,1050256,1050257,1050258,1050259,1050260,1050261,1050262,1050264,1050265,1050266,1050267,1050268,1050269,1050270,1050271,1050272,1050273,1050274,1050275,1050278,1050280,1050281,1050282,1050283,1050284,1050285,1050286,1050287,1050288,1050294,1050295,1050296,1050298,1050299,1050300,1050301,1050302,1050303,1050310,1050311,1050312,1050313,1050314,1050315,1050316,1050317,1050318,1050319,1050320,1050322,1050323,1050324,1050325,1050326,1050327,1050329,1050335,1050339,1050340,1050341,1050342,1050343,1050345,1050346,1050349,1050350,1050356,1050357,1050358,1050359,1050360,1050361,1050362,1050363,1050367,1050369,1050374,1050380,1050381,1050382,1050384,1050385,1050386,1050392,1050396,1050399,1050400,1050401,1050402,1050403,1050404,1050405,1050406,1050409,1050410,1050411,1050413,1050414,1050416,1050418,1050419,1050420,1050421,1050422,1050423,1050424,1050427,1050428,1050429,1050430,1050431,1050434,1050435,1050436,1050437,1050443,1050444,1050445,1050446,1050448,1050449,1050450,1050451,1050452,1050453,1050454,1050457,1050459,1050460,1050461,1050462,1050463,1050464,1050465,1050466,1050467,1050468,1050476,1050477,1050481,1050482,1050483,1050484,1050485,1050486,1050487,1050490,1050491,1050499,1050500,1050501,1050502,1050503,1050504,1050505,1050506,1050507,1050508,1050509,1050510,1050511,1050512,1050513,1050514,1050515,1050517,1050519,1050520,1050521,1050523,1050524,1050526,1050528,1050529,1050530,1050531,1050532,1050533,1050534,1050536,1050537,1050539,1050541,1050543,1050547,1050548,1050549,1050550,1050551,1050552,1050553,1050559,1050560,1050563,1050564,1050566,1050568,1050572,1050573,1050575,1050576,1050577,1050578,1050579,1050590,1050591,1050592,1050593,1050594,1050595,1050596,1050598,1050599,1050600,1050604,1050605,1050606,1050607,1050608,1050609,1050610,1050611,1050612,1050614,1050617,1050618,1050619,1050621,1050622,1050624,1050625,1050626,1050627,1050628,1050629,1050630,1050633,1050634,1050635,1050636,1050637,1050639,1050640,1050643,1050644,1050645,1050650,1050651,1050655,1050656,1050657,1050658,1050659,1050660,1050662,1050663,1050666,1050667,1050668,1050669,1050670,1050671,1050672,1050674,1050680,1050681,1050682,1050683,1050684,1050685,1050686,1050687,1050688,1050689,1050693,1050700,1050702,1050703,1050704,1050705,1050709,1050710,1050711,1050712,1050713,1050714,1050715,1050716,1050717,1050718,1050719,1050720,1050721,1050722,1050723,1050725,1050726,1050727,1050728,1050730,1050733,1050734,1050735,1050736,1050737,1050738,1050739,1050740,1050741,1050742,1050743,1050744,1050745,1050750,1050751,1050752,1050753,1050754,1050755,1050756,1050759,1050760,1050761,1050762,1050763,1050764,1050768,1050769,1050770,1050771,1050772,1050773,1050774,1050775,1050776,1050777,1050778,1050779,1050782,1050783,1050784,1050785,1050786,1050788,1050790,1050791,1050792,1050793,1050794,1050795,1050797,1050798,1050801,1050802,1050803,1050804,1050805,1050806,1050807,1050808,1050820,1050821,1050822,1050823,1050824,1050826,1050827,1050828,1050829,1050831,1050832,1050833,1050836,1050837,1050838,1050839,1050840,1050841,1050842,1050843,1050846,1050847,1050848,1050849,1050850,1050851,1050852,1050854,1050855,1050857,1050858,1050860,1050861,1050862,1050863,1050864,1050865,1050866,1050867,1050869,1050872,1050874,1050875,1050876,1050877,1050879,1050880,1050881,1050882,1050883,1050884,1050885,1050886,1050887,1050889,1050890,1050891,1050892,1050893,1050894,1050895,1050896,1050897,1050898,1050899,1050901,1050902,1050903,1050904,1050907,1050910,1050912,1050913,1050914,1050915,1050916,1050917,1050918,1050919,1050920,1050928,1050929,1050930,1050931,1050932,1050933,1050934,1050935,1050936,1050941,1050942,1050943,1050944,1050945,1050946,1050947,1050948,1050949,1050950,1050951,1050952,1050953,1050954,1050955,1050958,1050960,1050961,1050962,1050963,1050964,1050965,1050967,1050970,1050971,1050973,1050974,1050976,1050977,1050981,1050982,1050983,1050985,1050987,1050988,1050990,1050994,1050995,1050996,1050998,1050999,1051003,1051005,1051007,1051008,1051010,1051011,1051012,1051013,1051014,1051015,1051017,1051024,1051025,1051026,1051027,1051028,1051030,1051031,1051033,1051035,1051039,1051043,1051044,1051045,1051046,1051048,1051051,1051052,1051053,1051054,1051055,1051056,1051057,1051058,1051059,1051060,1051062,1051063,1051065,1051067,1051068,1051069,1051071,1051072,1051073,1051074,1051075,1051076,1051077,1051081,1051085,1051088,1051089,1051090,1051091,1051092,1051093,1051094,1051097,1051098,1051099,1051100,1051101,1051102,1051105,1051107,1051109,1051110,1051111,1051112,1051113,1051117,1051118,1051120,1051121,1051122,1051123,1051125,1051127,1051129,1051130,1051131,1051132,1051134,1051135,1051136,1051140,1051142,1051143,1051144,1051145,1051146,1051147,1051149,1051151,1051152,1051154,1051155,1051156,1051157,1051158,1051159,1051160,1051162,1051164,1051167,1051168,1051169,1051170,1051171,1051172,1051173,1051175,1051178,1051179,1051180,1051181,1051182,1051184,1051185,1051187,1051192,1051193,1051194,1051195,1051196,1051197,1051198,1051199,1051200,1051201,1051202,1051203,1051204,1051205,1051206,1051207,1051209,1051216,1051218,1051219,1051220,1051221,1051223,1051224,1051225,1051226,1051227,1051230,1051231,1051232,1051233,1051236,1051237,1051238,1051239,1051240,1051241,1051242,1051243,1051244,1051245,1051246,1051248,1051249,1051250,1051251,1051255,1051256,1051257,1051258,1051259,1051260,1051261,1051262,1051263,1051264,1051265,1051267,1051270,1051271,1051272,1051273,1051274,1051275,1051276,1051277,1051278,1051279,1051280,1051281,1051282,1051283,1051284,1051285,1051286,1051287,1051289,1051290,1051291,1051292,1051293,1051294,1051295,1051296,1051297,1051298,1051300,1051301,1051302,1051303,1051304,1051305,1051307,1051308,1051309,1051311,1051312,1051313,1051314,1051315,1051316,1051317,1051319,1051320,1051321,1051322,1051324,1051325,1051326,1051327,1051328,1051329,1051331,1051333,1051334,1051339,1051340,1051341,1051342,1051343,1051344,1051345,1051346,1051347,1051348,1051350,1051351,1051352,1051353,1051354,1051355,1051356,1051357,1051359,1051360,1051361,1051362,1051364,1051365,1051369,1051370,1051371,1051372,1051373,1051374,1051375,1051376,1051377,1051379,1051380,1051381,1051382,1051384,1051385,1051386,1051387,1051390,1051391,1051392,1051393,1051394,1051395,1051396,1051398,1051401,1051402,1051403,1051404,1051405,1051406,1051407,1051408,1051409,1051410,1051411,1051412,1051413,1051414,1051415,1051416,1051417,1051418,1051420,1051421,1051422,1051423,1051424,1051425,1051426,1051427,1051428,1051431,1051432,1051433,1051434,1051435,1051437,1051438,1051439,1051440,1051442,1051443,1051444,1051445,1051446,1051447,1051448,1051449,1051451,1051452,1051453,1051454,1051455,1051456,1051457,1051458,1051459,1051460,1051461,1051462,1051463,1051464,1051465,1051466,1051467,1051468,1051469,1051470,1051471,1051472,1051473,1051474,1051475,1051476,1051478,1051479,1051480,1051481,1051482,1051483,1051486,1051487,1051488,1051489,1051490,1051491,1051493,1051494,1051495,1051496,1051497,1051498,1051499,1051500,1051501,1051502,1051503,1051504,1051505,1051506,1051509,1051511,1051512,1051513,1051514,1051515,1051518,1051519,1051520,1051521,1051522,1051523,1051524,1051525,1051526,1051529,1051530,1051531,1051532,1051533,1051534,1051536,1051537,1051538,1051541,1051542,1051543,1051544,1051545,1051546,1051547,1051548,1051552,1051553,1051554,1051555,1051556,1051558,1051559,1051560,1051561,1051562,1051563,1051564,1051565,1051566,1051567,1051568,1051569,1051571,1051572,1051573,1051574,1051575,1051576,1051577,1051578,1051579,1051580,1051581,1051583,1051585,1051587,1051588,1051589,1051590,1051591,1051592,1051593,1051595,1051596,1051597,1051598,1051599,1051600,1051601,1051602,1051603,1051605,1051606,1051607,1051608,1051609,1051610,1051611,1051612,1051614,1051615,1051616,1051617,1051618,1051619,1051620,1051621,1051622,1051623,1051624,1051625,1051626,1051627,1051629,1051630,1051631,1051632,1051633,1051634,1051635,1051636,1051637,1051638,1051639,1051641,1051642,1051643,1051644,1051645,1051646,1051647,1051648,1051649,1051650,1051651,1051652,1051653,1051654,1051655,1051656,1051657,1051658,1051659,1051660,1051662,1051664,1051665,1051666,1051667,1051668,1051669,1051670,1051671,1051672,1051673,1051674,1051675,1051677,1051678,1051679,1051680,1051681,1051682,1051683,1051684,1051685,1051686,1051687,1051688,1051689,1051690,1051691,1051692,1051693,1051695,1051696,1051699,1051700,1051701,1051702,1051703,1051704,1051706,1051707,1051708,1051709,1051710,1051711,1051712,1051713,1051714,1051715,1051716,1051717,1051718,1051719,1051720,1051721,1051722,1051723,1051724,1051725,1051726,1051727,1051728,1051729,1051731,1051732,1051733,1051735,1051738,1051739,1051740,1051741,1051742,1051744,1051745,1051746,1051747,1051748,1051749,1051750,1051751,1051752,1051754,1051755,1051756,1051758,1051759,1051760,1051763,1051764,1051765,1051766,1051767,1051768,1051769,1051770,1051771,1051774,1051775,1051776,1051777,1051778,1051779
22:1048577
38:1048580,1048615,1048669,1048678,1048679,1048680,1048692,1048698,1048810,1048827,1048857,1048895,1048955,1048968,1048972,1048991,1049054,1049270,1049271,1049273,1049279,1049330,1049342,1049374,1049423,1049424,1049430,1049433,1049435,1049462,1049469,1049587,1049607,1049619,1049621,1049624,1049626,1049659,1049697,1049720,1049730,1049744,1049747,1049748,1049769,1049785,1049787,1049788,1049798,1049813,1049837,1049838,1049839,1049845,1049849,1049857,1049870,1049884,1049909,1049925,1049927,1049933,1049934,1049960,1049986,1049987,1049988,1050000,1050002,1050011,1050018,1050044,1050063,1050072,1050076,1050078,1050089,1050092,1050100,1050104,1050163,1050184,1050201,1050208,1050210,1050211,1050212,1050217,1050220,1050254,1050266,1050283,1050288,1050293,1050296,1050316,1050319,1050346,1050350,1050362,1050367,1050380,1050411,1050418,1050428,1050429,1050443,1050444,1050449,1050450,1050454,1050461,1050463,1050464,1050466,1050481,1050483,1050506,1050521,1050533,1050540,1050550,1050575,1050578,1050593,1050595,1050605,1050606,1050607,1050608,1050628,1050651,1050653,1050689,1050720,1050721,1050725,1050728,1050752,1050759,1050762,1050764,1050769,1050772,1050775,1050776,1050783,1050790,1050792,1050795,1050801,1050804,1050805,1050808,1050817,1050824,1050827,1050837,1050838,1050840,1050842,1050848,1050858,1050862,1050864,1050876,1050919,1050928,1050929,1050930,1050943,1050944,1050945,1050950,1050976,1050983,1050984,1051029,1051032,1051046,1051054,1051055,1051065,1051069,1051073,1051097,1051122,1051135,1051142,1051143,1051145,1051171,1051173,1051197,1051198,1051205,1051207,1051220,1051239,1051240,1051242,1051249,1051257,1051258,1051267,1051282,1051289,1051295,1051298,1051320,1051322,1051324,1051328,1051342,1051346,1051351,1051369,1051376,1051381,1051394,1051402,1051414,1051426,1051431,1051441,1051449,1051459,1051460,1051465,1051477,1051478,1051480,1051487,1051489,1051497,1051511,1051521,1051527,1051530,1051532,1051534,1051535,1051538,1051542,1051548,1051562,1051571,1051572,1051576,1051578,1051581,1051588,1051590,1051595,1051596,1051601,1051603,1051608,1051610,1051616,1051627,1051639,1051661,1051669,1051671,1051673,1051675,1051686,1051689,1051690,1051691,1051696,1051702,1051707,1051724,1051728,1051739,1051741,1051750,1051766,1051774
54:1048584,1048586,1048589,1048613,1048631,1048641,1048646,1048713,1048745,1048804,1048805,1048806,1048829,1048842,1048955,1048972,1049108,1049219,1049296,1049336,1049369,1049430,1049525,1049557,1049558,1049561,1049565,1049576,1049581,1049591,1049603,1049625,1049626,1049638,1049639,1049640,1049659,1049660,1049661,1049690,1049691,1049779,1049808,1049824,1049826,1049840,1049864,1049865,1049877,1049883,1049910,1049926,1049936,1049937,1049942,1049989,1049996,1049997,1050017,1050043,1050051,1050065,1050083,1050084,1050089,1050100,1050101,1050167,1050189,1050230,1050231,1050248,1050259,1050266,1050271,1050276,1050296,1050322,1050331,1050332,1050347,1050348,1050368,1050381,1050420,1050446,1050482,1050486,1050497,1050506,1050534,1050545,1050546,1050580,1050581,1050607,1050611,1050628,1050683,1050691,1050692,1050703,1050705,1050709,1050735,1050752,1050771,1050773,1050778,1050782,1050795,1050837,1050847,1050882,1050895,1050918,1050920,1050942,1050947,1050965,1050975,1050982,1051025,1051030,1051054,1051067,1051093,1051097,1051102,1051117,1051121,1051131,1051147,1051157,1051168,1051169,1051173,1051232,1051244,1051263,1051271,1051279,1051291,1051316,1051394,1051408,1051427,1051449,1051467,1051490,1051497,1051498,1051504,1051519,1051521,1051563,1051572,1051580,1051590,1051592,1051618,1051621,1051646,1051651,1051664,1051666,1051669,1051673,1051675,1051677,1051699,1051700,1051703,1051733,1051751
70:1048586,1048589
86:1048590,1048675,1048754,1048755,1048756,1048757,1048785,1048799,1048932,1048975,1048987,1049102,1049257,1049516,1049577,1049587,1049600,1049673,1049729,1049755,1049760,1049761,1049791,1049798,1049809,1049822,1049887,1049965,1049974,1049986,1050028,1050161,1050213,1050343,1050462,1050547,1050704,1050723,1050764,1050767,1050785,1050876,1050901,1051032,1051045,1051126,1051233,1051355,1051403,1051410,1051478,1051482,1051504,1051528,1051572,1051595,1051628,1051644,1051655,1051669,1051676,1051679,1051699,1051778
102:1048593,1048606,1048623,1048641,1048668,1048673,1048676,1048688,1048689,1048695,1048698,1048699,1048719,1048770,1048797,1048805,1048808,1048818,1048840,1048895,1048897,1048908,1048912,1048971,1048972,1048980,1049036,1049104,1049133,1049160,1049201,1049250,1049303,1049306,1049372,1049536,1049539,1049639,1049640,1049641,1049659,1049663,1049670,1049689,1049709,1049710,1049735,1049738,1049740,1049760,1049762,1049779,1049798,1049807,1049809,1049810,1049812,1049833,1049850,1049857,1049864,1049865,1049906,1049909,1049920,1049923,1049937,1049962,1049964,1049965,1049989,1050039,1050051,1050098,1050117,1050126,1050139,1050188,1050226,1050227,1050230,1050240,1050245,1050271,1050301,1050313,1050331,1050332,1050345,1050361,1050370,1050382,1050399,1050429,1050435,1050461,1050497,1050508,1050511,1050522,1050534,1050548,1050549,1050567,1050608,1050628,1050639,1050654,1050682,1050686,1050713,1050714,1050716,1050760,1050769,1050777,1050779,1050795,1050802,1050808,1050828,1050889,1050914,1050921,1050998,1051008,1051028,1051034,1051066,1051070,1051108,1051134,1051161,1051167,1051173,1051196,1051197,1051198,1051200,1051223,1051226,1051267,1051276,1051323,1051362,1051376,1051394,1051396,1051409,1051433,1051463,1051472,1051504,1051519,1051543,1051579,1051580,1051602,1051628,1051629,1051641,1051655,1051674,1051685,1051725,1051748,1051750,1051768
118:1048595,1048614,1048645,1048653,1048664,1048670,1048671,1048686,1048687,1048695,1048706,1048750,1048752,1048801,1048900,1048906,1048910,1048917,1048963,1049025,1049070,1049072,1049110,1049111,1049161,1049218,1049222,1049330,1049468,1049525,1049538,1049578,1049588,1049606,1049623,1049658,1049685,1049722,1049763,1049771,1049781,1049849,1049853,1049855,1049874,1049883,1049922,1049939,1049940,1049945,1049954,1049956,1049962,1049963,1049976,1049977,1049981,1050016,1050019,1050028,1050048,1050070,1050085,1050086,1050087,1050100,1050118,1050174,1050176,1050177,1050211,1050239,1050248,1050267,1050296,1050319,1050338,1050381,1050423,1050441,1050463,1050485,1050517,1050521,1050530,1050531,1050553,1050575,1050576,1050638,1050650,1050666,1050687,1050704,1050733,1050739,1050740,1050746,1050761,1050780,1050781,1050782,1050791,1050811,1050823,1050843,1050850,1050859,1050898,1050913,1050916,1050919,1050928,1050937,1050983,1050984,1051003,1051049,1051062,1051082,1051091,1051114,1051142,1051181,1051217,1051221,1051228,1051231,1051334,1051375,1051377,1051382,1051402,1051518,1051590,1051652,1051663,1051666,1051696,1051713,1051765,1051774,1051775
134:1048597,1049621,1050354,1050360,1050495,1050767,1050852,1050869,1051133,1051178,1051478,1051516,1051556,1051631,1051649,1051749
150:1048600,1048696,1048851,1049624,1050803,1051546
166:1048604,1048605,1048687,1048699,1048700,1048701,1048702,1048703,1048704,1048705,1048706,1048707,1048708,1048709,1048714,1048715,1048724,1048725,1048726,1048727,1048733,1048734,1048735,1048743,1048747,1048752,1048753,1048754,1048755,1048756,1048757,1048760,1048761,1048771,1048774,1048775,1048776,1048787,1048789,1048799,1048801,1048802,1048803,1048819,1048820,1048821,1048822,1048828,1048830,1048831,1048832,1048833,1048834,1048835,1048839,1048845,1048859,1048864,1048865,1048874,1048876,1048877,1048879,1048880,1048881,1048882,1048883,1048884,1048885,1048886,1048891,1048896,1048899,1048900,1048901,1048902,1048903,1048913,1048914,1048915,1048916,1048917,1048918,1048919,1048920,1048921,1048922,1048923,1048925,1048926,1048927,1048928,1048929,1048930,1048931,1048932,1048933,1048934,1048935,1048943,1048944,1048945,1048946,1048947,1048948,1048949,1048950,1048951,1048952,1048959,1048960,1048961,1048962,1048963,1048964,1048965,1048980,1048984,1048993,1048994,1048995,1048996,1048997,1048998,1048999,1049000,1049001,1049002,1049003,1049004,1049005,1049006,1049007,1049017,1049018,1049019,1049020,1049021,1049023,1049024,1049025,1049026,1049027,1049028,1049029,1049030,1049031,1049033,1049034,1049035,1049040,1049041,1049042,1049043,1049044,1049045,1049046,1049047,1049048,1049054,1049059,1049060,1049061,1049062,1049073,1049074,1049075,1049076,1049077,1049078,1049079,1049080,1049081,1049082,1049083,1049084,1049085,1049086,1049087,1049088,1049089,1049090,1049091,1049092,1049093,1049094,1049095,1049096,1049097,1049098,1049099,1049113,1049114,1049115,1049116,1049117,1049118,1049119,1049120,1049121,1049122,1049125,1049126,1049127,1049128,1049129,1049130,1049133,1049137,1049138,1049139,1049140,1049141,1049142,1049143,1049144,1049145,1049146,1049147,1049148,1049149,1049150,1049151,1049152,1049153,1049154,1049155,1049159,1049161,1049162,1049163,1049164,1049165,1049166,1049183,1049184,1049185,1049186,1049187,1049188,1049189,1049195,1049196,1049197,1049198,1049199,1049200,1049203,1049213,1049214,1049215,1049216,1049220,1049221,1049222,1049223,1049224,1049225,1049234,1049237,1049238,1049239,1049240,1049241,1049242,1049243,1049252,1049255,1049259,1049260,1049261,1049262,1049263,1049275,1049276,1049277,1049278,1049279,1049280,1049281,1049282,1049283,1049284,1049285,1049286,1049287,1049288,1049289,1049290,1049291,1049292,1049294,1049307,1049308,1049309,1049310,1049311,1049312,1049313,1049314,1049315,1049316,1049317,1049318,1049319,1049320,1049321,1049322,1049339,1049340,1049341,1049342,1049343,1049344,1049345,1049346,1049347,1049348,1049349,1049350,1049351,1049352,1049353,1049354,1049355,1049356,1049357,1049358,1049359,1049360,1049361,1049362,1049363,1049364,1049365,1049376,1049377,1049378,1049379,1049380,1049382,1049383,1049384,1049385,1049386,1049387,1049388,1049389,1049390,1049391,1049392,1049406,1049407,1049409,1049410,1049411,1049412,1049413,1049414,1049415,1049416,1049417,1049418,1049442,1049444,1049445,1049446,1049447,1049448,1049449,1049450,1049451,1049452,1049453,1049454,1049456,1049457,1049458,1049459,1049460,1049461,1049462,1049463,1049473,1049474,1049475,1049476,1049477,1049478,1049479,1049480,1049481,1049482,1049496,1049497,1049498,1049499,1049501,1049507,1049508,1049509,1049510,1049511,1049512,1049513,1049514,1049525,1049526,1049540,1049541,1049542,1049543,1049544,1049545,1049551,1049552,1049553,1049554,1049566,1049567,1049568,1049569,1049570,1049571,1049579,1049580,1049586,1049587,1049590,1049593,1049594,1049595,1049596,1049597,1049598,1049612,1049613,1049614,1049615,1049616,1049617,1049629,1049630,1049631,1049632,1049633,1049634,1049635,1049636,1049641,1049647,1049649,1049650,1049651,1049652,1049653,1049654,1049655,1049656,1049657,1049663,1049665,1049666,1049667,1049668,1049669,1049672,1049697,1049698,1049699,1049700,1049701,1049702,1049703,1049704,1049720,1049722,1049731,1049732,1049744,1049746,1049747,1049749,1049750,1049751,1049752,1049753,1049764,1049765,1049766,1049767,1049768,1049772,1049776,1049777,1049778,1049792,1049793,1049794,1049795,1049796,1049797,1049802,1049803,1049804,1049810,1049812,1049814,1049815,1049816,1049817,1049840,1049843,1049844,1049858,1049860,1049861,1049862,1049869,1049871,1049872,1049873,1049874,1049875,1049879,1049891,1049892,1049893,1049894,1049895,1049896,1049897,1049901,1049908,1049917,1049918,1049921,1049925,1049930,1049931,1049932,1049945,1049946,1049947,1049948,1049949,1049950,1049951,1049952,1049953,1049961,1049967,1049968,1049970,1049972,1049973,1049980,1049981,1049982,1049986,1049993,1049994,1049998,1050004,1050006,1050008,1050009,1050011,1050012,1050019,1050021,1050023,1050024,1050025,1050026,1050027,1050028,1050030,1050043,1050053,1050054,1050055,1050056,1050066,1050067,1050068,1050069,1050070,1050074,1050075,1050076,1050079,1050085,1050087,1050088,1050095,1050096,1050097,1050099,1050100,1050104,1050112,1050113,1050114,1050115,1050117,1050122,1050124,1050126,1050130,1050131,1050132,1050133,1050134,1050135,1050136,1050137,1050139,1050147,1050148,1050149,1050150,1050151,1050152,1050153,1050154,1050155,1050156,1050157,1050158,1050159,1050160,1050161,1050167,1050169,1050170,1050171,1050172,1050173,1050174,1050175,1050176,1050181,1050182,1050184,1050186,1050187,1050188,1050190,1050192,1050193,1050194,1050197,1050199,1050201,1050214,1050215,1050223,1050233,1050235,1050236,1050239,1050241,1050242,1050243,1050244,1050254,1050259,1050262,1050263,1050264,1050265,1050269,1050271,1050279,1050280,1050284,1050288,1050289,1050290,1050291,1050292,1050293,1050298,1050302,1050303,1050304,1050305,1050306,1050307,1050308,1050309,1050314,1050319,1050327,1050333,1050334,1050335,1050336,1050337,1050338,1050343,1050350,1050351,1050352,1050353,1050354,1050355,1050362,1050364,1050365,1050366,1050371,1050372,1050373,1050374,1050375,1050376,1050377,1050378,1050379,1050380,1050381,1050388,1050389,1050390,1050391,1050392,1050393,1050394,1050395,1050396,1050397,1050398,1050399,1050400,1050401,1050411,1050412,1050413,1050414,1050415,1050416,1050417,1050422,1050423,1050424,1050425,1050426,1050427,1050428,1050432,1050433,1050438,1050439,1050440,1050441,1050445,1050448,1050452,1050455,1050456,1050457,1050458,1050459,1050460,1050461,1050468,1050469,1050470,1050471,1050472,1050473,1050474,1050480,1050485,1050488,1050489,1050490,1050492,1050493,1050494,1050495,1050496,1050499,1050505,1050508,1050509,1050515,1050516,1050517,1050518,1050519,1050521,1050523,1050527,1050528,1050529,1050530,1050531,1050532,1050534,1050536,1050542,1050543,1050544,1050547,1050548,1050550,1050554,1050555,1050556,1050557,1050558,1050559,1050560,1050561,1050562,1050563,1050565,1050568,1050569,1050570,1050571,1050579,1050582,1050583,1050584,1050585,1050586,1050587,1050588,1050589,1050600,1050601,1050602,1050603,1050604,1050605,1050606,1050610,1050612,1050613,1050614,1050615,1050616,1050617,1050618,1050619,1050620,1050622,1050627,1050628,1050630,1050631,1050632,1050633,1050635,1050636,1050646,1050647,1050648,1050649,1050650,1050651,1050656,1050663,1050664,1050665,1050667,1050669,1050673,1050674,1050675,1050676,1050677,1050678,1050679,1050685,1050686,1050689,1050693,1050694,1050695,1050696,1050697,1050698,1050699,1050700,1050703,1050706,1050707,1050708,1050709,1050710,1050712,1050713,1050716,1050717,1050718,1050719,1050720,1050721,1050724,1050730,1050731,1050733,1050736,1050739,1050741,1050742,1050747,1050748,1050749,1050752,1050760,1050761,1050764,1050766,1050769,1050770,1050774,1050775,1050780,1050781,1050782,1050783,1050784,1050788,1050791,1050794,1050795,1050797,1050798,1050799,1050800,1050801,1050802,1050806,1050807,1050809,1050810,1050811,1050812,1050813,1050814,1050815,1050816,1050817,1050818,1050819,1050820,1050828,1050834,1050835,1050838,1050841,1050842,1050844,1050845,1050847,1050848,1050849,1050851,1050858,1050859,1050860,1050862,1050864,1050865,1050866,1050875,1050876,1050881,1050889,1050898,1050899,1050900,1050905,1050906,1050907,1050908,1050909,1050910,1050911,1050912,1050915,1050919,1050921,1050922,1050923,1050924,1050925,1050930,1050936,1050937,1050938,1050939,1050941,1050943,1050948,1050950,1050959,1050960,1050963,1050964,1050966,1050967,1050968,1050970,1050976,1050977,1050978,1050979,1050980,1050984,1050987,1050988,1050989,1050990,1050991,1050992,1050993,1050994,1050995,1050996,1051001,1051002,1051003,1051004,1051005,1051006,1051007,1051008,1051010,1051012,1051015,1051016,1051017,1051018,1051019,1051020,1051021,1051025,1051026,1051028,1051029,1051033,1051034,1051035,1051036,1051037,1051038,1051039,1051040,1051041,1051042,1051043,1051047,1051048,1051049,1051050,1051058,1051059,1051064,1051065,1051073,1051074,1051080,1051081,1051082,1051083,1051084,1051085,1051086,1051087,1051088,1051090,1051095,1051096,1051097,1051099,1051103,1051104,1051105,1051112,1051114,1051116,1051120,1051121,1051123,1051124,1051125,1051129,1051130,1051132,1051136,1051137,1051138,1051139,1051140,1051141,1051143,1051145,1051154,1051160,1051163,1051164,1051165,1051166,1051171,1051173,1051175,1051176,1051177,1051181,1051186,1051187,1051188,1051189,1051190,1051202,1051203,1051205,1051210,1051211,1051212,1051213,1051214,1051215,1051216,1051217,1051220,1051221,1051222,1051227,1051228,1051229,1051230,1051232,1051240,1051243,1051244,1051245,1051249,1051250,1051251,1051252,1051253,1051254,1051261,1051266,1051267,1051268,1051269,1051270,1051273,1051276,1051277,1051278,1051287,1051289,1051290,1051291,1051297,1051298,1051300,1051320,1051321,1051325,1051326,1051327,1051329,1051334,1051335,1051336,1051337,1051338,1051341,1051342,1051343,1051344,1051346,1051349,1051350,1051354,1051355,1051356,1051358,1051359,1051360,1051362,1051364,1051365,1051366,1051367,1051368,1051369,1051376,1051382,1051387,1051394,1051399,1051402,1051403,1051404,1051405,1051406,1051407,1051408,1051409,1051410,1051411,1051412,1051413,1051415,1051430,1051432,1051433,1051435,1051437,1051438,1051455,1051458,1051459,1051461,1051462,1051465,1051477,1051478,1051479,1051487,1051488,1051491,1051499,1051500,1051502,1051504,1051511,1051516,1051523,1051525,1051528,1051529,1051530,1051538,1051541,1051543,1051544,1051548,1051561,1051562,1051569,1051572,1051581,1051593,1051595,1051607,1051608,1051609,1051611,1051612,1051613,1051615,1051629,1051630,1051632,1051636,1051640,1051642,1051644,1051646,1051649,1051650,1051654,1051657,1051660,1051669,1051670,1051675,1051681,1051688,1051689,1051691,1051693,1051699,1051700,1051706,1051707,1051709,1051710,1051713,1051714,1051716,1051718,1051725,1051726,1051727,1051728,1051729,1051731,1051737,1051738,1051739,1051740,1051741,1051747,1051750,1051751,1051759,1051762,1051766,1051767
182:1048607,1049734,1050363
198:1048611,1049405,1049863,1050947
214:1048615
230:1048615,1048667,1048686,1048816,1048827,1048895,1048910,1048984,1049246,1049270,1049306,1049397,1049423,1049424,1049436,1049577,1049587,1049603,1049626,1049673,1049686,1049690,1049718,1049728,1049739,1049740,1049747,1049763,1049770,1049800,1049812,1049884,1049929,1049941,1049943,1049965,1049969,1049971,1049987,1050004,1050049,1050051,1050064,1050079,1050094,1050103,1050116,1050128,1050170,1050190,1050213,1050218,1050221,1050222,1050246,1050300,1050343,1050367,1050400,1050402,1050409,1050419,1050422,1050431,1050450,1050452,1050486,1050487,1050500,1050507,1050511,1050547,1050578,1050622,1050629,1050667,1050682,1050685,1050686,1050723,1050727,1050752,1050753,1050755,1050771,1050772,1050775,1050777,1050785,1050795,1050804,1050806,1050808,1050822,1050838,1050843,1050891,1050917,1050942,1050948,1050949,1050950,1050952,1050964,1050981,1051010,1051013,1051045,1051055,1051073,1051090,1051092,1051101,1051109,1051113,1051116,1051121,1051134,1051135,1051155,1051195,1051203,1051207,1051226,1051239,1051260,1051277,1051316,1051359,1051370,1051381,1051395,1051396,1051409,1051464,1051473,1051486,1051489,1051532,1051533,1051554,1051560,1051562,1051576,1051577,1051580,1051606,1051608,1051613,1051616,1051620,1051630,1051640,1051645,1051647,1051651,1051652,1051663,1051665,1051668,1051680,1051682,1051686,1051695,1051700,1051702,1051739,1051757
246:1048615,1048621,1048643,1048645,1048646,1048667,1048670,1048671,1048679,1048686,1048719,1048760,1048797,1048799,1048818,1048826,1048847,1048853,1048878,1048894,1048895,1048896,1048897,1048904,1048907,1048910,1048942,1048955,1048971,1048984,1048992,1049015,1049016,1049058,1049070,1049072,1049102,1049106,1049108,1049111,1049170,1049171,1049190,1049191,1049193,1049194,1049205,1049236,1049245,1049246,1049250,1049252,1049253,1049254,1049266,1049269,1049270,1049271,1049273,1049292,1049299,1049301,1049302,1049305,1049306,1049333,1049334,1049336,1049371,1049374,1049397,1049400,1049402,1049424,1049425,1049430,1049432,1049440,1049442,1049467,1049468,1049524,1049526,1049536,1049537,1049538,1049539,1049546,1049547,1049556,1049565,1049573,1049576,1049577,1049578,1049584,1049585,1049587,1049588,1049603,1049605,1049607,1049620,1049623,1049624,1049625,1049626,1049627,1049637,1049641,1049642,1049646,1049658,1049662,1049673,1049674,1049683,1049684,1049686,1049689,1049691,1049697,1049709,1049710,1049718,1049719,1049720,1049722,1049723,1049729,1049730,1049733,1049734,1049739,1049740,1049741,1049742,1049744,1049745,1049747,1049754,1049755,1049757,1049759,1049760,1049761,1049763,1049769,1049770,1049771,1049772,1049774,1049775,1049781,1049785,1049788,1049790,1049799,1049800,1049801,1049805,1049808,1049809,1049810,1049811,1049812,1049826,1049827,1049828,1049830,1049834,1049837,1049838,1049839,1049840,1049845,1049846,1049847,1049855,1049863,1049868,1049869,1049870,1049879,1049881,1049883,1049884,1049889,1049890,1049899,1049900,1049901,1049902,1049906,1049909,1049916,1049919,1049921,1049923,1049924,1049925,1049926,1049927,1049928,1049933,1049937,1049940,1049941,1049944,1049954,1049956,1049957,1049959,1049961,1049962,1049963,1049965,1049967,1049968,1049969,1049970,1049971,1049973,1049975,1049976,1049979,1049985,1049986,1049988,1049990,1049992,1049998,1050000,1050002,1050004,1050006,1050008,1050010,1050014,1050015,1050016,1050018,1050020,1050029,1050031,1050032,1050033,1050034,1050035,1050039,1050043,1050045,1050046,1050049,1050051,1050057,1050058,1050059,1050060,1050061,1050062,1050063,1050064,1050066,1050070,1050077,1050078,1050079,1050081,1050082,1050089,1050090,1050091,1050092,1050100,1050101,1050103,1050108,1050109,1050115,1050117,1050118,1050123,1050124,1050125,1050126,1050141,1050142,1050143,1050145,1050147,1050161,1050162,1050163,1050164,1050165,1050166,1050169,1050170,1050176,1050179,1050183,1050184,1050185,1050186,1050187,1050188,1050189,1050190,1050191,1050194,1050195,1050196,1050199,1050200,1050201,1050203,1050204,1050205,1050206,1050207,1050208,1050209,1050211,1050212,1050213,1050217,1050220,1050221,1050224,1050225,1050228,1050229,1050233,1050234,1050239,1050240,1050246,1050247,1050248,1050249,1050250,1050251,1050252,1050253,1050254,1050255,1050256,1050259,1050261,1050268,1050270,1050271,1050272,1050273,1050274,1050275,1050281,1050282,1050283,1050285,1050286,1050288,1050292,1050293,1050294,1050295,1050296,1050297,1050298,1050300,1050301,1050302,1050303,1050313,1050314,1050315,1050317,1050318,1050320,1050322,1050323,1050324,1050325,1050326,1050327,1050328,1050339,1050340,1050341,1050343,1050344,1050345,1050346,1050349,1050350,1050356,1050357,1050358,1050360,1050363,1050367,1050380,1050381,1050382,1050383,1050385,1050386,1050399,1050400,1050401,1050402,1050403,1050404,1050409,1050410,1050418,1050419,1050421,1050422,1050428,1050429,1050430,1050431,1050434,1050436,1050437,1050443,1050444,1050445,1050446,1050448,1050449,1050450,1050452,1050453,1050454,1050459,1050460,1050461,1050463,1050464,1050465,1050466,1050467,1050475,1050476,1050480,1050481,1050482,1050483,1050485,1050486,1050490,1050491,1050499,1050502,1050503,1050504,1050505,1050507,1050508,1050511,1050512,1050513,1050514,1050520,1050521,1050522,1050523,1050526,1050531,1050532,1050534,1050535,1050536,1050537,1050548,1050549,1050552,1050553,1050564,1050574,1050575,1050576,1050577,1050578,1050579,1050590,1050591,1050592,1050595,1050606,1050607,1050608,1050609,1050610,1050621,1050628,1050629,1050634,1050635,1050636,1050637,1050639,1050640,1050652,1050653,1050655,1050656,1050666,1050667,1050668,1050669,1050670,1050672,1050682,1050683,1050684,1050686,1050687,1050688,1050689,1050700,1050701,1050702,1050705,1050709,1050710,1050713,1050715,1050716,1050717,1050719,1050721,1050723,1050725,1050726,1050728,1050729,1050735,1050737,1050738,1050739,1050741,1050742,1050751,1050752,1050753,1050754,1050755,1050759,1050760,1050761,1050762,1050763,1050764,1050768,1050769,1050771,1050773,1050775,1050777,1050778,1050779,1050784,1050786,1050790,1050791,1050793,1050795,1050802,1050803,1050804,1050805,1050806,1050807,1050808,1050820,1050822,1050823,1050824,1050826,1050827,1050829,1050838,1050839,1050840,1050841,1050842,1050847,1050848,1050849,1050850,1050851,1050852,1050858,1050861,1050862,1050863,1050864,1050872,1050874,1050875,1050876,1050877,1050880,1050881,1050882,1050885,1050886,1050889,1050890,1050891,1050892,1050894,1050895,1050897,1050898,1050899,1050900,1050901,1050913,1050914,1050915,1050916,1050917,1050918,1050920,1050932,1050933,1050934,1050941,1050942,1050943,1050944,1050945,1050947,1050948,1050949,1050950,1050952,1050953,1050955,1050958,1050964,1050965,1050971,1050973,1050974,1050976,1050981,1050982,1050983,1050984,1050996,1050998,1051008,1051009,1051011,1051012,1051013,1051022,1051025,1051029,1051030,1051031,1051032,1051044,1051045,1051055,1051056,1051058,1051059,1051063,1051065,1051066,1051071,1051073,1051074,1051089,1051090,1051091,1051093,1051094,1051097,1051098,1051099,1051100,1051101,1051110,1051111,1051112,1051113,1051117,1051118,1051119,1051120,1051121,1051129,1051131,1051132,1051133,1051134,1051135,1051136,1051143,1051145,1051147,1051155,1051156,1051157,1051159,1051167,1051168,1051170,1051171,1051173,1051179,1051180,1051181,1051185,1051191,1051194,1051195,1051196,1051197,1051198,1051199,1051200,1051202,1051203,1051205,1051206,1051207,1051208,1051209,1051218,1051220,1051221,1051227,1051231,1051239,1051240,1051242,1051249,1051254,1051255,1051256,1051257,1051258,1051260,1051262,1051267,1051270,1051272,1051274,1051275,1051276,1051277,1051278,1051280,1051283,1051284,1051285,1051286,1051289,1051290,1051291,1051295,1051297,1051298,1051301,1051303,1051307,1051308,1051312,1051313,1051315,1051317,1051319,1051325,1051326,1051328,1051329,1051340,1051342,1051345,1051346,1051347,1051351,1051352,1051355,1051361,1051369,1051373,1051374,1051375,1051376,1051377,1051380,1051382,1051383,1051384,1051385,1051387,1051388,1051390,1051391,1051394,1051395,1051398,1051402,1051403,1051404,1051407,1051408,1051409,1051410,1051411,1051413,1051415,1051416,1051417,1051421,1051424,1051426,1051430,1051431,1051434,1051437,1051438,1051439,1051440,1051441,1051443,1051445,1051446,1051452,1051453,1051455,1051458,1051459,1051460,1051461,1051462,1051463,1051464,1051465,1051467,1051468,1051470,1051471,1051475,1051476,1051478,1051479,1051480,1051482,1051486,1051487,1051489,1051490,1051491,1051493,1051494,1051496,1051497,1051498,1051499,1051501,1051504,1051505,1051506,1051507,1051512,1051514,1051515,1051516,1051518,1051519,1051520,1051521,1051523,1051525,1051526,1051528,1051530,1051531,1051532,1051533,1051537,1051541,1051542,1051543,1051545,1051547,1051548,1051553,1051554,1051555,1051556,1051560,1051561,1051562,1051563,1051564,1051565,1051566,1051568,1051571,1051573,1051575,1051576,1051577,1051579,1051581,1051583,1051585,1051587,1051588,1051589,1051590,1051592,1051593,1051595,1051596,1051597,1051600,1051601,1051602,1051606,1051608,1051609,1051610,1051611,1051613,1051614,1051616,1051617,1051619,1051621,1051623,1051627,1051628,1051629,1051630,1051631,1051633,1051634,1051639,1051640,1051642,1051643,1051644,1051645,1051647,1051648,1051651,1051652,1051653,1051655,1051656,1051658,1051659,1051660,1051661,1051662,1051663,1051665,1051666,1051669,1051671,1051672,1051673,1051674,1051675,1051676,1051677,1051678,1051680,1051684,1051687,1051690,1051691,1051694,1051695,1051696,1051699,1051700,1051702,1051703,1051704,1051705,1051706,1051707,1051709,1051710,1051711,1051713,1051714,1051717,1051718,1051721,1051722,1051723,1051724,1051728,1051732,1051735,1051737,1051739,1051741,1051745,1051747,1051748,1051750,1051755,1051757,1051758,1051765,1051769,1051773,1051774,1051775,1051776,1051777,1051779
262:1048615,1048634,1048643,1048648,1048659,1048661,1048670,1048681,1048698,1048777,1048826,1048827,1048847,1048853,1048908,1048955,1048969,1048971,1048984,1048986,1048989,1049010,1049036,1049049,1049103,1049104,1049108,1049160,1049168,1049170,1049172,1049180,1049191,1049192,1049229,1049231,1049245,1049250,1049271,1049273,1049400,1049424,1049426,1049430,1049467,1049517,1049519,1049547,1049556,1049562,1049577,1049578,1049587,1049592,1049608,1049609,1049618,1049626,1049640,1049641,1049663,1049673,1049683,1049693,1049710,1049718,1049735,1049736,1049755,1049756,1049770,1049779,1049781,1049799,1049801,1049822,1049827,1049830,1049835,1049842,1049845,1049846,1049847,1049856,1049865,1049866,1049877,1049882,1049884,1049899,1049901,1049902,1049934,1049935,1049942,1049960,1049964,1049973,1049985,1049986,1049987,1049992,1049999,1050006,1050008,1050010,1050011,1050014,1050032,1050038,1050040,1050045,1050051,1050060,1050064,1050078,1050082,1050090,1050091,1050092,1050102,1050108,1050109,1050118,1050123,1050127,1050145,1050146,1050162,1050163,1050179,1050180,1050189,1050201,1050202,1050212,1050216,1050224,1050225,1050226,1050246,1050252,1050255,1050256,1050268,1050270,1050276,1050284,1050285,1050286,1050294,1050303,1050311,1050317,1050328,1050332,1050343,1050344,1050355,1050386,1050402,1050403,1050410,1050435,1050436,1050443,1050450,1050477,1050491,1050497,1050504,1050512,1050522,1050525,1050526,1050531,1050534,1050548,1050552,1050553,1050577,1050591,1050598,1050608,1050621,1050626,1050635,1050637,1050639,1050640,1050653,1050656,1050658,1050667,1050677,1050680,1050688,1050692,1050713,1050716,1050722,1050730,1050744,1050751,1050753,1050759,1050763,1050771,1050773,1050777,1050779,1050786,1050792,1050793,1050808,1050820,1050827,1050828,1050829,1050850,1050861,1050874,1050875,1050885,1050888,1050889,1050895,1050896,1050916,1050917,1050933,1050941,1050947,1050977,1050981,1050996,1050999,1051008,1051025,1051026,1051027,1051030,1051045,1051059,1051060,1051063,1051068,1051069,1051091,1051097,1051122,1051136,1051152,1051157,1051159,1051168,1051169,1051195,1051197,1051198,1051209,1051221,1051226,1051242,1051257,1051263,1051274,1051285,1051288,1051290,1051291,1051292,1051293,1051297,1051302,1051306,1051309,1051325,1051340,1051354,1051362,1051373,1051374,1051376,1051386,1051390,1051392,1051394,1051396,1051397,1051398,1051407,1051421,1051424,1051426,1051439,1051452,1051457,1051462,1051463,1051468,1051469,1051481,1051486,1051487,1051498,1051506,1051511,1051512,1051514,1051515,1051516,1051520,1051526,1051531,1051532,1051533,1051535,1051537,1051541,1051542,1051544,1051546,1051550,1051552,1051568,1051574,1051577,1051583,1051587,1051597,1051598,1051606,1051607,1051614,1051623,1051624,1051641,1051642,1051643,1051644,1051647,1051652,1051662,1051670,1051676,1051678,1051679,1051680,1051684,1051690,1051693,1051695,1051699,1051707,1051708,1051713,1051717,1051722,1051724,1051726,1051727,1051733,1051740,1051741,1051742,1051752
278:1048615,1048627,1048663,1048681,1048692,1048699,1048724,1048739,1048842,1048897,1048907,1048980,1049016,1049173,1049328,1049371,1049424,1049425,1049430,1049436,1049515,1049605,1049607,1049620,1049641,1049658,1049690,1049709,1049710,1049720,1049721,1049747,1049791,1049798,1049800,1049801,1049809,1049813,1049840,1049845,1049854,1049884,1049886,1049889,1049919,1049921,1049925,1049927,1049961,1049964,1049978,1049983,1050004,1050006,1050008,1050037,1050040,1050071,1050117,1050124,1050127,1050147,1050185,1050187,1050197,1050202,1050222,1050226,1050240,1050252,1050268,1050269,1050273,1050283,1050292,1050297,1050300,1050313,1050317,1050362,1050363,1050382,1050385,1050386,1050415,1050420,1050422,1050461,1050476,1050494,1050504,1050505,1050522,1050525,1050532,1050536,1050544,1050548,1050555,1050572,1050578,1050610,1050639,1050656,1050680,1050683,1050685,1050686,1050693,1050701,1050703,1050713,1050730,1050737,1050742,1050744,1050752,1050760,1050764,1050777,1050822,1050826,1050851,1050883,1050889,1050940,1050948,1050949,1050975,1050995,1051026,1051029,1051037,1051065,1051074,1051075,1051083,1051088,1051099,1051109,1051118,1051122,1051130,1051134,1051142,1051144,1051160,1051170,1051173,1051184,1051198,1051200,1051220,1051226,1051231,1051245,1051291,1051295,1051297,1051308,1051309,1051314,1051321,1051323,1051324,1051359,1051362,1051376,1051408,1051409,1051413,1051430,1051431,1051432,1051460,1051461,1051467,1051478,1051486,1051506,1051511,1051519,1051521,1051525,1051533,1051543,1051561,1051573,1051576,1051580,1051602,1051615,1051616,1051639,1051642,1051645,1051649,1051658,1051665,1051669,1051670,1051678,1051681,1051685,1051689,1051696,1051702,1051713,1051714,1051722,1051727,1051729,1051742
294:1048619,1048772,1048829,1048869,1048896,1049011,1049182,1049252,1049303,1049913,1050106,1050400,1050685,1050754,1050881,1050917,1051148,1051220,1051278,1051478,1051595
310:1048621,1048760,1050608,1050864,1050954,1051008,1051272,1051291,1051498,1051520,1051607
326:1048621,1048623,1048681,1048760,1048777,1048799,1048817,1048827,1048840,1048847,1048856,1048859,1048896,1048980,1049015,1049016,1049039,1049102,1049106,1049133,1049190,1049212,1049219,1049236,1049246,1049250,1049254,1049266,1049270,1049273,1049274,1049292,1049301,1049303,1049305,1049306,1049400,1049422,1049425,1049426,1049431,1049442,1049467,1049468,1049517,1049555,1049556,1049583,1049585,1049588,1049589,1049590,1049600,1049606,1049609,1049619,1049620,1049621,1049626,1049637,1049642,1049658,1049663,1049674,1049683,1049685,1049687,1049688,1049689,1049691,1049692,1049696,1049719,1049722,1049728,1049739,1049743,1049747,1049748,1049754,1049759,1049760,1049769,1049774,1049775,1049781,1049785,1049786,1049790,1049798,1049799,1049800,1049801,1049806,1049810,1049811,1049827,1049836,1049838,1049840,1049847,1049848,1049854,1049856,1049867,1049868,1049869,1049870,1049879,1049880,1049882,1049883,1049889,1049898,1049899,1049901,1049923,1049925,1049933,1049937,1049943,1049944,1049962,1049963,1049965,1049968,1049969,1049971,1049990,1049991,1049996,1049999,1050001,1050003,1050004,1050028,1050029,1050030,1050031,1050032,1050035,1050044,1050045,1050049,1050051,1050059,1050060,1050066,1050073,1050077,1050082,1050091,1050093,1050094,1050098,1050103,1050105,1050109,1050117,1050118,1050119,1050140,1050144,1050146,1050147,1050162,1050165,1050166,1050168,1050169,1050177,1050178,1050183,1050186,1050190,1050194,1050195,1050196,1050197,1050199,1050200,1050201,1050202,1050204,1050206,1050207,1050208,1050212,1050216,1050219,1050221,1050225,1050226,1050232,1050234,1050239,1050240,1050246,1050249,1050252,1050253,1050254,1050255,1050256,1050257,1050268,1050272,1050281,1050285,1050294,1050296,1050299,1050300,1050303,1050310,1050314,1050323,1050324,1050328,1050340,1050343,1050345,1050346,1050349,1050362,1050363,1050367,1050399,1050400,1050401,1050402,1050404,1050410,1050411,1050419,1050420,1050421,1050427,1050428,1050430,1050433,1050436,1050437,1050444,1050445,1050454,1050465,1050467,1050481,1050482,1050483,1050487,1050498,1050502,1050503,1050504,1050510,1050512,1050513,1050522,1050523,1050526,1050535,1050537,1050551,1050552,1050563,1050564,1050577,1050578,1050579,1050591,1050624,1050626,1050627,1050634,1050636,1050639,1050653,1050655,1050656,1050658,1050667,1050680,1050685,1050687,1050688,1050701,1050712,1050713,1050714,1050717,1050730,1050737,1050738,1050739,1050740,1050741,1050742,1050743,1050751,1050755,1050761,1050764,1050767,1050770,1050771,1050773,1050782,1050784,1050793,1050802,1050804,1050822,1050828,1050829,1050839,1050841,1050843,1050848,1050849,1050872,1050874,1050878,1050879,1050880,1050882,1050886,1050889,1050929,1050932,1050942,1050943,1050944,1050945,1050946,1050949,1050950,1050952,1050953,1050954,1050955,1050964,1050965,1050970,1050974,1050981,1050996,1050998,1051008,1051013,1051014,1051045,1051058,1051060,1051069,1051075,1051076,1051093,1051094,1051098,1051102,1051112,1051116,1051117,1051118,1051122,1051129,1051131,1051133,1051136,1051154,1051155,1051156,1051157,1051168,1051172,1051198,1051201,1051207,1051208,1051218,1051220,1051223,1051227,1051249,1051257,1051262,1051263,1051267,1051274,1051283,1051285,1051290,1051291,1051292,1051293,1051294,1051302,1051308,1051312,1051315,1051321,1051323,1051328,1051339,1051343,1051346,1051360,1051361,1051362,1051370,1051386,1051387,1051388,1051390,1051391,1051394,1051402,1051404,1051408,1051416,1051418,1051420,1051422,1051424,1051425,1051431,1051438,1051442,1051443,1051444,1051448,1051452,1051461,1051469,1051470,1051472,1051473,1051476,1051478,1051481,1051482,1051494,1051496,1051500,1051502,1051505,1051507,1051519,1051521,1051523,1051526,1051532,1051534,1051536,1051544,1051545,1051547,1051553,1051562,1051569,1051571,1051576,1051588,1051593,1051595,1051598,1051599,1051600,1051603,1051605,1051606,1051607,1051609,1051620,1051622,1051623,1051624,1051629,1051635,1051641,1051645,1051649,1051655,1051662,1051669,1051675,1051676,1051682,1051684,1051686,1051689,1051695,1051703,1051709,1051712,1051714,1051721,1051723,1051726,1051746,1051747,1051749,1051772,1051775
342:1048623,1048916,1049423,1049730,1050005,1050179,1050209,1050216,1050280,1050713,1050791,1050955,1050996,1051072,1051130,1051199,1051321,1051376,1051564,1051573,1051580,1051600,1051669
358:1048623,1048634,1048638,1048643,1048646,1048657,1048659,1048661,1048679,1048691,1048698,1048712,1048719,1048721,1048760,1048799,1048811,1048816,1048818,1048853,1048859,1048896,1048897,1048904,1048972,1048984,1049010,1049016,1049037,1049102,1049106,1049108,1049190,1049192,1049194,1049230,1049250,1049252,1049253,1049270,1049271,1049299,1049301,1049306,1049333,1049433,1049436,1049440,1049464,1049466,1049470,1049524,1049525,1049547,1049548,1049556,1049578,1049583,1049588,1049589,1049590,1049600,1049604,1049623,1049626,1049627,1049646,1049658,1049684,1049686,1049688,1049692,1049710,1049714,1049718,1049720,1049729,1049730,1049733,1049736,1049737,1049740,1049741,1049757,1049760,1049763,1049769,1049770,1049775,1049791,1049798,1049805,1049808,1049810,1049811,1049812,1049822,1049823,1049828,1049830,1049834,1049836,1049837,1049839,1049840,1049842,1049847,1049863,1049865,1049870,1049881,1049882,1049883,1049884,1049889,1049898,1049899,1049908,1049909,1049916,1049921,1049925,1049929,1049937,1049941,1049954,1049955,1049956,1049959,1049960,1049962,1049964,1049965,1049966,1049968,1049973,1049977,1049983,1049984,1049985,1049988,1049990,1049995,1050003,1050004,1050008,1050020,1050028,1050029,1050030,1050031,1050035,1050039,1050040,1050042,1050043,1050044,1050045,1050057,1050060,1050062,1050063,1050066,1050070,1050072,1050081,1050089,1050090,1050094,1050099,1050102,1050104,1050105,1050109,1050111,1050119,1050125,1050127,1050139,1050164,1050165,1050166,1050167,1050177,1050178,1050179,1050180,1050183,1050185,1050187,1050190,1050191,1050203,1050205,1050211,1050212,1050213,1050216,1050222,1050224,1050225,1050226,1050227,1050228,1050229,1050232,1050239,1050240,1050246,1050251,1050253,1050255,1050259,1050268,1050270,1050273,1050275,1050280,1050283,1050286,1050293,1050294,1050300,1050301,1050314,1050316,1050317,1050326,1050329,1050343,1050344,1050345,1050349,1050360,1050361,1050363,1050380,1050399,1050403,1050419,1050420,1050421,1050422,1050427,1050429,1050431,1050436,1050437,1050444,1050449,1050459,1050460,1050467,1050475,1050480,1050483,1050485,1050490,1050491,1050498,1050499,1050500,1050503,1050507,1050511,1050512,1050513,1050514,1050520,1050532,1050536,1050537,1050547,1050549,1050551,1050552,1050553,1050563,1050572,1050573,1050575,1050577,1050595,1050606,1050608,1050610,1050611,1050617,1050621,1050626,1050627,1050628,1050629,1050634,1050635,1050640,1050641,1050655,1050656,1050657,1050671,1050672,1050681,1050682,1050687,1050689,1050700,1050704,1050710,1050712,1050713,1050720,1050725,1050728,1050729,1050752,1050753,1050754,1050759,1050760,1050761,1050762,1050763,1050769,1050771,1050772,1050773,1050775,1050776,1050777,1050778,1050779,1050782,1050783,1050789,1050790,1050791,1050792,1050793,1050794,1050801,1050802,1050803,1050804,1050805,1050807,1050808,1050822,1050823,1050824,1050827,1050828,1050849,1050850,1050852,1050879,1050882,1050885,1050889,1050899,1050900,1050916,1050917,1050919,1050928,1050929,1050932,1050933,1050934,1050944,1050947,1050949,1050950,1050952,1050953,1050954,1050963,1050976,1050981,1050998,1051000,1051008,1051010,1051012,1051013,1051025,1051026,1051027,1051029,1051031,1051044,1051045,1051046,1051055,1051058,1051059,1051061,1051066,1051071,1051073,1051074,1051075,1051076,1051088,1051089,1051101,1051112,1051117,1051120,1051121,1051122,1051129,1051130,1051131,1051132,1051148,1051156,1051168,1051172,1051195,1051197,1051198,1051200,1051206,1051209,1051225,1051231,1051232,1051241,1051242,1051244,1051255,1051259,1051261,1051263,1051267,1051273,1051274,1051275,1051277,1051278,1051284,1051285,1051286,1051296,1051297,1051298,1051302,1051305,1051307,1051313,1051314,1051315,1051317,1051324,1051325,1051340,1051362,1051369,1051374,1051377,1051381,1051382,1051385,1051386,1051394,1051395,1051402,1051404,1051407,1051408,1051411,1051413,1051416,1051418,1051420,1051421,1051423,1051424,1051425,1051430,1051431,1051433,1051434,1051437,1051440,1051441,1051442,1051443,1051446,1051453,1051454,1051455,1051458,1051461,1051463,1051464,1051468,1051469,1051472,1051477,1051481,1051482,1051486,1051488,1051489,1051490,1051491,1051493,1051495,1051496,1051497,1051502,1051504,1051506,1051518,1051519,1051521,1051525,1051526,1051531,1051532,1051534,1051536,1051537,1051544,1051545,1051547,1051552,1051553,1051556,1051561,1051563,1051565,1051566,1051569,1051574,1051576,1051577,1051579,1051580,1051583,1051588,1051589,1051590,1051592,1051593,1051596,1051600,1051603,1051605,1051607,1051611,1051612,1051613,1051614,1051615,1051616,1051617,1051618,1051622,1051623,1051624,1051627,1051629,1051631,1051635,1051639,1051641,1051642,1051643,1051647,1051654,1051655,1051656,1051658,1051666,1051667,1051669,1051672,1051673,1051674,1051676,1051678,1051679,1051680,1051681,1051683,1051686,1051690,1051691,1051692,1051699,1051702,1051705,1051708,1051709,1051711,1051715,1051717,1051721,1051722,1051724,1051725,1051728,1051729,1051732,1051738,1051742,1051750,1051754,1051755,1051756,1051757,1051760,1051765,1051769,1051770,1051774,1051775,1051776,1051777,1051779
374:1048623
390:1048623,1049246,1049924,1050047,1050146,1050164,1050340,1050464,1050756,1050772,1051061,1051385,1051610,1051651,1051735,1051758
406:1048626,1048787,1048824,1048878,1049013,1049677,1050028,1051770,1051772
422:1048629
438:1048633,1048638,1048645,1048646,1048653,1048679,1048681,1048777,1048818,1048826,1048827,1048840,1048851,1048857,1048878,1048896,1048967,1048972,1048992,1049016,1049039,1049054,1049067,1049072,1049106,1049133,1049171,1049190,1049194,1049205,1049250,1049254,1049270,1049296,1049301,1049371,1049423,1049426,1049429,1049442,1049519,1049525,1049538,1049546,1049547,1049555,1049561,1049576,1049583,1049587,1049607,1049621,1049624,1049626,1049638,1049641,1049660,1049674,1049696,1049709,1049774,1049801,1049808,1049822,1049823,1049825,1049828,1049840,1049842,1049847,1049856,1049863,1049865,1049867,1049869,1049879,1049880,1049881,1049882,1049898,1049900,1049921,1049929,1049937,1049940,1049941,1049943,1049955,1049956,1049969,1049972,1049983,1049985,1049988,1049990,1049997,1050000,1050005,1050008,1050010,1050028,1050029,1050033,1050038,1050043,1050048,1050049,1050051,1050060,1050061,1050062,1050063,1050065,1050072,1050079,1050080,1050090,1050091,1050092,1050093,1050099,1050100,1050102,1050103,1050106,1050123,1050124,1050126,1050147,1050191,1050194,1050198,1050201,1050203,1050233,1050239,1050250,1050259,1050277,1050285,1050288,1050294,1050297,1050300,1050302,1050320,1050326,1050329,1050339,1050363,1050380,1050383,1050401,1050409,1050443,1050454,1050460,1050480,1050483,1050486,1050505,1050506,1050511,1050512,1050520,1050551,1050553,1050572,1050595,1050599,1050605,1050608,1050622,1050624,1050636,1050644,1050655,1050656,1050669,1050671,1050705,1050715,1050727,1050730,1050735,1050738,1050740,1050741,1050743,1050744,1050745,1050749,1050750,1050761,1050769,1050771,1050772,1050773,1050777,1050784,1050790,1050801,1050805,1050806,1050807,1050821,1050822,1050828,1050829,1050837,1050840,1050863,1050864,1050872,1050876,1050885,1050889,1050891,1050893,1050895,1050902,1050917,1050929,1050930,1050931,1050942,1050943,1050944,1050952,1050953,1050954,1050965,1050975,1050981,1050995,1050998,1051008,1051012,1051013,1051014,1051026,1051028,1051030,1051032,1051045,1051055,1051057,1051068,1051076,1051092,1051100,1051112,1051116,1051117,1051130,1051132,1051143,1051144,1051146,1051154,1051156,1051167,1051169,1051170,1051172,1051173,1051178,1051195,1051197,1051198,1051199,1051201,1051202,1051204,1051207,1051218,1051219,1051221,1051227,1051235,1051245,1051258,1051259,1051274,1051276,1051279,1051282,1051283,1051284,1051285,1051289,1051290,1051292,1051294,1051296,1051297,1051303,1051304,1051312,1051313,1051314,1051315,1051317,1051319,1051321,1051324,1051325,1051328,1051339,1051352,1051360,1051361,1051362,1051369,1051375,1051378,1051379,1051387,1051391,1051392,1051404,1051408,1051417,1051418,1051421,1051422,1051423,1051425,1051427,1051431,1051434,1051435,1051439,1051440,1051442,1051444,1051445,1051446,1051451,1051452,1051453,1051457,1051458,1051460,1051461,1051462,1051464,1051468,1051472,1051473,1051474,1051475,1051477,1051486,1051488,1051490,1051494,1051496,1051498,1051500,1051511,1051512,1051514,1051515,1051519,1051520,1051521,1051523,1051525,1051533,1051536,1051541,1051545,1051547,1051548,1051552,1051563,1051564,1051569,1051573,1051576,1051577,1051587,1051589,1051590,1051591,1051595,1051598,1051599,1051603,1051605,1051606,1051607,1051608,1051609,1051618,1051624,1051625,1051629,1051632,1051633,1051634,1051635,1051641,1051645,1051648,1051651,1051653,1051655,1051658,1051660,1051668,1051669,1051670,1051672,1051676,1051678,1051679,1051680,1051685,1051686,1051691,1051692,1051693,1051704,1051707,1051709,1051714,1051722,1051723,1051725,1051735,1051738,1051747,1051748,1051749,1051750,1051752,1051754,1051763,1051767,1051769
454:1048633,1050419,1051721
470:1048636,1048680,1048984
486:1048638,1048678,1049039,1049160,1049250,1049299,1049423,1049583,1049621,1049641,1049720,1049785,1049890,1049957,1049996,1050020,1050043,1050047,1050091,1050098,1050195,1050252,1050323,1050464,1050475,1050681,1050729,1050772,1050808,1050879,1050888,1050892,1050897,1050899,1050902,1050932,1050945,1051025,1051159,1051314,1051379,1051398,1051418,1051427,1051481,1051537,1051603,1051610,1051651,1051717
502:1048640,1048846,1049491,1049563
518:1048643,1048741,1049194,1049327,1049442,1049729,1049954,1050009,1050048,1050197,1050511,1050710,1050720,1050721,1050995,1051029,1051058,1051074,1051122,1051231,1051287,1051294,1051312,1051448,1051500,1051585,1051617,1051640,1051652,1051689,1051728
534:1048643,1049958,1049959,1050437,1050762,1050877,1051071,1051203,1051513,1051579,1051694
550:1048645
566:1048646,1048653,1049269,1049270,1049426,1049429,1049430,1049433,1049471,1049609,1049610,1049622,1049673,1049710,1049745,1049800,1049801,1049832,1049834,1049842,1049879,1049883,1049941,1050002,1050008,1050032,1050038,1050051,1050082,1050101,1050127,1050147,1050179,1050180,1050203,1050266,1050270,1050327,1050380,1050383,1050441,1050459,1050500,1050511,1050530,1050578,1050592,1050609,1050635,1050683,1050726,1050760,1050762,1050777,1050793,1050811,1050852,1050872,1050878,1050958,1051008,1051067,1051109,1051167,1051242,1051257,1051263,1051295,1051328,1051340,1051360,1051391,1051435,1051439,1051448,1051467,1051503,1051560,1051575,1051666,1051667,1051698,1051710,1051711,1051757
582:1048646,1048678,1048972,1049205,1049658,1049692,1049809,1049857,1049973,1049990,1050001,1050037,1050051,1050094,1050167,1050183,1050246,1050254,1050386,1050419,1050430,1050505,1050513,1050548,1050622,1050808,1050822,1050894,1050971,1050996,1051030,1051031,1051074,1051110,1051181,1051218,1051221,1051240,1051270,1051284,1051298,1051325,1051328,1051403,1051463,1051497,1051546,1051568,1051627,1051649,1051687,1051717,1051727,1051778
598:1048646,1048670,1049194,1049299,1049547,1049662,1049673,1049747,1049847,1049940,1049992,1050044,1050046,1050125,1050240,1050320,1050449,1050595,1050608,1050655,1050772,1050895,1050933,1050948,1050950,1051201,1051209,1051274,1051424,1051445,1051468,1051487,1051499,1051518,1051520,1051531,1051533,1051565,1051573,1051586,1051597,1051641,1051677,1051691,1051747,1051756,1051769
614:1048652,1048891,1048983,1049680,1050436,1050520,1051388
630:1048653,1048678,1048760,1048847,1049015,1049070,1049072,1049106,1049170,1049190,1049192,1049424,1049549,1049641,1049663,1049718,1049735,1049801,1049833,1049853,1049916,1049941,1049954,1049987,1050008,1050033,1050034,1050037,1050040,1050045,1050064,1050110,1050147,1050188,1050197,1050251,1050275,1050302,1050316,1050317,1050359,1050381,1050420,1050464,1050505,1050550,1050595,1050621,1050626,1050627,1050725,1050750,1050785,1050820,1050889,1050894,1050896,1050944,1050996,1051054,1051055,1051134,1051255,1051278,1051279,1051301,1051312,1051314,1051325,1051341,1051420,1051430,1051446,1051463,1051500,1051524,1051526,1051532,1051589,1051592,1051625,1051633,1051639,1051651,1051704,1051778,1051779
646:1048654
662:1048659,1048896,1049299,1049687,1050506
678:1048667
694:1048667,1048777,1048780,1048992,1049015,1049037,1049180,1049230,1049399,1049443,1049466,1049549,1049565,1049607,1049610,1049674,1049688,1049722,1049730,1049740,1049742,1049748,1049759,1049763,1049827,1049835,1049840,1049882,1049884,1049899,1049986,1050031,1050033,1050044,1050062,1050064,1050078,1050091,1050102,1050140,1050176,1050217,1050219,1050222,1050240,1050251,1050255,1050281,1050313,1050317,1050339,1050383,1050428,1050429,1050445,1050454,1050461,1050465,1050483,1050500,1050513,1050537,1050577,1050595,1050668,1050671,1050672,1050688,1050712,1050742,1050751,1050776,1050791,1050839,1050847,1050898,1050942,1050951,1050963,1050977,1050999,1051113,1051122,1051136,1051200,1051223,1051292,1051305,1051325,1051361,1051385,1051407,1051420,1051471,1051486,1051513,1051516,1051529,1051545,1051546,1051554,1051590,1051650,1051687,1051692,1051712,1051715,1051727,1051779
710:1048670,1048797,1050037,1050505,1050963,1051074,1051524,1051589
726:1048671,1049432,1049467,1049517,1049811,1049870,1049991,1049992,1050089,1050101,1050386,1050463,1050477,1050481,1050505,1050537,1050719,1050741,1050837,1050864,1050945,1050998,1051221,1051262,1051263,1051286,1051293,1051342,1051361,1051396,1051407,1051413,1051491,1051590,1051691,1051706,1051765
742:1048672
758:1048678,1049619,1049641,1050713
774:1048678,1048896,1049170,1049466,1049624,1049742,1049774,1049899,1050099,1050177,1050273,1050302,1050313,1050316,1050513,1050576,1050763,1050807,1051197,1051258,1051259,1051267,1051425,1051471,1051472,1051565,1051640,1051674,1051682,1051715,1051717,1051732,1051741
790:1048679,1048942,1049746,1050510,1050610,1051012
806:1048679,1048878,1049547,1049832
822:1048681,1049170,1050147,1051565
838:1048682,1049330,1049867
854:1048686,1048760,1048826,1049374,1049577,1049578,1049736,1049772,1049879,1049885,1049889,1050091,1050270,1050301,1050344,1050706,1050707,1050710,1051122,1051407,1051499,1051562,1051709
870:1048691
886:1048691,1049160,1050035,1050045,1050888,1051599,1051600,1051601,1051758
902:1048698,1049191,1051387
918:1048698,1048853,1049190,1049578,1050123,1050180,1050864,1050952,1051013,1051262,1051267,1051515,1051608,1051647,1051663
934:1048704,1050379,1050408,1050978
950:1048709,1048778,1048873,1048889,1049078,1049215,1049292,1049367,1049524,1049663,1049672,1049744,1049792,1049854,1049859,1049909,1049961,1049966,1049968,1049978,1049980,1050005,1050030,1050280,1050293,1050445,1050489,1050560,1050593,1050603,1050606,1050744,1050800,1050899,1050906,1051030,1051095,1051181,1051223,1051224,1051277,1051289,1051345,1051409,1051502,1051577,1051612,1051650,1051674,1051706,1051751
966:1048715,1048727,1048933,1048944,1049017,1049029,1049354,1049613,1049894
982:1048719,1048972,1049010,1049294,1049517,1049577,1049600,1049646,1049674,1049720,1049775,1049798,1049869,1049882,1049906,1049925,1050043,1050102,1050106,1050118,1050139,1050164,1050169,1050198,1050222,1050225,1050240,1050266,1050275,1050359,1050428,1050475,1050671,1050729,1050836,1050850,1050889,1050918,1050933,1050943,1051059,1051074,1051090,1051259,1051262,1051263,1051352,1051496,1051506,1051524,1051572,1051578,1051580,1051596,1051608,1051635,1051653,1051656,1051707
998:1048719,1049015,1049106,1049194,1049785,1049809,1049818,1049865,1050030,1050044,1050045,1050046,1050224,1050444,1050454,1050572,1050629,1050715,1050730,1050759,1050828,1050888,1051059,1051206,1051292,1051542,1051571,1051602,1051652,1051658,1051695
1014:1048721,1049194,1049839,1049847,1050339,1050756
1030:1048728,1048829,1048875,1048897,1049273,1049585,1049608,1049618,1049646,1049658,1049735,1049737,1049740,1049747,1049763,1049769,1049811,1049832,1049839,1049856,1049882,1049884,1049934,1049941,1049964,1049985,1050029,1050033,1050039,1050044,1050046,1050061,1050077,1050081,1050094,1050101,1050105,1050118,1050139,1050146,1050164,1050166,1050177,1050178,1050179,1050217,1050222,1050226,1050227,1050239,1050246,1050255,1050270,1050273,1050278,1050286,1050310,1050313,1050321,1050322,1050328,1050402,1050404,1050419,1050436,1050464,1050483,1050487,1050512,1050513,1050514,1050526,1050535,1050549,1050552,1050553,1050577,1050578,1050595,1050610,1050621,1050629,1050658,1050680,1050701,1050726,1050742,1050773,1050776,1050794,1050882,1050895,1050899,1050932,1050933,1050947,1050952,1050954,1050965,1050973,1050999,1051014,1051055,1051060,1051089,1051109,1051110,1051147,1051167,1051169,1051179,1051196,1051197,1051201,1051202,1051204,1051209,1051220,1051227,1051285,1051291,1051292,1051386,1051392,1051408,1051416,1051446,1051448,1051451,1051453,1051462,1051469,1051499,1051516,1051522,1051526,1051534,1051560,1051565,1051586,1051587,1051599,1051600,1051605,1051647,1051662,1051663,1051667,1051702,1051712,1051733
1046:1048739,1048759,1048894,1049423,1049505,1050249,1050420,1050531,1050769,1050779,1050958,1051076,1051346,1051379,1051718,1051779
1062:1048747
1078:1048755
1094:1048760,1049609,1051162,1051257,1051457,1051503,1051563,1051647
1110:1048760,1048907,1049245,1049710,1049723,1049730,1049867,1049959,1049998,1050094,1050178,1050320,1050467,1050504,1050531,1050609,1050640,1050671,1050710,1050716,1050769,1050778,1050860,1050885,1050889,1050950,1051113,1051167,1051209,1051280,1051354,1051501,1051506,1051554,1051629,1051655,1051706,1051723,1051740
1126:1048771,1048847,1049349,1049352,1049355,1049494,1049507,1049508,1049509,1049510,1049511,1049512,1049513,1049652,1049700,1049702,1049748,1050040,1051280
1142:1048777,1048894,1049108,1049739,1049773,1049837,1049925,1050009,1050051,1050115,1050301,1050345,1050356,1050621,1050725,1050756,1050773,1050891,1050941,1051131,1051341,1051494,1051499,1051500,1051598
1158:1048779,1049037,1049194,1049208,1049745,1049798,1049840,1049889,1049910,1049974,1050102,1050165,1050301,1050477,1050629,1050687,1050770,1050790,1050807,1050862,1050945,1050977,1051273,1051369,1051386,1051424,1051707,1051740,1051758
1174:1048783,1049828,1050756
1190:1048795,1048894,1048955,1049265,1049550,1049826,1050900,1050960
1206:1048799
1222:1048808,1048828,1048904,1049662,1049847,1049898,1050044,1050253,1050275,1050322,1050324,1050421,1050759,1050840,1051012,1051045,1051259,1051276,1051280,1051284,1051313,1051426,1051506,1051514,1051515,1051516,1051525,1051532,1051533,1051535,1051547,1051575,1051606,1051675,1051678,1051680,1051703,1051708
1238:1048812
1254:1048816,1049740,1050828
1270:1048817,1050345,1050610,1051204,1051444,1051522
1286:1048818,1049274,1049487,1049647,1050117,1050129,1050164,1050199,1050224,1050553,1050658,1050806,1050916,1051267,1051416,1051451,1051572,1051763
1302:1048820,1048885,1049351,1051603
1318:1048823,1049374,1049517,1049924,1050505,1050771,1051227
1334:1048826,1050632,1050717,1050807,1050908,1050975,1051267,1051622
1350:1048828,1049430,1049621,1049710,1049760,1049865,1049925,1049937,1049979,1050754,1050756,1050764,1050769,1050883,1051090,1051098,1051218,1051281,1051290,1051593,1051598,1051600,1051763
1366:1048830,1048877,1048972,1049730,1050346,1050723,1050870,1050876,1050892,1051578,1051695
1382:1048835,1049118
1398:1048843,1049769,1049810,1049985,1050010,1050115,1050271,1050467,1051110,1051317,1051342,1051457
1414:1048849
1430:1048853,1048972,1049001,1049016,1049108,1049330,1049369,1049444,1049445,1049518,1049589,1049641,1049673,1049686,1049710,1049755,1049763,1049769,1049771,1049774,1049781,1049798,1049812,1049826,1049842,1049919,1049957,1049958,1049986,1050028,1050066,1050073,1050078,1050089,1050102,1050117,1050118,1050161,1050179,1050210,1050219,1050240,1050292,1050300,1050363,1050422,1050476,1050531,1050572,1050594,1050672,1050713,1050730,1050753,1050759,1050762,1050764,1050778,1050784,1050792,1050826,1050839,1050851,1050874,1050880,1050888,1050901,1050976,1050985,1051026,1051062,1051094,1051099,1051129,1051142,1051170,1051172,1051185,1051241,1051272,1051276,1051282,1051287,1051294,1051307,1051346,1051360,1051377,1051380,1051385,1051421,1051439,1051449,1051461,1051465,1051477,1051488,1051493,1051497,1051500,1051513,1051521,1051547,1051559,1051564,1051565,1051571,1051575,1051581,1051600,1051610,1051634,1051641,1051643,1051655,1051683,1051700,1051705,1051732,1051755,1051775
1446:1048856
1462:1048859,1051776
1478:1048860,1048890
1494:1048866
1510:1048873,1048907,1049765,1049952,1049953,1050133,1050210,1050388,1050508,1050815,1050918,1051109,1051140,1051195
1526:1048873,1048910,1048971,1049133,1049429,1049618,1049734,1049941,1050040,1050216,1050688,1050791,1050807,1050949,1051025,1051157,1051200,1051282,1051373,1051431,1051458,1051468,1051512,1051573,1051605,1051628,1051631,1051655,1051669,1051741
1542:1048878,1049191,1049756,1051770
1558:1048884,1049082,1049097,1049102,1049153,1049292,1049351,1049590,1049792,1049793,1049794,1049901,1049906,1050096,1050127,1050207,1050225,1050400,1050499,1050572,1050678,1050679,1050696,1050800,1050829,1050872,1050949,1051064,1051065,1051073,1051129,1051143,1051179,1051229,1051438,1051577,1051581,1051616,1051663,1051718,1051728
1574:1048894,1049170,1049266,1050880,1051383,1051441
1590:1048896,1049067,1049299,1049423,1049600,1049720,1049811,1049882,1049900,1049992,1050203,1050205,1050505,1050685,1050771,1050881,1051010,1051097,1051325,1051381,1051480,1051506,1051703,1051763
1606:1048896
1622:1048897,1048980,1049556,1049840,1049933,1050102,1050165,1050362,1050400,1050490,1050770,1050885,1051156,1051273,1051488,1051497,1051605,1051608,1051754,1051769,1051778
1638:1048902,1049960,1051641
1654:1048907,1049299,1049547,1049607,1049608,1050045,1050275,1051031,1051055,1051118,1051197,1051386,1051395,1051506,1051545,1051739
1670:1048913
1686:1048926,1049221,1049512,1050266,1050316,1050777,1051328,1051486
1702:1048942,1049016,1049241,1049870,1050170,1050292,1050298,1050380,1050397,1050500,1050862,1051098,1051328,1051524
1718:1048950
1734:1048958,1049063,1049960,1050092,1050252,1050281,1050422,1050491,1050572,1050635,1050763,1050805,1050808,1051074,1051094,1051305,1051588,1051717
1750:1048967
1766:1048971,1049108,1049466,1049515,1049624,1049658,1049882,1049965,1049988,1050183,1050217,1050273,1050595,1051029,1051059,1051297,1051346,1051477,1051493,1051511,1051524,1051608,1051628,1051644,1051702,1051707,1051778
1782:1048980,1049588,1049686,1049847,1049956,1049962,1049977,1049998,1050169,1050184,1050282,1050297,1050450,1050491,1050531,1050683,1050719,1050751,1050775,1050808,1050847,1050850,1050858,1050917,1051144,1051426,1051432,1051434,1051502,1051591,1051623,1051660,1051709,1051778
1798:1048984,1049774,1049961,1050187,1050280,1050301,1051089,1051432,1051568,1051583,1051685,1051717
1814:1048990,1048991,1048992,1048993,1048994,1048995,1048996,1048997,1048998,1048999,1049000,1049001,1049002,1049003,1049004,1049005,1049006,1049007,1049008,1049009,1049010,1049011,1049012,1049013,1049014,1049015,1049016,1049017,1049018,1049019,1049020,1049021,1049022,1049023,1049024,1049025,1049026,1049027,1049028,1049029,1049030,1049031,1049032,1049033,1049034,1049035,1049036,1049037,1049038,1049039,1049040,1049041,1049042,1049043,1049044,1049045,1049046,1049047,1049048,1049049,1049050,1049051,1049052,1049053,1049054,1049055,1049056,1049057,1049058,1049059,1049060,1049061,1049062,1049063,1049064,1049065,1049066,1049067,1049068,1049069,1049070,1049071,1049072,1049073,1049074,1049075,1049076,1049077,1049078,1049079,1049080,1049081,1049082,1049083,1049084,1049085,1049086,1049087,1049088,1049089,1049090,1049091,1049092,1049093,1049094,1049095,1049096,1049097,1049098,1049099,1049100,1049101,1049102,1049103,1049104,1049105,1049106,1049107,1049108,1049109,1049110,1049111,1049112,1049113,1049114,1049115,1049116,1049117,1049118,1049119,1049120,1049121,1049122,1049123,1049124,1049125,1049126,1049127,1049128,1049129,1049130,1049132,1049133,1049134,1049135,1049136,1049137,1049138,1049139,1049140,1049141,1049142,1049143,1049144,1049145,1049146,1049147,1049148,1049149,1049150,1049151,1049152,1049153,1049154,1049155,1049156,1049157,1049158,1049159,1049160,1049161,1049162,1049163,1049164,1049165,1049166,1049167,1049168,1049169,1049170,1049171,1049172,1049173,1049174,1049175,1049176,1049177,1049178,1049179,1049180,1049181,1049182,1049183,1049184,1049185,1049186,1049187,1049188,1049189,1049190,1049191,1049192,1049193,1049194,1049195,1049196,1049197,1049198,1049199,1049200,1049201,1049202,1049203,1049204,1049205,1049206,1049207,1049208,1049209,1049210,1049211,1049212,1049213,1049214,1049215,1049216,1049217,1049218,1049219,1049220,1049221,1049222,1049223,1049224,1049225,1049226,1049227,1049228,1049229,1049230,1049231,1049232,1049233,1051601,1051764,1051770,1051772
1830:1048992,1050286
1846:1049001,1049444,1049445
1862:1049007,1049110,1050282,1050366,1050824,1050858,1051500
1878:1049010
1894:1049015,1049641,1049964,1049983,1050127,1050329,1050435,1050460,1050514,1050526,1050535,1050849,1051292,1051309,1051370,1051417,1051421,1051722,1051748
1910:1049016
1926:1049025,1049874,1049981
1942:1049034
1958:1049037,1049299,1049557,1049733,1049996,1050010,1050345,1050436,1050829,1051388,1051417
1974:1049044
1990:1049054
2006:1049058,1049192,1049837,1051061
2022:1049064,1049490,1049673,1049964
2038:1049069
2054:1049076,1049079,1049081,1049082,1049086,1049088
2070:1049101,1049335,1049856
2086:1049106
2102:1049106,1049549,1050003
2118:1049108
2134:1049111,1051360,1051543
2150:1049113,1049114,1049115,1049123,1049124,1049125,1049126
2166:1049133,1049936,1049989,1050226,1050319,1050480,1050499,1050580,1050864,1050947,1051045,1051132,1051270,1051583,1051713,1051727
2182:1049144
2198:1049152
2214:1049160,1051651
2230:1049165,1049166,1050929
2246:1049171,1049250,1049673,1049745,1049748,1049842,1049899,1049990,1050045,1050049,1050060,1050062,1050209,1050385,1050667,1050702,1050751,1050820,1050858,1050876,1051110,1051144,1051283,1051324,1051738,1051741
2262:1049179,1050882,1050915,1051516,1051591,1051635,1051751
2278:1049190,1050100,1050168,1050775,1050842,1051319
2294:1049191
2310:1049192,1050125,1050303
2326:1049194,1049959,1050384,1050632,1050908,1051098,1051284,1051346,1051402,1051500,1051691
2342:1049199
2358:1049207,1050688,1051652
2374:1049213
2390:1049220
2406:1049233,1050667
2422:1049240,1049629
2438:1049245,1050286
2454:1049245,1049623,1049840,1050211,1050523,1050577,1050655,1051244,1051370,1051484,1051507,1051526
2470:1049245
2486:1049249
2502:1049250,1050301
2518:1049252,1049306,1049309,1049436,1049455,1049692,1049775,1049870,1050382
2534:1049261,1049386,1049387,1049736,1050700,1050845,1050928,1051184,1051190,1051268,1051271,1051495,1051566,1051724
2550:1049266
2566:1049270,1050751
2582:1049271
2598:1049273,1049400
2614:1049279,1049280,1049342,1049343,1049462,1049463,1049584,1049761,1049943,1050008,1050523,1050777,1050992,1051246,1051282,1051287,1051379,1051411,1051583,1051593,1051615
2630:1049292,1049978,1050505,1051274
2646:1049298,1049807
2662:1049299,1049924,1050266,1050437,1050536,1050548,1050551,1050577,1050735,1050933,1051122,1051263,1051278,1051317,1051459,1051461,1051709
2678:1049302
2694:1049305
2710:1049312,1051017
2726:1049323
2742:1049333,1050280,1050891,1050893
2758:1049341,1049461,1049594
2774:1049354,1049386,1049387
2790:1049364
2806:1049371,1049669
2822:1049377,1049378,1049501,1049700
2838:1049391,1051073
2854:1049399
2870:1049403,1049623,1050239
2886:1049412,1050150
2902:1049424,1050511
2918:1049429,1049524,1049771,1050000,1050072,1050219,1050359,1050459,1051569,1051589,1051624
2934:1049433,1050125,1050180
2950:1049442,1049760,1049901,1049944,1050013,1050296,1050490,1051185,1051231,1051267,1051271,1051312,1051662,1051726
2966:1049464,1051635
2982:1049469,1049525,1049590,1049924,1050042,1050183,1050210,1050220,1050284,1050668,1050838,1050894,1051028,1051071,1051145,1051181,1051475,1051647,1051660
2998:1049502
3014:1049517,1049998,1050198,1050721,1050764,1051296,1051395,1051472,1051554,1051621
3030:1049524,1049984,1050592,1050640
3046:1049527
3062:1049539,1049736,1049758,1049827,1049909,1049940,1050720,1050828,1051258,1051679
3078:1049542,1049952
3094:1049547
3110:1049548
3126:1049555
3142:1049565,1050037,1050286,1050322,1050467,1050572,1050999,1051263,1051301,1051375,1051433,1051462,1051583
3158:1049572
3174:1049577,1049973,1050082,1050146,1050977,1051142,1051710
3190:1049578,1050807,1050975
3206:1049582,1051652
3222:1049587,1049673,1049822,1050362,1050422,1050636,1050687
3238:1049591
3254:1049598,1049731,1049891,1050602,1051176
3270:1049607
3286:1049609,1050044,1050079,1050419,1050422,1050426,1050558,1050752,1050864,1050938,1051047,1051216,1051364,1051529,1051607,1051685
3302:1049617,1049892
3318:1049621,1051757
3334:1049625
3350:1049634
3366:1049642,1049719,1049902,1050261,1050316,1050466,1050504,1050640,1050700,1050764,1050786,1050858,1050945,1050996,1051326,1051401,1051404,1051488,1051590,1051622,1051718
3382:1049655
3398:1049663
3414:1049673
3430:1049674
3446:1049683
3462:1049687,1050630,1050633,1050764,1050967,1050991,1051080,1051460
3478:1049688
3494:1049692
3510:1049709
3526:1049718
3542:1049720,1050246
3558:1049724
3574:1049730,1050671,1050739,1050790,1050792,1050995,1051707
3590:1049735
3606:1049736,1050672,1050995,1051760
3622:1049741,1049839,1050078,1050222
3638:1049744,1050381
3654:1049746,1049839
3670:1049752
3686:1049755,1051240,1051341,1051430,1051529
3702:1049757
3718:1049764,1049986,1050213,1050291,1050469,1051123,1051124,1051288,1051306,1051374,1051734,1051741
3734:1049769,1050253,1050255,1050346
3750:1049772
3766:1049781
3782:1049790,1050073,1050579,1050829
3798:1049800,1050273,1050301,1050636,1050735,1050898,1051254,1051352,1051605
3814:1049809,1049925,1049974,1050037,1050187,1050188,1050343,1050422,1050481,1050667,1050685,1051120,1051532,1051533,1051579,1051586,1051608,1051669
3830:1049811,1049847,1050166,1050216,1050225,1051497,1051656,1051699,1051727
3846:1049817,1050142
3862:1049828
3878:1049832,1050098,1050162,1050428,1050793,1051298
3894:1049839
3910:1049842,1050449,1050593,1050684,1050781,1051082,1051382
3926:1049848
3942:1049860,1050152,1050786
3958:1049865,1049934,1049939,1050577,1050822,1050864,1050931,1051044,1051072,1051157,1051373,1051387,1051390,1051434,1051442,1051473,1051516,1051723
3974:1049878,1049898,1050044
3990:1049883
4006:1049890,1050002
4022:1049893
4038:1049902,1051061
4054:1049915,1049954,1049972,1051234
4070:1049922,1050049,1050521,1050624,1050704,1051098
4086:1049925,1050313
4102:1049930,1050182,1050373,1050471,1050472,1050473,1050568,1051087
4118:1049939
4134:1049941
4150:1049954
4166:1049957,1050020,1050037,1050301,1050520,1050740,1050807,1050808,1051390,1051703,1051715
4182:1049960
4198:1049963,1050501
4214:1049969
4230:1049973
4246:1049980
4262:1049984,1050242,1050468
4278:1049987
4294:1049990,1050792,1051369,1051708
4310:1049996,1050066,1050536,1050839,1050885,1051197
4326:1050000,1050437,1050507,1051600
4342:1050004
4358:1050008,1050190,1050344,1051167,1051652
4374:1050013
4390:1050019
4406:1050029
4422:1050037,1051401,1051432,1051610,1051628,1051665,1051667
4438:1050043
4454:1050046
4470:1050050,1050313,1050437,1050593,1051641
4486:1050059,1050421,1050725,1050822,1050855,1050931,1051313,1051324,1051352
4502:1050069,1050518
4518:1050079,1050422,1050627,1051090
4534:1050082,1050287
4550:1050090,1050431
4566:1050093
4582:1050098,1050453,1051267
4598:1050104
4614:1050110,1050826,1051617,1051693
4630:1050119
4646:1050125,1050869
4662:1050130,1050333
4678:1050140
4694:1050146,1051643
4710:1050164
4726:1050165,1050295,1051156,1051710
4742:1050169
4758:1050177
4774:1050183,1051462
4790:1050191
4806:1050198,1050576,1051432
4822:1050205,1050386,1051089,1051098,1051588,1051750
4838:1050211
4854:1050216,1050879,1050887,1050891,1050999,1051657
4870:1050224,1050245,1050331
4886:1050229,1050427,1050933,1051599,1051603
4902:1050239
4918:1050245
4934:1050251
4950:1050255
4966:1050261
4982:1050267
4998:1050272
5014:1050275,1050635,1050950,1051403,1051420,1051662,1051756
5030:1050280
5046:1050284
5062:1050286,1050838,1051227,1051384
5078:1050293,1050540
5094:1050300,1051289
5110:1050303,1050499,1050999,1051243,1051437,1051489,1051581
5126:1050310
5142:1050316,1050466
5158:1050322,1051622
5174:1050339
5190:1050342
5206:1050344
5222:1050352,1050425
5238:1050367
5254:1050380,1051195,1051589,1051664
5270:1050386,1050885,1051537
5286:1050399,1051116
5302:1050403,1050450,1050539,1050755,1050794,1050871,1051525
5318:1050414
5334:1050420,1050808
5350:1050429
5366:1050437
5382:1050442
5398:1050452,1050598,1050803,1050855,1050951,1051057,1051075,1051315,1051426,1051440,1051495
5414:1050460,1051468,1051603,1051774
5430:1050465
5446:1050480,1051205
5462:1050486,1050514,1050965,1051616,1051671
5478:1050494,1050555,1050693
5494:1050504,1050952,1051613
5510:1050512
5526:1050523
5542:1050534
5558:1050544,1051254
5574:1050551,1050715,1050778,1050833,1051012,1051292,1051325
5590:1050559,1050844
5606:1050570
5622:1050577
5638:1050586
5654:1050593,1051272,1051376
5670:1050601
5686:1050610
5702:1050623
5718:1050629
5734:1050635
5750:1050642,1051509
5766:1050655
5782:1050666
5798:1050671
5814:1050679
5830:1050687
5846:1050703
5862:1050712,1051134,1051630
5878:1050720
5894:1050723
5910:1050728
5926:1050739
5942:1050748,1050749
5958:1050755
5974:1050762
5990:1050771,1050917,1051057,1051608
6006:1050776
6022:1050780,1051049
6038:1050790
6054:1050799,1051238,1051264,1051587
6070:1050808
6086:1050808,1051627
6102:1050808
6118:1050812
6134:1050820
6150:1050830,1050958
6166:1050843
6182:1050853,1051030,1051464,1051543,1051617,1051671,1051738
6198:1050864,1051457,1051740
6214:1050875
6230:1050876
6246:1050880
6262:1050883
6278:1050893
6294:1050903,1050973
6310:1050914
6326:1050919
6342:1050928
6358:1050939
6374:1050948
6390:1050958
6406:1050971
6422:1050976
6438:1050984
6454:1050995
6470:1051002,1051022,1051268,1051271,1051404
6486:1051009
6502:1051015
6518:1051025,1051097
6534:1051031
6550:1051040,1051214,1051215,1051269,1051337
6566:1051046,1051058
6582:1051056
6598:1051058
6614:1051065
6630:1051072
6646:1051078
6662:1051091
6678:1051100,1051131
6694:1051111,1051600,1051702
6710:1051117
6726:1051128
6742:1051140
6758:1051147
6774:1051162
6790:1051168
6806:1051176,1051632
6822:1051185
6838:1051195,1051690
6854:1051198
6870:1051206
6886:1051213
6902:1051225
6918:1051240
6934:1051252
6950:1051257
6966:1051272
6982:1051277,1051593,1051632,1051685
6998:1051284
7014:1051289
7030:1051296
7046:1051298,1051429
7062:1051305
7078:1051315
7094:1051321
7110:1051331
7126:1051345
7142:1051355
7158:1051363
7174:1051373
7190:1051385
7206:1051390
7222:1051398,1051597
7238:1051404
7254:1051414,1051464,1051543,1051584,1051617,1051671,1051738
7270:1051424,1051607
7286:1051434
7302:1051448
7318:1051457
7334:1051466
7350:1051470
7366:1051477
7382:1051486,1051591
7398:1051493
7414:1051498
7430:1051502,1051612
7446:1051511,1051626
7462:1051519,1051644
7478:1051528
7494:1051543
7510:1051554
7526:1051564
7542:1051572,1051726
7558:1051579
7574:1051587
7590:1051593
7606:1051596
7622:1051602
7638:1051609
7654:1051617
7670:1051626
7686:1051636
7702:1051646
7718:1051653
7734:1051661
7750:1051665
7766:1051672
7782:1051679
7798:1051690
7814:1051696
7830:1051704
7846:1051711
7862:1051719
7878:1051728
7894:1051736
7910:1051741
7926:1051754
7942:1051758
7958:1051766
7974:1051774
